18000	Черкаси	Cherkaska	Cherkaska	49.4285	32.0621
18001	Черкаси	Cherkaska	Cherkaska	49.4285	32.0621
18002	Черкаси	Cherkaska	Cherkaska	49.4285	32.0621
18003	Черкаси	Cherkaska	Cherkaska	49.4285	32.0621
18005	Черкаси	Cherkaska	Cherkaska	49.4285	32.0621
18006	Черкаси	Cherkaska	Cherkaska	49.4285	32.0621
18007	Черкаси	Cherkaska	Cherkaska	49.4285	32.0621
18008	Черкаси	Cherkaska	Cherkaska	49.4285	32.0621
18009	Черкаси	Cherkaska	Cherkaska	49.4285	32.0621
18014	Черкаси	Cherkaska	Cherkaska	49.4285	32.0621
18015	Черкаси	Cherkaska	Cherkaska	49.4285	32.0621
18018	Черкаси	Cherkaska	Cherkaska	49.4285	32.0621
18020	Черкаси	Cherkaska	Cherkaska	49.4285	32.0621
18021	Черкаси	Cherkaska	Cherkaska	49.4285	32.0621
18023	Черкаси	Cherkaska	Cherkaska	49.4285	32.0621
18024	Черкаси	Cherkaska	Cherkaska	49.4285	32.0621
18028	Черкаси	Cherkaska	Cherkaska	49.4285	32.0621
18029	Черкаси	Cherkaska	Cherkaska	49.4285	32.0621
18030	Черкаси	Cherkaska	Cherkaska	49.4285	32.0621
18031	Черкаси	Cherkaska	Cherkaska	49.4285	32.0621
18032	Черкаси	Cherkaska	Cherkaska	49.4285	32.0621
18034	Черкаси	Cherkaska	Cherkaska	49.4285	32.0621
18035	Черкаси	Cherkaska	Cherkaska	49.4285	32.0621
18036	Черкаси	Cherkaska	Cherkaska	49.4285	32.0621
19001	Канів	Cherkaska	Kanivskyi	49.7518	31.46
19003	Канів	Cherkaska	Kanivskyi	49.7518	31.46
19010	Григорівка	Cherkaska	Kanivskyi	49.6189	32.4579
19011	Пшеничники	Cherkaska	Kanivskyi	49.8657	31.3683
19012	Трощин	Cherkaska	Kanivskyi	50.0589	30.6534
19013	Потапці	Cherkaska	Kanivskyi	50.0589	30.6534
19014	Бобриця	Cherkaska	Kanivskyi	50.6922	28.1339
19015	Грищинці	Cherkaska	Kanivskyi	50.0589	30.6534
19016	Козарівка	Cherkaska	Kanivskyi	50.0589	30.6534
19017	Бересняги	Cherkaska	Kanivskyi	50.0589	30.6534
19018	Черниші	Cherkaska	Kanivskyi	50.0589	30.6534
19019	Луковиця	Cherkaska	Kanivskyi	50.0589	30.6534
19020	Ліпляве	Cherkaska	Kanivskyi	49.3568	32.9028
19021	Озерище	Cherkaska	Kanivskyi	49.3568	32.9028
19022	Келеберда	Cherkaska	Kanivskyi	49.753	31.5621
19023	Прохорівка	Cherkaska	Kanivskyi	47.5274	37.6708
19024	Сушки	Cherkaska	Kanivskyi	49.1077	33.9308
19025	Пекарі	Cherkaska	Kanivskyi	49.7028	31.5525
19026	Хмільна	Cherkaska	Kanivskyi	50.4912	30.0365
19027	Михайлівка	Cherkaska	Kanivskyi	49.5588	32.6643
19028	Трахтемирів	Cherkaska	Kanivskyi	49.3568	32.9028
19029	Лазірці	Cherkaska	Kanivskyi	49.3568	32.9028
19030	Литвинець	Cherkaska	Kanivskyi	49.9049	30.9666
19031	Степанці	Cherkaska	Kanivskyi	49.9049	30.9666
19032	Яблунів	Cherkaska	Kanivskyi	49.9049	30.9666
19033	Малий Ржавець	Cherkaska	Kanivskyi	49.9049	30.9666
19034	Кононча	Cherkaska	Kanivskyi	49.6489	31.4666
19035	Межиріч	Cherkaska	Kanivskyi	49.6187	31.42
19036	Бабичі	Cherkaska	Kanivskyi	49.6383	31.3889
19037	Глинча	Cherkaska	Kanivskyi	49.8428	31.3843
19038	Курилівка	Cherkaska	Kanivskyi	49.9049	30.9666
19039	Гамарня	Cherkaska	Kanivskyi	50.7758	29.1732
19040	Копіювата	Cherkaska	Kanivskyi	50.7957	31.8479
19041	Мартинівка	Cherkaska	Kanivskyi	50.9985	32.6174
19042	Беркозівка	Cherkaska	Kanivskyi	50.7957	31.8479
19043	Мельники	Cherkaska	Kanivskyi	50.7957	31.8479
19044	Павлівка	Cherkaska	Kanivskyi	51.6406	30.8981
19045	Голяки	Cherkaska	Kanivskyi	50.7957	31.8479
19046	Бучак	Cherkaska	Kanivskyi	49.8675	31.4336
19047	Дарівка	Cherkaska	Kanivskyi	50.7957	31.8479
19048	Ковалі	Cherkaska	Kanivskyi	49.7524	31.3147
19049	Іваньків	Cherkaska	Kanivskyi	51.7194	32.9758
19050	Горобіївка	Cherkaska	Kanivskyi	50.2899	29.8952
19051	Буда Горобіївська	Cherkaska	Kanivskyi	50.2603	31.5037
19052	Таганча	Cherkaska	Kanivskyi	49.5675	31.2643
19053	Поташня	Cherkaska	Kanivskyi	50.3837	29.3047
19054	Синявка	Cherkaska	Kanivskyi	51.6108	32.0107
19055	Степанецьке	Cherkaska	Kanivskyi	50.2603	31.5037
19056	Тростянець	Cherkaska	Kanivskyi	50.4848	34.9657
19057	Пищальники	Cherkaska	Kanivskyi	50.2603	31.5037
19058	Орловець	Cherkaska	Kanivskyi	49.2253	31.5818
19059	Ключники	Cherkaska	Kanivskyi	50.2603	31.5037
19060	Попівка	Cherkaska	Kanivskyi	49.3646	35.5396
19061	Райок	Cherkaska	Kanivskyi	49.7767	32.5725
19062	Полствин	Cherkaska	Kanivskyi	49.6585	31.3523
19063	Лізки	Cherkaska	Kanivskyi	49.2361	33.1875
19064	Лука	Cherkaska	Kanivskyi	49.7767	32.5725
19065	Новоукраїнка	Cherkaska	Kanivskyi	49.5909	32.4719
19066	Студенець	Cherkaska	Kanivskyi	49.7767	32.5725
19067	Пилява	Cherkaska	Kanivskyi	51.0335	30.311
19068	Копіювате	Cherkaska	Kanivskyi	49.7767	32.5725
19069	Хутір Хмільна	Cherkaska	Kanivskyi	49.7767	32.5725
19101	Монастирище	Cherkaska	Monastyryshchenskyi	48.9909	29.8047
19110	Лукашівка	Cherkaska	Monastyryshchenskyi	49.1612	29.7526
19111	Івахни	Cherkaska	Monastyryshchenskyi	49.1588	30.1538
19112	Долинка	Cherkaska	Monastyryshchenskyi	49.1588	30.1538
19113	Княжа Криниця	Cherkaska	Monastyryshchenskyi	49.1588	30.1538
19114	Цибулів	Cherkaska	Monastyryshchenskyi	49.0791	29.8473
19117	Забіляни	Cherkaska	Monastyryshchenskyi	48.6381	28.5599
19118	Кудинів Ліс	Cherkaska	Monastyryshchenskyi	49.1588	30.1538
19119	Тарасівка	Cherkaska	Monastyryshchenskyi	49.7567	32.4556
19120	Шарнопіль	Cherkaska	Monastyryshchenskyi	49.2857	29.6773
19121	Зарубинці	Cherkaska	Monastyryshchenskyi	50.0385	29.13
19122	Княжики	Cherkaska	Monastyryshchenskyi	49.2857	29.6773
19123	Владиславчик	Cherkaska	Monastyryshchenskyi	49.0761	29.9561
19124	Зюбриха	Cherkaska	Monastyryshchenskyi	49.2857	29.6773
19125	Новосілка	Cherkaska	Monastyryshchenskyi	49.2857	29.6773
19126	Нове Місто	Cherkaska	Monastyryshchenskyi	48.9811	29.8281
19127	Антоніна	Cherkaska	Monastyryshchenskyi	49.0472	29.7949
19130	Коритня	Cherkaska	Monastyryshchenskyi	49.1347	30.1738
19131	Бубельня	Cherkaska	Monastyryshchenskyi	49.1347	30.1738
19132	Шабастівка	Cherkaska	Monastyryshchenskyi	49.0536	29.732
19133	Сатанівка	Cherkaska	Monastyryshchenskyi	49.1347	30.1738
19134	Тарнава	Cherkaska	Monastyryshchenskyi	48.9556	29.6836
19135	Терлиця	Cherkaska	Monastyryshchenskyi	49.1347	30.1738
19136	Халаїдове	Cherkaska	Monastyryshchenskyi	49.1347	30.1738
19137	Вільна	Cherkaska	Monastyryshchenskyi	49.0321	29.7084
19138	Дібрівка	Cherkaska	Monastyryshchenskyi	49.6399	32.0312
19139	Покровка	Cherkaska	Monastyryshchenskyi	48.9926	29.7141
19140	Копіювата	Cherkaska	Monastyryshchenskyi	49.0171	29.947
19141	Теолин	Cherkaska	Monastyryshchenskyi	49.0171	29.947
19142	Леськове	Cherkaska	Monastyryshchenskyi	49.0171	29.947
19143	Матвіїха	Cherkaska	Monastyryshchenskyi	49.0171	29.947
19150	Панський Міст	Cherkaska	Monastyryshchenskyi	48.4861	34.2492
19151	Хейлове	Cherkaska	Monastyryshchenskyi	48.4861	34.2492
19152	Степівка	Cherkaska	Monastyryshchenskyi	49.2088	33.6464
19153	Бачкурине	Cherkaska	Monastyryshchenskyi	48.4861	34.2492
19154	Сарни	Cherkaska	Monastyryshchenskyi	48.4861	34.2492
19155	Попудня	Cherkaska	Monastyryshchenskyi	48.4861	34.2492
19156	Володимирівка	Cherkaska	Monastyryshchenskyi	47.7634	34.8521
19161	Аврамівка	Cherkaska	Monastyryshchenskyi	48.187	35.8537
19162	Летичівка	Cherkaska	Monastyryshchenskyi	48.187	35.8537
19163	Половинчик	Cherkaska	Monastyryshchenskyi	48.187	35.8537
19201	Жашків	Cherkaska	Zhashkivskyi	49.2454	30.1102
19202	Жашків	Cherkaska	Zhashkivskyi	49.2454	30.1102
19209	Литвинівка	Cherkaska	Zhashkivskyi	49.2454	30.1102
19210	Скибин	Cherkaska	Zhashkivskyi	49.2367	29.9607
19211	Тихий Хутір	Cherkaska	Zhashkivskyi	49.2367	29.9607
19212	Олександрівка	Cherkaska	Zhashkivskyi	49.2367	29.9607
19213	Леміщиха	Cherkaska	Zhashkivskyi	49.2367	29.9607
19214	Тетерівка	Cherkaska	Zhashkivskyi	49.2367	29.9607
19215	Кривчунка	Cherkaska	Zhashkivskyi	49.2367	29.9607
19220	Тинівка	Cherkaska	Zhashkivskyi	49.8736	30.0785
19221	Павлівка	Cherkaska	Zhashkivskyi	51.6406	30.8981
19222	Баштечки	Cherkaska	Zhashkivskyi	49.2443	30.3177
19223	Нагірна (Нагірнянська сільська рада)	Cherkaska	Zhashkivskyi	49.8736	30.0785
19224	Побійна	Cherkaska	Zhashkivskyi	49.8736	30.0785
19225	Червоний Кут	Cherkaska	Zhashkivskyi	49.1459	30.3235
19226	Нова Гребля	Cherkaska	Zhashkivskyi	49.4635	28.7747
19229	Костянтинівка (Нагірнянська сільська рада)	Cherkaska	Zhashkivskyi	49.8736	30.0785
19230	Сорокотяга	Cherkaska	Zhashkivskyi	49.1069	30.199
19231	Сабадаш	Cherkaska	Zhashkivskyi	49.1069	30.199
19232	Марійка	Cherkaska	Zhashkivskyi	49.1069	30.199
19233	Охматів	Cherkaska	Zhashkivskyi	49.1069	30.199
19234	Вороне	Cherkaska	Zhashkivskyi	49.1069	30.199
19235	Зелений Ріг	Cherkaska	Zhashkivskyi	49.1069	30.1274
19236	Хижня	Cherkaska	Zhashkivskyi	49.107	30.2706
19237	Одай (Хижнянська сільська рада)	Cherkaska	Zhashkivskyi	49.1069	30.199
19240	Житники	Cherkaska	Zhashkivskyi	49.202	30.0287
19241	Пугачівка	Cherkaska	Zhashkivskyi	49.1836	29.9492
19242	Шуляки	Cherkaska	Zhashkivskyi	51.0118	31.1238
19243	Бузівка	Cherkaska	Zhashkivskyi	49.5452	30.2546
19244	Адамівка (Шуляківська сільська рада)	Cherkaska	Zhashkivskyi	49.5452	30.2546
19245	Вільшанка	Cherkaska	Zhashkivskyi	48.7833	29.9167
19250	Острожани	Cherkaska	Zhashkivskyi	49.054	30.1176
19251	Конела	Cherkaska	Zhashkivskyi	49.0766	30.1075
19252	Конельські Хутори	Cherkaska	Zhashkivskyi	49.054	30.1176
19253	Соколівка	Cherkaska	Zhashkivskyi	49.0314	30.1278
19254	Конельська Попівка	Cherkaska	Zhashkivskyi	49.054	30.1176
19255	Безпечна (Безпечнівська сільська  рада)	Cherkaska	Zhashkivskyi	49.054	30.1176
19256	Медувата (Конельсько-Хутірська сільська рада)	Cherkaska	Zhashkivskyi	49.054	30.1176
19297	Королівка	Cherkaska	Zhashkivskyi	49.4483	30.1431
19301	Лисянка	Cherkaska	Lysianskyi	49.2523	30.8295
19310	Чаплинка	Cherkaska	Lysianskyi	48.7316	34.7801
19311	Боярка	Cherkaska	Lysianskyi	50.3191	30.2973
19312	Федюківка	Cherkaska	Lysianskyi	49.9659	30.8195
19313	Петрівка-Попівка	Cherkaska	Lysianskyi	49.9659	30.8195
19314	Вотилівка	Cherkaska	Lysianskyi	49.9659	30.8195
19315	Семенівка	Cherkaska	Lysianskyi	52.1783	32.5818
19316	Погибляк	Cherkaska	Lysianskyi	49.9659	30.8195
19317	Дубина	Cherkaska	Lysianskyi	48.8489	28.3129
19318	Чеснівка	Cherkaska	Lysianskyi	49.7517	28.1256
19319	Петрівська Гута	Cherkaska	Lysianskyi	49.9659	30.8195
19320	Хижинці	Cherkaska	Lysianskyi	50.0197	27.9705
19321	Журжинці	Cherkaska	Lysianskyi	49.524	30.7002
19322	Почапинці	Cherkaska	Lysianskyi	49.524	30.7002
19323	Будище	Cherkaska	Lysianskyi	49.5245	31.8057
19324	Шестеринці	Cherkaska	Lysianskyi	49.524	30.7002
19325	Смільчинці	Cherkaska	Lysianskyi	49.524	30.7002
19326	Дібрівка	Cherkaska	Lysianskyi	49.6399	32.0312
19327	Верещаки	Cherkaska	Lysianskyi	49.524	30.7002
19328	Ганжалівка	Cherkaska	Lysianskyi	49.2095	30.8445
19329	Орли	Cherkaska	Lysianskyi	49.2266	30.849
19330	Дашуківка	Cherkaska	Lysianskyi	50.4384	32.4388
19331	Кам'яний Брід	Cherkaska	Lysianskyi	50.4384	32.4388
19332	Ріпки	Cherkaska	Lysianskyi	51.801	31.0838
19333	Бужанка	Cherkaska	Lysianskyi	49.2409	30.7317
19334	Жаб'янка	Cherkaska	Lysianskyi	50.4384	32.4388
19335	Яблунівка	Cherkaska	Lysianskyi	50.4648	32.1829
19336	Шушківка	Cherkaska	Lysianskyi	50.4384	32.4388
19337	Писарівка	Cherkaska	Lysianskyi	50.247	35.7569
19339	Товсті Роги	Cherkaska	Lysianskyi	50.4384	32.4388
19340	Виноград	Cherkaska	Lysianskyi	49.2403	30.5476
19341	Босівка	Cherkaska	Lysianskyi	48.9333	29.9833
19342	Шубині Стави	Cherkaska	Lysianskyi	49.0978	30.8697
19343	Рубаний Міст	Cherkaska	Lysianskyi	49.0978	30.8697
19344	Мар'янівка	Cherkaska	Lysianskyi	49.0978	30.8697
19345	Кучківка	Cherkaska	Lysianskyi	49.0978	30.8697
19346	Михайлівка	Cherkaska	Lysianskyi	49.1198	32.0783
19347	Розкошівка	Cherkaska	Lysianskyi	49.0978	30.8697
19348	Тихонівка	Cherkaska	Lysianskyi	49.0978	30.8697
19402	Корсунь-Шевченківський	Cherkaska	Korsun-Shevchenkivskyi	49.4189	31.2587
19408	Зелена Діброва	Cherkaska	Korsun-Shevchenkivskyi	50.5667	28.0667
19409	Гарбузин	Cherkaska	Korsun-Shevchenkivskyi	50.883	31.0721
19410	Пішки	Cherkaska	Korsun-Shevchenkivskyi	49.7761	27.675
19411	Нехворощ	Cherkaska	Korsun-Shevchenkivskyi	49.9663	28.969
19412	Берлютине	Cherkaska	Korsun-Shevchenkivskyi	49.8332	31.8401
19413	Ситники	Cherkaska	Korsun-Shevchenkivskyi	49.4882	31.1572
19414	Кичинці	Cherkaska	Korsun-Shevchenkivskyi	49.8332	31.8401
19415	Сотники	Cherkaska	Korsun-Shevchenkivskyi	50.1853	36.1217
19416	Виграїв	Cherkaska	Korsun-Shevchenkivskyi	49.8332	31.8401
19417	Мирошниківка	Cherkaska	Korsun-Shevchenkivskyi	49.7501	35.2774
19418	Прутильці	Cherkaska	Korsun-Shevchenkivskyi	49.8332	31.8401
19419	Буда Бровахівська	Cherkaska	Korsun-Shevchenkivskyi	49.8332	31.8401
19420	Бровахи	Cherkaska	Korsun-Shevchenkivskyi	49.5126	31.37
19421	Корнилівка	Cherkaska	Korsun-Shevchenkivskyi	49.6453	30.5626
19422	Нетеребка	Cherkaska	Korsun-Shevchenkivskyi	49.4734	31.449
19424	Сахнівка	Cherkaska	Korsun-Shevchenkivskyi	49.6453	30.5626
19425	Набутів	Cherkaska	Korsun-Shevchenkivskyi	49.6453	30.5626
19426	Драбівка	Cherkaska	Korsun-Shevchenkivskyi	49.6453	30.5626
19427	Сахнівське	Cherkaska	Korsun-Shevchenkivskyi	49.6453	30.5626
19428	Червоне	Cherkaska	Korsun-Shevchenkivskyi	49.9497	28.8687
19430	Деренковець	Cherkaska	Korsun-Shevchenkivskyi	49.4034	31.3891
19431	Черепин	Cherkaska	Korsun-Shevchenkivskyi	49.4034	31.3891
19432	Кошмак	Cherkaska	Korsun-Shevchenkivskyi	49.4034	31.3891
19433	Завадівка	Cherkaska	Korsun-Shevchenkivskyi	49.4034	31.3891
19434	Петрушки	Cherkaska	Korsun-Shevchenkivskyi	49.4034	31.3891
19435	Листвина	Cherkaska	Korsun-Shevchenkivskyi	49.4034	31.3891
19437	Вільхівчик	Cherkaska	Korsun-Shevchenkivskyi	49.4034	31.3891
19438	Глушки	Cherkaska	Korsun-Shevchenkivskyi	49.4034	31.3891
19439	Гута -Селицька	Cherkaska	Korsun-Shevchenkivskyi	49.4034	31.3891
19440	Переможинці	Cherkaska	Korsun-Shevchenkivskyi	49.8615	33.0605
19441	Дацьки	Cherkaska	Korsun-Shevchenkivskyi	49.9822	28.2036
19442	Яблунівка	Cherkaska	Korsun-Shevchenkivskyi	50.4648	32.1829
19443	Селище	Cherkaska	Korsun-Shevchenkivskyi	49.326	31.1475
19446	Квітки	Cherkaska	Korsun-Shevchenkivskyi	49.3138	31.2441
19447	Сухини	Cherkaska	Korsun-Shevchenkivskyi	50.066	35.6077
19448	Миропілля	Cherkaska	Korsun-Shevchenkivskyi	51.023	35.2623
19449	Миколаївка	Cherkaska	Korsun-Shevchenkivskyi	48.8543	37.7751
19450	Заріччя	Cherkaska	Korsun-Shevchenkivskyi	49.2492	31.0076
19451	Стеблів	Cherkaska	Korsun-Shevchenkivskyi	49.2492	31.0076
19452	Сидорівка	Cherkaska	Korsun-Shevchenkivskyi	49.2492	31.0076
19453	Шендерівка	Cherkaska	Korsun-Shevchenkivskyi	49.2492	31.0076
19454	Нова Буда	Cherkaska	Korsun-Shevchenkivskyi	49.2492	31.0076
19455	Комарівка	Cherkaska	Korsun-Shevchenkivskyi	49.2492	31.0076
19456	Гута - Стеблівська	Cherkaska	Korsun-Shevchenkivskyi	49.2492	31.0076
19457	Моринці	Cherkaska	Korsun-Shevchenkivskyi	49.2492	31.0076
19458	Паськів	Cherkaska	Korsun-Shevchenkivskyi	49.2492	31.0076
19459	Саморідня	Cherkaska	Korsun-Shevchenkivskyi	49.2492	31.0076
19460	Склименці	Cherkaska	Korsun-Shevchenkivskyi	49.4464	30.7326
19461	Скрипчинці	Cherkaska	Korsun-Shevchenkivskyi	49.4464	30.7326
19462	Хильки	Cherkaska	Korsun-Shevchenkivskyi	49.3345	30.9725
19463	Карашина	Cherkaska	Korsun-Shevchenkivskyi	49.4464	30.7326
19464	Хлерівка	Cherkaska	Korsun-Shevchenkivskyi	49.4464	30.7326
19465	Тараща	Cherkaska	Korsun-Shevchenkivskyi	49.5583	30.4926
19501	Городище	Cherkaska	Horodyshchenskyi	49.2849	31.4451
19502	Городище	Cherkaska	Horodyshchenskyi	49.2849	31.4451
19508	Набоків (Городищенська міська рада)	Cherkaska	Horodyshchenskyi	49.2708	31.4469
19509	Дирдин	Cherkaska	Horodyshchenskyi	49.2428	31.4504
19510	Старосілля	Cherkaska	Horodyshchenskyi	49.3396	30.054
19511	Мліїв	Cherkaska	Horodyshchenskyi	49.3396	30.054
19512	Мліїв	Cherkaska	Horodyshchenskyi	49.3396	30.054
19513	Дмитрове (Воронівська сільська  рада)	Cherkaska	Horodyshchenskyi	49.3396	30.054
19514	Будо-Орловецька	Cherkaska	Horodyshchenskyi	49.3396	30.054
19515	Орловець	Cherkaska	Horodyshchenskyi	49.2253	31.5818
19516	Ксаверове	Cherkaska	Horodyshchenskyi	49.3396	30.054
19517	Калинівка	Cherkaska	Horodyshchenskyi	49.4539	28.5261
19518	Ільченкове	Cherkaska	Horodyshchenskyi	49.3396	30.054
19519	Кличкове	Cherkaska	Horodyshchenskyi	49.3396	30.054
19520	Валява	Cherkaska	Horodyshchenskyi	50.4231	33.4849
19521	Журавка	Cherkaska	Horodyshchenskyi	49.2836	31.1848
19522	Петрики	Cherkaska	Horodyshchenskyi	51.7228	30.8246
19523	Вільшана	Cherkaska	Horodyshchenskyi	49.7844	37.792
19525	Товста	Cherkaska	Horodyshchenskyi	50.9017	34.1383
19526	Зелена Діброва	Cherkaska	Horodyshchenskyi	50.4231	33.4849
19527	Кудинівка (Петриківська сільська  рада)	Cherkaska	Horodyshchenskyi	50.4231	33.4849
19529	Моргунове (Петриківська сільська  рада)	Cherkaska	Horodyshchenskyi	50.4231	33.4849
19530	Петропавлівка	Cherkaska	Horodyshchenskyi	47.9892	34.9712
19531	Вербівка	Cherkaska	Horodyshchenskyi	49.4862	36.8279
19532	Воронівка	Cherkaska	Horodyshchenskyi	48.2611	35.2169
19533	Хлистунівка	Cherkaska	Horodyshchenskyi	48.7222	34.6383
19534	В'язівок	Cherkaska	Horodyshchenskyi	48.7222	34.6383
19536	Хрестівка (Вільшанська сільська рада)	Cherkaska	Horodyshchenskyi	48.7222	34.6383
19537	Цвіткове	Cherkaska	Horodyshchenskyi	49.1523	31.5374
19538	Сагайдачне	Cherkaska	Horodyshchenskyi	48.7222	34.6383
19539	Сегединці (Петриківська сільська  рада)	Cherkaska	Horodyshchenskyi	48.7222	34.6383
19540	Стадниця (Товстівська сільська  рада)	Cherkaska	Horodyshchenskyi	49.4672	32.8417
19542	Тихі Верби (Журавська  сільська  рада)	Cherkaska	Horodyshchenskyi	49.4672	32.8417
19543	Трихуторівка (Петриківська сільська  рада)	Cherkaska	Horodyshchenskyi	49.4672	32.8417
19601	Геронимівка	Cherkaska	Cherkaskyi	49.3931	32.0333
19602	Руська Поляна	Cherkaska	Cherkaskyi	49.417	31.9201
19603	Хутори	Cherkaska	Cherkaskyi	49.3833	32.0333
19604	Червона Слобода	Cherkaska	Cherkaskyi	49.3789	32.1464
19605	Оршанець	Cherkaska	Cherkaskyi	49.3931	32.0333
19607	Станіславчик	Cherkaska	Cherkaskyi	49.3931	32.0333
19608	Хрещатик	Cherkaska	Cherkaskyi	49.3931	32.0333
19610	Софіївка	Cherkaska	Cherkaskyi	48.0487	33.8762
19611	Тубільці	Cherkaska	Cherkaskyi	48.899	32.5276
19612	Березняки	Cherkaska	Cherkaskyi	49.1335	31.959
19613	Первомайськ	Cherkaska	Cherkaskyi	48.899	32.5276
19614	Кумейки	Cherkaska	Cherkaskyi	48.899	32.5276
19615	Мошни	Cherkaska	Cherkaskyi	49.5147	31.7476
19616	Яснозір'я	Cherkaska	Cherkaskyi	48.899	32.5276
19617	Байбузи	Cherkaska	Cherkaskyi	48.899	32.5276
19618	Гута Межирицька	Cherkaska	Cherkaskyi	48.899	32.5276
19619	Гута Станіславчицька	Cherkaska	Cherkaskyi	48.899	32.5276
19620	Будище	Cherkaska	Cherkaskyi	49.5245	31.8057
19621	Лозівок	Cherkaska	Cherkaskyi	48.8167	32.8945
19622	Свидівок	Cherkaska	Cherkaskyi	49.5166	31.9047
19624	Сокирна	Cherkaska	Cherkaskyi	47.8488	30.8784
19625	Закревка	Cherkaska	Cherkaskyi	48.8167	32.8945
19626	Новоселівка	Cherkaska	Cherkaskyi	48.5748	35.2419
19627	Єлизаветівка	Cherkaska	Cherkaskyi	48.619	34.6415
19630	Ірдинь	Cherkaska	Cherkaskyi	49.8366	32.945
19631	Дубіївка	Cherkaska	Cherkaskyi	49.8366	32.945
19632	Степанки	Cherkaska	Cherkaskyi	49.3211	31.9884
19633	Бузуків	Cherkaska	Cherkaskyi	49.3126	32.0207
19634	Хацьки	Cherkaska	Cherkaskyi	49.8366	32.945
19635	Білозір'я	Cherkaska	Cherkaskyi	49.8366	32.945
19636	Баси	Cherkaska	Cherkaskyi	50.8762	34.8258
19640	Леськи	Cherkaska	Cherkaskyi	49.3299	32.2221
19641	Вергуни	Cherkaska	Cherkaskyi	49.3134	32.087
19642	Нечаївка	Cherkaska	Cherkaskyi	49.2752	32.1488
19643	Худяки	Cherkaska	Cherkaskyi	49.3082	32.282
19644	Сагунівка	Cherkaska	Cherkaskyi	49.2892	32.3651
19645	Думанці	Cherkaska	Cherkaskyi	49.2784	32.2308
19646	Чорнявка	Cherkaska	Cherkaskyi	49.2533	32.2815
19648	Чубівка	Cherkaska	Cherkaskyi	49.2361	32.2046
19661	Шелепухи	Cherkaska	Cherkaskyi	49.576	31.6076
19701	Золотоноша	Cherkaska	Zolotoniskyi	49.6683	32.0405
19702	Золотоноша	Cherkaska	Zolotoniskyi	49.6683	32.0405
19709	Шкодунівка	Cherkaska	Zolotoniskyi	49.6683	32.0405
19710	Богдани	Cherkaska	Zolotoniskyi	51.0305	30.2524
19711	Каленики	Cherkaska	Zolotoniskyi	49.8646	31.8394
19712	Броварки	Cherkaska	Zolotoniskyi	49.381	32.9717
19713	Підставки	Cherkaska	Zolotoniskyi	50.5216	34.0557
19714	Плешкані	Cherkaska	Zolotoniskyi	50.0814	32.2513
19715	Гельмязів	Cherkaska	Zolotoniskyi	50.0814	32.2513
19716	Ковтунівка	Cherkaska	Zolotoniskyi	50.0134	32.2667
19717	Гришківка	Cherkaska	Zolotoniskyi	49.6771	32.1216
19718	Гладківщина	Cherkaska	Zolotoniskyi	50.0814	32.2513
19719	Коврай Другий	Cherkaska	Zolotoniskyi	50.0814	32.2513
19720	Гладківщина	Cherkaska	Zolotoniskyi	49.5003	32.3303
19721	Софіївка	Cherkaska	Zolotoniskyi	48.0487	33.8762
19722	Коврай	Cherkaska	Zolotoniskyi	49.8126	31.9343
19723	Піщане	Cherkaska	Zolotoniskyi	49.5003	32.3303
19724	Коврайські Хутори	Cherkaska	Zolotoniskyi	49.5003	32.3303
19725	Подільське	Cherkaska	Zolotoniskyi	49.7445	31.9706
19727	Сеньківці	Cherkaska	Zolotoniskyi	49.7656	32.0411
19728	Львівка	Cherkaska	Zolotoniskyi	49.8345	32.1001
19729	Маркизівка	Cherkaska	Zolotoniskyi	49.7957	32.0597
19730	Скориківка	Cherkaska	Zolotoniskyi	49.815	32.0851
19731	Драбівці	Cherkaska	Zolotoniskyi	49.7804	32.0343
19732	Ковтуни	Cherkaska	Zolotoniskyi	49.7602	32.0653
19733	Антипівка	Cherkaska	Zolotoniskyi	49.7222	32.0653
19734	Нова Дмитрівка	Cherkaska	Zolotoniskyi	49.691	32.0104
19735	Мелесівка	Cherkaska	Zolotoniskyi	49.67	31.9881
19736	Вільхи	Cherkaska	Zolotoniskyi	49.6381	31.9821
19737	Бакаївка	Cherkaska	Zolotoniskyi	49.7	32.0503
19738	Холодне	Cherkaska	Zolotoniskyi	49.6549	31.9989
19739	Дібрівка	Cherkaska	Zolotoniskyi	49.6399	32.0312
19740	Зорівка	Cherkaska	Zolotoniskyi	49.8197	32.2398
19741	Вознесенське	Cherkaska	Zolotoniskyi	49.7556	32.1571
19744	Привітне	Cherkaska	Zolotoniskyi	49.8014	32.1677
19745	Лукашівка	Cherkaska	Zolotoniskyi	49.6156	32.4839
19746	Кривоносівка	Cherkaska	Zolotoniskyi	49.7809	32.2867
19747	Роздол	Cherkaska	Zolotoniskyi	49.8429	32.1485
19748	Степове	Cherkaska	Zolotoniskyi	49.7716	32.2388
19749	Канівщина	Cherkaska	Zolotoniskyi	49.7853	32.1877
19750	Бубнівська Слобідка	Cherkaska	Zolotoniskyi	49.7039	31.7084
19751	Дмитрівка	Cherkaska	Zolotoniskyi	49.691	32.0104
19752	Нова Гребля	Cherkaska	Zolotoniskyi	49.4635	28.7747
19753	Шабельники	Cherkaska	Zolotoniskyi	49.6923	31.7708
19754	Домантове	Cherkaska	Zolotoniskyi	49.6867	31.6187
19755	Пальміра	Cherkaska	Zolotoniskyi	49.7694	32.1741
19756	Чернещина	Cherkaska	Zolotoniskyi	49.8254	32.254
19757	Малинівщина	Cherkaska	Zolotoniskyi	49.6867	31.6187
19758	Маліївка	Cherkaska	Zolotoniskyi	49.658	32.1761
19759	Ярки	Cherkaska	Zolotoniskyi	49.6902	32.0807
19760	Крупське	Cherkaska	Zolotoniskyi	49.7033	32.2133
19761	Синьооківка	Cherkaska	Zolotoniskyi	49.7304	32.2207
19762	Богуславець	Cherkaska	Zolotoniskyi	49.7082	32.1523
19763	Кропивна	Cherkaska	Zolotoniskyi	49.6364	32.1648
19764	Щербинівка	Cherkaska	Zolotoniskyi	49.6729	32.2006
19765	Матвіївка	Cherkaska	Zolotoniskyi	49.072	32.4365
19770	Деньги	Cherkaska	Zolotoniskyi	49.6042	32.1608
19771	Хвильово-Сорочин	Cherkaska	Zolotoniskyi	49.6151	32.0953
19772	Коробівка	Cherkaska	Zolotoniskyi	49.6165	31.9574
19773	Кедина Гора	Cherkaska	Zolotoniskyi	49.5806	32.0053
19774	Благодатне	Cherkaska	Zolotoniskyi	49.6325	32.0556
19775	Снігурівка	Cherkaska	Zolotoniskyi	49.6325	32.0556
19776	Комарівка	Cherkaska	Zolotoniskyi	49.6325	32.0556
19777	Мицалівка	Cherkaska	Zolotoniskyi	49.7462	32.0594
19781	Хрущівка	Cherkaska	Zolotoniskyi	49.7657	32.2386
19782	Згар	Cherkaska	Zolotoniskyi	49.6549	32.096
19801	Драбів	Cherkaska	Drabivskyi	49.9603	32.1407
19806	Козаче (Митлашівська сільська  рада)	Cherkaska	Drabivskyi	50.0684	32.1446
19807	Гречанівка (Ковалівська сільська  рада)	Cherkaska	Drabivskyi	50.0684	32.1446
19808	Вишневе	Cherkaska	Drabivskyi	50.1766	32.1485
19809	Гай (Погребська сільська  рада)	Cherkaska	Drabivskyi	50.0684	32.1446
19810	Кононівка	Cherkaska	Drabivskyi	50.1922	32.0897
19811	Ковалівка	Cherkaska	Drabivskyi	50.1705	32.0579
19812	Шрамківка	Cherkaska	Drabivskyi	50.1396	32.1251
19813	Степанівка	Cherkaska	Drabivskyi	50.1192	32.2489
19814	Погреби	Cherkaska	Drabivskyi	50.0918	32.1898
19815	Мойсівка	Cherkaska	Drabivskyi	50.1096	32.149
19816	Олімпіадівка (Митлашівська сільська  рада)	Cherkaska	Drabivskyi	50.1267	32.1504
19817	Бондарівка	Cherkaska	Drabivskyi	50.0638	32.1921
19818	Новомиколаївка (Демківська сільська  рада)	Cherkaska	Drabivskyi	50.1267	32.1504
19819	Ковтунівка (Остапівська сільська  рада)	Cherkaska	Drabivskyi	50.1267	32.1504
19820	Яворівка	Cherkaska	Drabivskyi	50.1297	32.0592
19821	Бирлівка	Cherkaska	Drabivskyi	50.084	32.0755
19822	Демки	Cherkaska	Drabivskyi	50.077	31.9267
19823	Кантакузівка	Cherkaska	Drabivskyi	50.0856	32.1319
19824	Коломиці	Cherkaska	Drabivskyi	50.0707	32.1755
19825	Свічківка	Cherkaska	Drabivskyi	50.0497	32.2334
19826	Остапівка (Остапівська сільська  рада)	Cherkaska	Drabivskyi	50.0828	32.1004
19827	Перше Травня (Бирлівська сільська  рада)	Cherkaska	Drabivskyi	50.0828	32.1004
19828	Хомівщина (Свічківська сільська  рада)	Cherkaska	Drabivskyi	50.0828	32.1004
19830	Золотоношка	Cherkaska	Drabivskyi	50.0263	32.0971
19831	Нехайки	Cherkaska	Drabivskyi	49.9988	31.9451
19832	Безпальче	Cherkaska	Drabivskyi	49.9394	31.932
19833	Жорнокльови (Жорнокльовівська сільська  рада)	Cherkaska	Drabivskyi	49.9394	31.9899
19834	Левченкове	Cherkaska	Drabivskyi	49.9335	32.0147
19835	Безбородьки	Cherkaska	Drabivskyi	49.8942	31.9841
19836	Рецюківщина	Cherkaska	Drabivskyi	49.844	31.9664
19837	Привітне (Нехайківська сільська рада)	Cherkaska	Drabivskyi	49.9394	31.9899
19838	Тополі (Левченківська сільська  рада)	Cherkaska	Drabivskyi	49.9394	31.9899
19840	Перервинці	Cherkaska	Drabivskyi	50.0048	32.3034
19841	Митлашівка	Cherkaska	Drabivskyi	49.9733	32.3096
19842	Драбове Барятинське	Cherkaska	Drabivskyi	49.9439	32.2906
19844	Козорізи (Перервинцівська сільська  рада)	Cherkaska	Drabivskyi	49.9658	32.3201
19845	Білоусівка	Cherkaska	Drabivskyi	49.9413	32.3766
19846	Кононівка (Кононівська сільська  рада)	Cherkaska	Drabivskyi	49.9658	32.3201
19847	Криштопівка (Криштопівська сільська  рада)	Cherkaska	Drabivskyi	49.9658	32.3201
19848	Червона Дача (Яворівська сільська  рада)	Cherkaska	Drabivskyi	49.9658	32.3201
19849	Павлівщина (Михайлівська сільська  рада)	Cherkaska	Drabivskyi	49.9658	32.3201
19850	Михайлівка	Cherkaska	Drabivskyi	49.9354	32.1731
19851	Мехедівка	Cherkaska	Drabivskyi	49.8647	32.2591
19852	Квітневе	Cherkaska	Drabivskyi	50.3167	29.25
19853	Бойківщина	Cherkaska	Drabivskyi	49.9104	32.2501
19854	Великий Хутір	Cherkaska	Drabivskyi	49.8571	32.1007
19855	Вершина-Згарська	Cherkaska	Drabivskyi	49.8407	32.2033
19856	Ашанівка	Cherkaska	Drabivskyi	49.811	32.0673
19857	Богданівка (Ленінська сільська рада)	Cherkaska	Drabivskyi	49.9337	31.7577
19858	Рождественське (Рождественська сільська  рада)	Cherkaska	Drabivskyi	49.9337	31.7577
19901	Чорнобай	Cherkaska	Chornobaivskyi	49.6664	32.3293
19905	Журавлине	Cherkaska	Chornobaivskyi	49.7201	32.3585
19906	Савківка	Cherkaska	Chornobaivskyi	49.7088	32.36
19909	Іванівка	Cherkaska	Chornobaivskyi	49.7852	32.3863
19910	Красенівка	Cherkaska	Chornobaivskyi	49.8223	32.3953
19911	Привітне	Cherkaska	Chornobaivskyi	49.8014	32.1677
19912	Нове Життя	Cherkaska	Chornobaivskyi	49.7719	32.4937
19913	Тарасівка	Cherkaska	Chornobaivskyi	49.7567	32.4556
19914	Богодухівка	Cherkaska	Chornobaivskyi	49.747	32.3598
19915	Головатівка	Cherkaska	Chornobaivskyi	49.7652	32.3435
19919	Старий Мохнач	Cherkaska	Chornobaivskyi	49.6474	32.7
19920	Франківка	Cherkaska	Chornobaivskyi	49.724	32.4445
19921	Бакаєве	Cherkaska	Chornobaivskyi	49.6882	32.476
19922	Хрестителеве	Cherkaska	Chornobaivskyi	49.7258	32.5187
19923	Веселий Хутір	Cherkaska	Chornobaivskyi	49.6572	32.465
19924	Мала Бурімка	Cherkaska	Chornobaivskyi	49.6487	32.5977
19925	Мохнач	Cherkaska	Chornobaivskyi	49.6544	32.6685
19926	Лукашівка	Cherkaska	Chornobaivskyi	49.6156	32.4839
19927	Веселий Поділ	Cherkaska	Chornobaivskyi	49.6283	32.5379
19928	Вишнівка	Cherkaska	Chornobaivskyi	49.6418	32.503
19929	Григорівка	Cherkaska	Chornobaivskyi	49.6189	32.4579
19930	Великі Канівці	Cherkaska	Chornobaivskyi	49.6047	32.3459
19931	Малі Канівці	Cherkaska	Chornobaivskyi	49.6272	32.3393
19932	Крутьки	Cherkaska	Chornobaivskyi	49.5648	32.2202
19933	Чехівка	Cherkaska	Chornobaivskyi	49.5139	32.2031
19934	Мельники	Cherkaska	Chornobaivskyi	49.5773	32.3838
19935	Воронинці	Cherkaska	Chornobaivskyi	50.0201	32.7072
19936	Мар'янівка	Cherkaska	Chornobaivskyi	49.5773	32.3838
19937	Новоселиця	Cherkaska	Chornobaivskyi	49.1331	32.4868
19940	Велика Бурімка	Cherkaska	Chornobaivskyi	49.6113	32.6413
19941	Михайлівка	Cherkaska	Chornobaivskyi	49.5588	32.6643
19942	Новоукраїнка	Cherkaska	Chornobaivskyi	49.5909	32.4719
19943	Ревбинці	Cherkaska	Chornobaivskyi	49.5813	32.3856
19944	Лихоліти	Cherkaska	Chornobaivskyi	49.5573	32.3907
19949	Загородище	Cherkaska	Chornobaivskyi	49.5356	32.3498
19950	Іркліїв	Cherkaska	Chornobaivskyi	49.5187	32.3348
19951	Скородистик	Cherkaska	Chornobaivskyi	49.5352	32.3127
19952	Придніпровське	Cherkaska	Chornobaivskyi	49.5718	32.3061
19953	Першотравневе	Cherkaska	Chornobaivskyi	49.5	32.45
19954	Старий Коврай	Cherkaska	Chornobaivskyi	49.5433	32.4491
19955	Мирне	Cherkaska	Chornobaivskyi	49.5718	32.3061
19956	Коврай	Cherkaska	Chornobaivskyi	49.8126	31.9343
19958	Червоногірка	Cherkaska	Chornobaivskyi	49.5356	32.3693
19959	Червонохижинці	Cherkaska	Chornobaivskyi	49.557	32.2924
19960	Лящівка	Cherkaska	Chornobaivskyi	49.5443	32.6778
19961	Степове	Cherkaska	Chornobaivskyi	49.4807	32.5673
19962	Тимченки	Cherkaska	Chornobaivskyi	49.4592	32.569
19963	Васютинці	Cherkaska	Chornobaivskyi	49.4504	32.4642
19964	Баталий	Cherkaska	Chornobaivskyi	49.4688	32.5581
19970	Москаленки	Cherkaska	Chornobaivskyi	49.4489	32.5129
19971	Кліщинці	Cherkaska	Chornobaivskyi	49.4325	32.6293
19972	Вереміївка	Cherkaska	Chornobaivskyi	49.3992	32.5907
19973	Жовнине	Cherkaska	Chornobaivskyi	49.3809	32.6811
20001	Христинівка	Cherkaska	Khrystynivskyi	48.8496	29.9664
20009	Христинівка (Христинівська сільська рада)	Cherkaska	Khrystynivskyi	48.8496	29.9664
20010	Ботвинівка	Cherkaska	Khrystynivskyi	49.2506	29.8389
20011	Углуватка	Cherkaska	Khrystynivskyi	48.8906	29.978
20012	Зоряне	Cherkaska	Khrystynivskyi	49.2506	29.8389
20013	Ліщинівка	Cherkaska	Khrystynivskyi	49.2506	29.8389
20014	Шукайвода	Cherkaska	Khrystynivskyi	49.2506	29.8389
20015	Чайківка	Cherkaska	Khrystynivskyi	50.5344	29.0477
20016	Вікторівка	Cherkaska	Khrystynivskyi	48.9048	30.284
20017	Гребля	Cherkaska	Khrystynivskyi	48.6727	30.0461
20018	Мала Іванівка	Cherkaska	Khrystynivskyi	49.2506	29.8389
20020	Вербувата	Cherkaska	Khrystynivskyi	48.9358	31.2916
20021	Багачівка	Cherkaska	Khrystynivskyi	48.9358	31.2916
20022	Верхнячка	Cherkaska	Khrystynivskyi	48.8285	30.0396
20025	Пеніжкове	Cherkaska	Khrystynivskyi	48.9358	31.2916
20026	Іванівка	Cherkaska	Khrystynivskyi	49.0431	32.5437
20030	Мала Севастянівка	Cherkaska	Khrystynivskyi	49.4577	30.8343
20031	Талалаївка	Cherkaska	Khrystynivskyi	50.9578	31.9209
20032	Розсішки	Cherkaska	Khrystynivskyi	49.4577	30.8343
20033	Веселівка	Cherkaska	Khrystynivskyi	48.7935	30.0778
20034	Орадівка	Cherkaska	Khrystynivskyi	48.7716	29.9907
20035	Вільшанка	Cherkaska	Khrystynivskyi	48.7833	29.9167
20036	Козаче	Cherkaska	Khrystynivskyi	49.982	32.2655
20038	Яри	Cherkaska	Khrystynivskyi	49.4577	30.8343
20039	Сичі	Cherkaska	Khrystynivskyi	49.4577	30.8343
20040	Івангород	Cherkaska	Khrystynivskyi	48.8062	29.8158
20041	Сичівка	Cherkaska	Khrystynivskyi	50.7521	28.874
20042	Ягубець	Cherkaska	Khrystynivskyi	49.4025	29.6806
20043	Заячківка	Cherkaska	Khrystynivskyi	48.6492	30.3521
20044	Шельпахівка	Cherkaska	Khrystynivskyi	49.4025	29.6806
20045	Велика Севастянівка	Cherkaska	Khrystynivskyi	49.4025	29.6806
20050	Синиця	Cherkaska	Khrystynivskyi	48.6917	30.0739
20051	Кузьмина Гребля	Cherkaska	Khrystynivskyi	48.6727	30.0461
20052	Осітна	Cherkaska	Khrystynivskyi	48.6822	30.06
20053	Хасанівка	Cherkaska	Khrystynivskyi	48.6822	30.06
20101	Маньківка	Cherkaska	Mankivskyi	48.9635	30.3337
20109	Поташ	Cherkaska	Mankivskyi	48.921	30.329
20110	Кислин	Cherkaska	Mankivskyi	49.1272	30.3937
20111	Русалівка	Cherkaska	Mankivskyi	49.3448	31.2399
20112	Багва	Cherkaska	Mankivskyi	49.25	30.2167
20113	Кути	Cherkaska	Mankivskyi	49.3448	31.2399
20114	Буки	Cherkaska	Mankivskyi	49.0958	30.3964
20115	Кривець	Cherkaska	Mankivskyi	49.3448	31.2399
20116	Березівка	Cherkaska	Mankivskyi	49.0689	30.4601
20117	Жолудькове	Cherkaska	Mankivskyi	49.3448	31.2399
20118	Рудка	Cherkaska	Mankivskyi	51.5737	31.1232
20119	Зелений Гай	Cherkaska	Mankivskyi	47.9534	34.8492
20120	Попівка	Cherkaska	Mankivskyi	49.3646	35.5396
20121	Кищенці	Cherkaska	Mankivskyi	49.1791	32.9702
20122	Чорна Кам'янка	Cherkaska	Mankivskyi	49.1791	32.9702
20123	Крачківка	Cherkaska	Mankivskyi	49.1791	32.9702
20124	Улянівка	Cherkaska	Mankivskyi	49.1791	32.9702
20125	Юрпіль	Cherkaska	Mankivskyi	49.1791	32.9702
20126	Філіція	Cherkaska	Mankivskyi	49.1791	32.9702
20129	Тимошівка	Cherkaska	Mankivskyi	48.9937	30.4009
20130	Харківка	Cherkaska	Mankivskyi	49.0168	30.3088
20131	Мала Маньківка	Cherkaska	Mankivskyi	48.9962	30.3656
20132	Іваньки	Cherkaska	Mankivskyi	48.9882	30.4487
20133	Паланочка	Cherkaska	Mankivskyi	48.9275	30.4432
20140	Нестерівка	Cherkaska	Mankivskyi	48.9306	30.2822
20141	Дзензелівка	Cherkaska	Mankivskyi	48.962	30.2509
20142	Добра	Cherkaska	Mankivskyi	48.953	30.1433
20143	Подібна	Cherkaska	Mankivskyi	48.9306	30.2822
20144	Поминик	Cherkaska	Mankivskyi	48.9306	30.2822
20145	Роги	Cherkaska	Mankivskyi	48.8769	30.4524
20146	Молодецьке	Cherkaska	Mankivskyi	48.9306	30.2822
20202	Звенигородка (Звенигородська міська рада)	Cherkaska	Zvenyhorodskyi	49.7253	31.5059
20208	Стебне	Cherkaska	Zvenyhorodskyi	49.7253	31.5059
20210	Моринці	Cherkaska	Zvenyhorodskyi	49.2492	31.0076
20211	Гнилець	Cherkaska	Zvenyhorodskyi	49.5566	33.1106
20212	Пединівка	Cherkaska	Zvenyhorodskyi	49.5566	33.1106
20213	Будище	Cherkaska	Zvenyhorodskyi	49.5245	31.8057
20214	Шевченкове	Cherkaska	Zvenyhorodskyi	49.6959	37.1735
20215	Боровикове	Cherkaska	Zvenyhorodskyi	49.5566	33.1106
20216	Тарасівка	Cherkaska	Zvenyhorodskyi	49.7567	32.4556
20217	Демкове	Cherkaska	Zvenyhorodskyi	49.5566	33.1106
20218	Кононове-Івасів	Cherkaska	Zvenyhorodskyi	49.5566	33.1106
20219	Барвінок	Cherkaska	Zvenyhorodskyi	49.5566	33.1106
20220	Хлипнівка	Cherkaska	Zvenyhorodskyi	49.8897	29.7643
20221	Майданівка	Cherkaska	Zvenyhorodskyi	50.9041	28.8768
20222	Неморож	Cherkaska	Zvenyhorodskyi	49.1231	30.9092
20223	Мурзинці	Cherkaska	Zvenyhorodskyi	49.8897	29.7643
20224	Мизинівка	Cherkaska	Zvenyhorodskyi	49.8897	29.7643
20225	Гудзівка	Cherkaska	Zvenyhorodskyi	49.8897	29.7643
20226	Озірна	Cherkaska	Zvenyhorodskyi	49.642	29.5068
20227	Олександрівка	Cherkaska	Zvenyhorodskyi	49.8897	29.7643
20228	Стара Буда	Cherkaska	Zvenyhorodskyi	49.8897	29.7643
20229	Юркове	Cherkaska	Zvenyhorodskyi	49.8897	29.7643
20230	Чижівка	Cherkaska	Zvenyhorodskyi	52.0167	31.1
20231	Чемериське	Cherkaska	Zvenyhorodskyi	50.5733	30.942
20232	Водяники	Cherkaska	Zvenyhorodskyi	49.13	30.7839
20233	Рижанівка	Cherkaska	Zvenyhorodskyi	50.5733	30.942
20234	Кобиляки	Cherkaska	Zvenyhorodskyi	50.5733	30.942
20235	Ризине	Cherkaska	Zvenyhorodskyi	50.5733	30.942
20236	Попівка	Cherkaska	Zvenyhorodskyi	50.5733	30.942
20237	Шампанія	Cherkaska	Zvenyhorodskyi	50.5733	30.942
20240	Козацьке	Cherkaska	Zvenyhorodskyi	49.7019	31.7112
20241	Багачівка	Cherkaska	Zvenyhorodskyi	49.7019	31.7112
20242	Михайлівка	Cherkaska	Zvenyhorodskyi	49.1198	32.0783
20243	Княжа	Cherkaska	Zvenyhorodskyi	49.7019	31.7112
20244	Чичиркозівка	Cherkaska	Zvenyhorodskyi	49.7019	31.7112
20245	Юрківка	Cherkaska	Zvenyhorodskyi	49.0126	31.1013
20246	Стецівка	Cherkaska	Zvenyhorodskyi	49.0346	32.7673
20247	Павлівка	Cherkaska	Zvenyhorodskyi	51.6406	30.8981
20251	Ватутіне	Cherkaska	Zvenyhorodskyi	49.015	31.0621
20253	Ватутіне	Cherkaska	Zvenyhorodskyi	49.015	31.0621
20255	Скаливатка	Cherkaska	Zvenyhorodskyi	49.015	31.0621
20260	Вільховець	Cherkaska	Zvenyhorodskyi	49.7253	31.5059
20261	Вільховець	Cherkaska	Zvenyhorodskyi	49.7253	31.5059
20263	Гусакове	Cherkaska	Zvenyhorodskyi	49.7253	31.5059
20300	Умань	Cherkaska	Umanskyi	48.7484	30.2218
20301	Умань	Cherkaska	Umanskyi	48.7484	30.2218
20302	Умань	Cherkaska	Umanskyi	48.7484	30.2218
20304	Умань	Cherkaska	Umanskyi	48.7484	30.2218
20305	Умань	Cherkaska	Umanskyi	48.7484	30.2218
20306	Умань	Cherkaska	Umanskyi	48.7484	30.2218
20307	Умань	Cherkaska	Umanskyi	48.7484	30.2218
20308	Умань	Cherkaska	Umanskyi	48.7484	30.2218
20310	Умань	Cherkaska	Umanskyi	48.7484	30.2218
20320	Іванівка	Cherkaska	Umanskyi	49.7852	32.3863
20321	Берестівець	Cherkaska	Umanskyi	49.4294	32.2253
20322	Краснопілка	Cherkaska	Umanskyi	49.4294	32.2253
20323	Кочубеївка	Cherkaska	Umanskyi	50.2658	36.2384
20324	Родниківка	Cherkaska	Umanskyi	49.4294	32.2253
20325	Городецьке	Cherkaska	Umanskyi	48.7622	30.1623
20327	Яроватка	Cherkaska	Umanskyi	48.9044	30.1144
20330	Старі Бабани	Cherkaska	Umanskyi	48.9251	30.2086
20331	Косенівка	Cherkaska	Umanskyi	48.9251	30.2086
20332	Дмитрушки	Cherkaska	Umanskyi	48.7988	30.2856
20333	Пугачівка	Cherkaska	Umanskyi	49.1836	29.9492
20334	Танське	Cherkaska	Umanskyi	48.7931	30.3911
20335	Доброводи	Cherkaska	Umanskyi	48.9251	30.2086
20336	Аполянка	Cherkaska	Umanskyi	48.9251	30.2086
20340	Паланка	Cherkaska	Umanskyi	48.7324	30.1049
20341	Кочержинці	Cherkaska	Umanskyi	48.6985	30.1366
20342	Полянецьке	Cherkaska	Umanskyi	48.7017	30.2106
20343	Громи	Cherkaska	Umanskyi	48.6794	30.1631
20344	Томашівка	Cherkaska	Umanskyi	48.647	30.1134
20345	Максимівка	Cherkaska	Umanskyi	48.6794	30.1631
20346	Шарин	Cherkaska	Umanskyi	48.6172	30.25
20350	Гродзеве	Cherkaska	Umanskyi	48.6869	30.3878
20351	Бабанка	Cherkaska	Umanskyi	48.7097	30.4483
20352	Собківка	Cherkaska	Umanskyi	48.6849	30.2577
20353	Сушківка	Cherkaska	Umanskyi	48.6822	30.3515
20354	Степківка	Cherkaska	Umanskyi	48.6608	30.3034
20355	Оксанина	Cherkaska	Umanskyi	48.6914	30.5457
20356	Гереженівка	Cherkaska	Umanskyi	48.6869	30.3878
20357	Заячківка	Cherkaska	Umanskyi	48.6492	30.3521
20358	Свинарка	Cherkaska	Umanskyi	48.7299	30.4562
20360	Коржова	Cherkaska	Umanskyi	48.6409	30.4122
20361	Ятранівка	Cherkaska	Umanskyi	48.6819	30.3049
20362	Дубова	Cherkaska	Umanskyi	48.6362	30.4511
20363	Острівець	Cherkaska	Umanskyi	48.6819	30.3049
20364	Вільшана Слобідка	Cherkaska	Umanskyi	48.6819	30.3049
20365	Вільшанка	Cherkaska	Umanskyi	48.7833	29.9167
20366	Коржовий Кут	Cherkaska	Umanskyi	48.6674	30.4397
20370	Черповоди	Cherkaska	Umanskyi	48.7475	30.4571
20371	Фурманка	Cherkaska	Umanskyi	48.5842	30.1992
20372	Юрківка	Cherkaska	Umanskyi	49.0126	31.1013
20373	Антонівка	Cherkaska	Umanskyi	48.9762	30.7082
20374	Посухівка	Cherkaska	Umanskyi	48.5501	30.072
20375	Ропотуха	Cherkaska	Umanskyi	48.6142	30.205
20380	Текуча	Cherkaska	Umanskyi	48.5748	30.3198
20381	Рижавка	Cherkaska	Umanskyi	49.031	28.2972
20382	Ладижинка	Cherkaska	Umanskyi	49.4709	28.6446
20383	Городниця	Cherkaska	Umanskyi	50.807	27.3168
20384	Колодисте	Cherkaska	Umanskyi	49.4709	28.6446
20385	Затишок	Cherkaska	Umanskyi	49.4709	28.6446
20386	Малий Затишок	Cherkaska	Umanskyi	49.4709	28.6446
20387	Коржова Слобідка	Cherkaska	Umanskyi	49.4709	28.6446
20391	Рогова	Cherkaska	Umanskyi	48.5769	30.5094
20392	Піківець	Cherkaska	Umanskyi	48.5769	30.5094
20401	Тальне	Cherkaska	Talnivskyi	48.8888	30.6948
20409	Здобуток	Cherkaska	Talnivskyi	48.8888	30.6948
20410	Лісове	Cherkaska	Talnivskyi	49.0329	30.5777
20411	Шаулиха	Cherkaska	Talnivskyi	48.9914	30.585
20412	Онопріївка	Cherkaska	Talnivskyi	49.1098	30.9113
20413	Папужинці	Cherkaska	Talnivskyi	49.1098	30.9113
20414	Веселий Кут	Cherkaska	Talnivskyi	48.9662	30.6303
20415	Лащова	Cherkaska	Talnivskyi	49.1098	30.9113
20416	Романівка	Cherkaska	Talnivskyi	48.9352	30.5106
20417	Тарасівка	Cherkaska	Talnivskyi	49.7567	32.4556
20418	Антонівка	Cherkaska	Talnivskyi	48.9762	30.7082
20419	Гуляйка	Cherkaska	Talnivskyi	49.1098	30.9113
20420	Заліське	Cherkaska	Talnivskyi	49.4648	33.3328
20421	Кобринове	Cherkaska	Talnivskyi	49.4648	33.3328
20422	Кобринова Гребля	Cherkaska	Talnivskyi	49.4648	33.3328
20423	Соколівочка	Cherkaska	Talnivskyi	49.4648	33.3328
20424	Червоне	Cherkaska	Talnivskyi	49.9497	28.8687
20425	Добрянка	Cherkaska	Talnivskyi	52.0631	31.1857
20426	Нова Павлівка	Cherkaska	Talnivskyi	49.3014	34.9614
20427	Павлівка Друга	Cherkaska	Talnivskyi	49.197	36.5898
20428	Кобиляки	Cherkaska	Talnivskyi	49.4648	33.3328
20429	Степне	Cherkaska	Talnivskyi	46.8129	35.0582
20430	Поташ	Cherkaska	Talnivskyi	48.921	30.329
20431	Гордашівка	Cherkaska	Talnivskyi	48.9928	30.2893
20432	Мошурів	Cherkaska	Talnivskyi	48.8899	30.5825
20433	Білашки	Cherkaska	Talnivskyi	49.5099	29.1704
20434	Тальянки	Cherkaska	Talnivskyi	48.8086	30.5539
20435	Легедзине	Cherkaska	Talnivskyi	48.9928	30.2893
20436	Левада	Cherkaska	Talnivskyi	48.9928	30.2893
20437	Шалаське	Cherkaska	Talnivskyi	48.9928	30.2893
20439	Довгеньке	Cherkaska	Talnivskyi	48.8347	30.8105
20440	Глибочок	Cherkaska	Talnivskyi	50.214	27.6337
20441	Корсунка	Cherkaska	Talnivskyi	48.8195	30.8098
20442	Майданецьке	Cherkaska	Talnivskyi	49.2713	29.6974
20443	Зеленьків	Cherkaska	Talnivskyi	48.7803	30.6488
20444	Вишнопіль	Cherkaska	Talnivskyi	49.2713	29.6974
20445	Новомайданецьке	Cherkaska	Talnivskyi	49.2713	29.6974
20450	Колодисте	Cherkaska	Talnivskyi	49.1825	31.1682
20451	Криві Коліна	Cherkaska	Talnivskyi	49.1825	31.1682
20452	Чеснопіль	Cherkaska	Talnivskyi	49.1825	31.1682
20453	Лоташеве	Cherkaska	Talnivskyi	49.1825	31.1682
20454	Павлівка Перша	Cherkaska	Talnivskyi	49.1825	31.1682
20455	Піщана	Cherkaska	Talnivskyi	49.1825	31.1682
20501	Катеринопіль	Cherkaska	Katerynopilskyi	48.6515	32.2592
20504	Шостакове	Cherkaska	Katerynopilskyi	47.3967	33.3649
20505	Єрки	Cherkaska	Katerynopilskyi	48.9906	30.9882
20506	Новоселиця	Cherkaska	Katerynopilskyi	49.1331	32.4868
20507	Розсохуватка	Cherkaska	Katerynopilskyi	48.6515	32.2592
20508	Залізнячка	Cherkaska	Katerynopilskyi	48.6515	32.2592
20509	Грушківка	Cherkaska	Katerynopilskyi	49.0854	32.1969
20510	Вікнине	Cherkaska	Katerynopilskyi	50.1756	35.9149
20511	Радчиха	Cherkaska	Katerynopilskyi	48.9242	31.0387
20512	Ромейкове	Cherkaska	Katerynopilskyi	50.2975	32.0464
20513	Киселівка	Cherkaska	Katerynopilskyi	51.601	32.2213
20514	Ступичне	Cherkaska	Katerynopilskyi	50.2975	32.0464
20515	Кайтанівка	Cherkaska	Katerynopilskyi	50.4891	29.0107
20516	Вербовець	Cherkaska	Katerynopilskyi	50.2975	32.0464
20519	Луківка	Cherkaska	Katerynopilskyi	50.2975	32.0464
20520	Гуляйполе	Cherkaska	Katerynopilskyi	48.8575	30.964
20521	Бродецьке	Cherkaska	Katerynopilskyi	49.7604	28.6308
20522	Пальчик	Cherkaska	Katerynopilskyi	49.3089	29.7974
20523	Ямпіль	Cherkaska	Katerynopilskyi	49.3089	29.7974
20530	Гончариха	Cherkaska	Katerynopilskyi	50.0661	30.7488
20531	Петраківка	Cherkaska	Katerynopilskyi	50.0661	30.7488
20532	Лисича Балка	Cherkaska	Katerynopilskyi	50.0661	30.7488
20533	Потоки	Cherkaska	Katerynopilskyi	49.0359	28.2353
20534	Новоукраїнка	Cherkaska	Katerynopilskyi	49.5909	32.4719
20535	Стійкове	Cherkaska	Katerynopilskyi	50.0661	30.7488
20536	Кобилянка	Cherkaska	Katerynopilskyi	51.5715	31.5391
20539	Любисток	Cherkaska	Katerynopilskyi	50.0661	30.7488
20540	Мокра Калигірка	Cherkaska	Katerynopilskyi	50.5682	33.1925
20543	Суха Калигірка	Cherkaska	Katerynopilskyi	50.5682	33.1925
20544	Єлизаветка	Cherkaska	Katerynopilskyi	50.5682	33.1925
20545	Ярошівка	Cherkaska	Katerynopilskyi	50.5682	33.1925
20546	Надвисся	Cherkaska	Katerynopilskyi	50.5682	33.1925
20547	Червоний Брід	Cherkaska	Katerynopilskyi	50.5682	33.1925
20602	Шпола	Cherkaska	Shpolianskyi	49.0069	31.3947
20603	Шпола	Cherkaska	Shpolianskyi	49.0069	31.3947
20610	Бурти	Cherkaska	Shpolianskyi	49.1453	34.6448
20611	Станіславчик	Cherkaska	Shpolianskyi	50.1701	24.9049
20612	Надточаївка	Cherkaska	Shpolianskyi	49.7383	28.7693
20613	Терешки	Cherkaska	Shpolianskyi	49.7671	26.7578
20614	Сердегівка	Cherkaska	Shpolianskyi	49.7383	28.7693
20615	Сигнаївка	Cherkaska	Shpolianskyi	49.8707	28.7696
20616	Ховківка	Cherkaska	Shpolianskyi	49.7383	28.7693
20620	Топильна	Cherkaska	Shpolianskyi	49.0967	31.2931
20621	Лозуватка	Cherkaska	Shpolianskyi	48.0571	33.2858
20622	Капустине	Cherkaska	Shpolianskyi	48.8438	33.9225
20623	Іскрене	Cherkaska	Shpolianskyi	48.8438	33.9225
20624	Васильків	Cherkaska	Shpolianskyi	50.1869	30.3135
20625	Скотареве	Cherkaska	Shpolianskyi	48.8438	33.9225
20626	Кам'януватка	Cherkaska	Shpolianskyi	48.4555	35.4674
20627	Георгіївка	Cherkaska	Shpolianskyi	48.4228	39.2528
20631	Матусів	Cherkaska	Shpolianskyi	48.9524	31.5604
20632	Матусів	Cherkaska	Shpolianskyi	48.9524	31.5604
20633	Мар'янівка	Cherkaska	Shpolianskyi	48.9524	31.5604
20634	Лебедин	Cherkaska	Shpolianskyi	48.9624	31.527
20635	Лебедин	Cherkaska	Shpolianskyi	48.9624	31.527
20637	Журавка	Cherkaska	Shpolianskyi	48.9324	31.6273
20640	Кримки	Cherkaska	Shpolianskyi	48.2555	32.4885
20641	Водяне	Cherkaska	Shpolianskyi	47.4875	34.4924
20642	Кавунівка	Cherkaska	Shpolianskyi	47.3078	35.4455
20643	Товмач	Cherkaska	Shpolianskyi	48.8908	31.3652
20644	Соболівка	Cherkaska	Shpolianskyi	49.336	28.651
20650	Лип'янка	Cherkaska	Shpolianskyi	49.5387	30.8777
20651	Нечаєве	Cherkaska	Shpolianskyi	49.5387	30.8777
20652	Маслове	Cherkaska	Shpolianskyi	49.5387	30.8777
20653	Антонівка	Cherkaska	Shpolianskyi	48.9762	30.7082
20654	Ярославка	Cherkaska	Shpolianskyi	50.6739	31.2944
20655	Веселий Кут	Cherkaska	Shpolianskyi	48.9662	30.6303
20656	Витязеве	Cherkaska	Shpolianskyi	49.5387	30.8777
20657	Глиняна Балка	Cherkaska	Shpolianskyi	49.5387	30.8777
20658	Коротине	Cherkaska	Shpolianskyi	49.5387	30.8777
20659	Козачани	Cherkaska	Shpolianskyi	49.5387	30.8777
20660	Межигірка	Cherkaska	Shpolianskyi	49.0325	31.6546
20661	Нова Ярославка	Cherkaska	Shpolianskyi	49.0325	31.6546
20700	Сміла	Cherkaska	Smilianskyi	49.2224	31.8871
20701	Сміла	Cherkaska	Smilianskyi	49.1374	33.5475
20702	Сміла	Cherkaska	Smilianskyi	49.1374	33.5475
20703	Сміла	Cherkaska	Smilianskyi	49.1374	33.5475
20704	Сміла	Cherkaska	Smilianskyi	49.1374	33.5475
20705	Сміла	Cherkaska	Smilianskyi	49.1374	33.5475
20706	Сміла	Cherkaska	Smilianskyi	49.1374	33.5475
20707	Сміла	Cherkaska	Smilianskyi	49.1374	33.5475
20708	Сміла	Cherkaska	Smilianskyi	49.1374	33.5475
20709	Сміла	Cherkaska	Smilianskyi	49.1374	33.5475
20720	Мале Старосілля	Cherkaska	Smilianskyi	49.1195	35.5865
20721	Балаклея	Cherkaska	Smilianskyi	49.1195	35.5865
20722	Балаклея	Cherkaska	Smilianskyi	49.1195	35.5865
20723	Теклине	Cherkaska	Smilianskyi	49.1195	35.5865
20724	Костянтинівка	Cherkaska	Smilianskyi	49.1195	35.5865
20725	Ірдинівка	Cherkaska	Smilianskyi	49.1195	35.5865
20726	Ротмістрівка	Cherkaska	Smilianskyi	49.1195	35.5865
20727	Носачів	Cherkaska	Smilianskyi	49.1195	35.5865
20728	Мельниківка	Cherkaska	Smilianskyi	49.1195	35.5865
20729	Вовківка	Cherkaska	Smilianskyi	49.1195	35.5865
20730	Мала Смілянка	Cherkaska	Smilianskyi	49.0882	34.2856
20731	Холоднянське	Cherkaska	Smilianskyi	49.0882	34.2856
20732	Миколаївка	Cherkaska	Smilianskyi	48.8543	37.7751
20733	Тернівка	Cherkaska	Smilianskyi	48.5225	36.0826
20734	Ковалиха	Cherkaska	Smilianskyi	49.0882	34.2856
20735	Попівка	Cherkaska	Smilianskyi	49.3646	35.5396
20736	Санжариха	Cherkaska	Smilianskyi	49.0882	34.2856
20737	Чубівка	Cherkaska	Smilianskyi	49.2361	32.2046
20738	Малий Бузуків	Cherkaska	Smilianskyi	49.2878	32.0101
20739	Гуляйгородок	Cherkaska	Smilianskyi	49.2638	32.1014
20740	Голов'ятине	Cherkaska	Smilianskyi	49.2796	32.0668
20741	Сунки	Cherkaska	Smilianskyi	49.2282	32.0014
20742	Залевки	Cherkaska	Smilianskyi	49.3364	31.517
20743	Плескачівка	Cherkaska	Smilianskyi	49.2081	32.1373
20744	Шевченка	Cherkaska	Smilianskyi	49.2195	32.0691
20745	Велика Яблунівка	Cherkaska	Smilianskyi	49.3364	31.517
20746	Березняки	Cherkaska	Smilianskyi	49.1335	31.959
20747	Червоне	Cherkaska	Smilianskyi	49.9497	28.8687
20750	Куцівка	Cherkaska	Smilianskyi	47.9604	34.0242
20751	Ташлик	Cherkaska	Smilianskyi	47.9604	34.0242
20752	Самгородок	Cherkaska	Smilianskyi	49.5327	28.8427
20753	Сердюківка	Cherkaska	Smilianskyi	47.9604	34.0242
20754	Макіївка	Cherkaska	Smilianskyi	48.0478	37.9258
20755	Буда-Макіївка	Cherkaska	Smilianskyi	47.9604	34.0242
20756	Пастирське	Cherkaska	Smilianskyi	47.9604	34.0242
20757	Богунове	Cherkaska	Smilianskyi	47.9604	34.0242
20758	Степок	Cherkaska	Smilianskyi	46.3007	35.3041
20761	Будки	Cherkaska	Smilianskyi	50.8803	34.0363
20762	Плоске	Cherkaska	Smilianskyi	50.0448	37.3439
20801	Кам'янка	Cherkaska	Kamianskyi	49.0376	32.4461
20810	Грушківка	Cherkaska	Kamianskyi	49.0854	32.1969
20811	Ребедайлівка	Cherkaska	Kamianskyi	49.0769	32.1062
20812	Пляківка	Cherkaska	Kamianskyi	49.0654	32.0284
20813	Косарі	Cherkaska	Kamianskyi	49.0299	32.1905
20814	Юрчиха	Cherkaska	Kamianskyi	49.0919	32.1255
20815	Тимошівка	Cherkaska	Kamianskyi	48.9937	30.4009
20816	Ревівка	Cherkaska	Kamianskyi	49.1777	33.7441
20819	Грекове	Cherkaska	Kamianskyi	49.2143	32.2113
20820	Лубенці	Cherkaska	Kamianskyi	49.1903	32.2376
20821	Куликівка	Cherkaska	Kamianskyi	51.3734	31.6466
20822	Жаботин	Cherkaska	Kamianskyi	49.1667	32.1667
20823	Сокирне	Cherkaska	Kamianskyi	49.1873	32.1115
20824	Райгород	Cherkaska	Kamianskyi	49.0961	31.9675
20825	Михайлівка	Cherkaska	Kamianskyi	49.1198	32.0783
20826	Флярківка	Cherkaska	Kamianskyi	49.137	32.116
20827	Ярове	Cherkaska	Kamianskyi	49.0668	31.9842
20828	Лісове	Cherkaska	Kamianskyi	49.0329	30.5777
20830	Лузанівка	Cherkaska	Kamianskyi	46.5573	30.7688
20831	Катеринівка	Cherkaska	Kamianskyi	47.6411	34.148
20832	Радиванівка	Cherkaska	Kamianskyi	47.7092	32.272
20833	Коханівка	Cherkaska	Kamianskyi	48.9292	31.8993
20834	Богданівське	Cherkaska	Kamianskyi	47.7092	32.272
20835	Олянине	Cherkaska	Kamianskyi	47.7092	32.272
20840	Лебедівка	Cherkaska	Kamianskyi	49.1627	35.9586
20841	Вербівка	Cherkaska	Kamianskyi	49.4862	36.8279
20842	Телепине	Cherkaska	Kamianskyi	49.3245	36.3933
20843	Баландине	Cherkaska	Kamianskyi	49.3245	36.3933
20844	Копійчана	Cherkaska	Kamianskyi	49.3245	36.3933
20845	Калинівка	Cherkaska	Kamianskyi	49.3245	36.3933
20901	Чигирин	Cherkaska	Chyhyrynskyi	49.0838	32.6555
20910	Рацеве	Cherkaska	Chyhyrynskyi	49.1348	32.7054
20911	Вітове	Cherkaska	Chyhyrynskyi	49.1062	32.751
20914	Стецівка	Cherkaska	Chyhyrynskyi	49.0346	32.7673
20915	Галаганівка	Cherkaska	Chyhyrynskyi	49.0586	32.7139
20916	Чмирівка	Cherkaska	Chyhyrynskyi	49.0998	32.4789
20920	Топилівка	Cherkaska	Chyhyrynskyi	49.2613	32.4521
20921	Боровиця	Cherkaska	Chyhyrynskyi	49.2415	32.4931
20922	Трушівці	Cherkaska	Chyhyrynskyi	49.1961	32.4465
20923	Худоліївка	Cherkaska	Chyhyrynskyi	49.2308	32.3419
20924	Тіньки	Cherkaska	Chyhyrynskyi	49.1887	32.6262
20925	Красносілля	Cherkaska	Chyhyrynskyi	48.8954	32.4447
20926	Погорільці	Cherkaska	Chyhyrynskyi	49.1451	32.4806
20927	Розсошинці	Cherkaska	Chyhyrynskyi	49.1411	32.5855
20928	Чернече	Cherkaska	Chyhyrynskyi	49.0424	32.6726
20929	Буда	Cherkaska	Chyhyrynskyi	49.1088	32.2624
20930	Медведівка	Cherkaska	Chyhyrynskyi	49.1727	32.3789
20931	Зам'ятниця	Cherkaska	Chyhyrynskyi	49.2004	32.3145
20932	Івківці	Cherkaska	Chyhyrynskyi	49.1366	32.396
20933	Мельники	Cherkaska	Chyhyrynskyi	49.1419	32.3747
20934	Новоселиця	Cherkaska	Chyhyrynskyi	49.1331	32.4868
20935	Полуднівка	Cherkaska	Chyhyrynskyi	49.1103	32.4196
20936	Головківка	Cherkaska	Chyhyrynskyi	49.1201	32.3452
20937	Деменці	Cherkaska	Chyhyrynskyi	49.2109	32.271
20938	Скелівка	Cherkaska	Chyhyrynskyi	49.0882	32.3145
20939	Рублівка	Cherkaska	Chyhyrynskyi	49.1051	32.4455
20940	Суботів	Cherkaska	Chyhyrynskyi	49.0933	32.5465
20941	Матвіївка	Cherkaska	Chyhyrynskyi	49.072	32.4365
20942	Іванівка	Cherkaska	Chyhyrynskyi	49.0431	32.5437
20943	Вершаці	Cherkaska	Chyhyrynskyi	49.0088	32.6131
20944	Гненне	Cherkaska	Chyhyrynskyi	48.9819	32.5554
20945	Кудашеве	Cherkaska	Chyhyrynskyi	48.9668	32.6499
20946	Скаржинка	Cherkaska	Chyhyrynskyi	49.078	32.4132
20947	Тарасо-Григорівка	Cherkaska	Chyhyrynskyi	47.8192	33.938
20948	Бурякове	Cherkaska	Chyhyrynskyi	49.0076	32.6968
20949	Вдовичине	Cherkaska	Chyhyrynskyi	49.0537	32.4957
14000	Чернігів	Chernihivska	Chernihivska	51.5055	31.2849
14001	Чернігів	Chernihivska	Chernihivska	51.5055	31.2849
14003	Чернігів	Chernihivska	Chernihivska	51.5055	31.2849
14005	Чернігів	Chernihivska	Chernihivska	51.5055	31.2849
14006	Чернігів	Chernihivska	Chernihivska	51.5055	31.2849
14007	Чернігів	Chernihivska	Chernihivska	51.5055	31.2849
14008	Чернігів	Chernihivska	Chernihivska	51.5055	31.2849
14010	Чернігів	Chernihivska	Chernihivska	51.5055	31.2849
14013	Чернігів	Chernihivska	Chernihivska	51.5055	31.2849
14014	Чернігів	Chernihivska	Chernihivska	51.5055	31.2849
14017	Чернігів	Chernihivska	Chernihivska	51.5055	31.2849
14020	Чернігів	Chernihivska	Chernihivska	51.5055	31.2849
14021	Чернігів	Chernihivska	Chernihivska	51.5055	31.2849
14024	Табаївка	Chernihivska	Chernihivskyi	51.6409	31.1095
14024	Унучки	Chernihivska	Chernihivskyi	51.6322	31.0809
14024	Рогощі	Chernihivska	Chernihivskyi	51.6356	31.1225
14024	Чернігів	Chernihivska	Chernihivska	51.5055	31.2849
14026	Чернігів	Chernihivska	Chernihivska	51.5055	31.2849
14027	Чернігів	Chernihivska	Chernihivska	51.5055	31.2849
14028	Чернігів	Chernihivska	Chernihivska	51.5055	31.2849
14029	Чернігів	Chernihivska	Chernihivska	51.5055	31.2849
14030	Чернігів	Chernihivska	Chernihivska	51.5055	31.2849
14032	Чернігів	Chernihivska	Chernihivska	51.5055	31.2849
14033	Чернігів	Chernihivska	Chernihivska	51.5055	31.2849
14034	Чернігів	Chernihivska	Chernihivska	51.5055	31.2849
14035	Чернігів	Chernihivska	Chernihivska	51.5055	31.2849
14037	Чернігів	Chernihivska	Chernihivska	51.5055	31.2849
15000	Ріпки	Chernihivska	Ripkynskyi	51.801	31.0838
15001	Буянки	Chernihivska	Ripkynskyi	51.7848	31.179
15002	Сенюки	Chernihivska	Ripkynskyi	51.7667	30.8111
15003	Сиделівка	Chernihivska	Ripkynskyi	52.0461	31.029
15004	Скиток	Chernihivska	Ripkynskyi	52.0721	30.9692
15005	Замглай	Chernihivska	Ripkynskyi	51.815	31.1598
15006	Кратинь	Chernihivska	Ripkynskyi	51.7822	30.8404
15007	Глиненка	Chernihivska	Ripkynskyi	51.8195	31.1267
15008	Вербівка	Chernihivska	Ripkynskyi	52.0241	31.2325
15009	Аткильня	Chernihivska	Ripkynskyi	52.0027	31.1969
15010	Горностаївка	Chernihivska	Ripkynskyi	52.0701	31.0987
15011	Чижівка	Chernihivska	Ripkynskyi	52.0167	31.1
15011	Добрянка	Chernihivska	Ripkynskyi	52.0631	31.1857
15011	Строївка	Chernihivska	Ripkynskyi	51.9989	31.1365
15012	Клонів	Chernihivska	Ripkynskyi	51.6466	30.7603
15013	Старі Яриловичі	Chernihivska	Ripkynskyi	52.0302	31.006
15013	Нові Яриловичі	Chernihivska	Ripkynskyi	52.0302	31.006
15014	Клубівка	Chernihivska	Ripkynskyi	51.9665	30.9329
15015	Вербичі	Chernihivska	Ripkynskyi	51.7136	31.1721
15016	Гута Ткачова	Chernihivska	Ripkynskyi	52.0333	31.0833
15017	Киселівка	Chernihivska	Ripkynskyi	52.0576	31.0219
15018	Корчев'я	Chernihivska	Ripkynskyi	51.957	31.0395
15019	Лизунова Рудня	Chernihivska	Ripkynskyi	51.9307	30.937
15020	Суслівка	Chernihivska	Ripkynskyi	51.9406	30.8579
15020	Задеріївка	Chernihivska	Ripkynskyi	51.9089	30.855
15021	Радуль	Chernihivska	Ripkynskyi	51.8316	30.7174
15022	Вир	Chernihivska	Ripkynskyi	51.9171	30.9653
15023	Грабів	Chernihivska	Ripkynskyi	51.839	30.9713
15023	Чудівка	Chernihivska	Ripkynskyi	51.8763	30.9972
15024	Кам'янка	Chernihivska	Ripkynskyi	51.8847	30.9085
15025	Новосілки	Chernihivska	Ripkynskyi	51.8077	30.6826
15026	Олександрівка	Chernihivska	Ripkynskyi	51.9586	31.2176
15027	Олександрівка Друга	Chernihivska	Ripkynskyi	51.9505	30.959
15028	Переділ	Chernihivska	Ripkynskyi	51.8341	30.7363
15029	Пилипча	Chernihivska	Ripkynskyi	51.8678	31.0335
15030	Олешня	Chernihivska	Ripkynskyi	51.9583	31.1514
15031	Ловинь	Chernihivska	Ripkynskyi	51.8886	31.1867
15032	Грибова Рудня	Chernihivska	Ripkynskyi	51.9526	31.0994
15033	Заводське	Chernihivska	Ripkynskyi	51.9641	31.187
15034	Голубівка	Chernihivska	Ripkynskyi	51.7293	30.7232
15035	Комарівка	Chernihivska	Ripkynskyi	51.5553	30.6664
15036	Коробки	Chernihivska	Ripkynskyi	51.7323	30.6986
15037	Довгуни	Chernihivska	Ripkynskyi	51.7273	30.7109
15038	Губарі	Chernihivska	Ripkynskyi	51.6912	30.8254
15039	Галків	Chernihivska	Ripkynskyi	51.6923	30.7992
15040	Углова Рудня	Chernihivska	Ripkynskyi	51.7667	30.7333
15040	Мохначі	Chernihivska	Ripkynskyi	51.7399	30.778
15041	Любеч	Chernihivska	Ripkynskyi	51.7026	30.6569
15042	Кукарі	Chernihivska	Ripkynskyi	51.6884	30.6011
15043	Малинівка	Chernihivska	Ripkynskyi	51.7094	30.7171
15044	Смолигівка	Chernihivska	Ripkynskyi	51.6762	30.7519
15044	Тулія	Chernihivska	Ripkynskyi	51.6753	30.7095
15044	Скитьки	Chernihivska	Ripkynskyi	51.6634	30.7733
15045	Березівка	Chernihivska	Ripkynskyi	51.6831	30.7239
15046	Гута	Chernihivska	Ripkynskyi	51.5453	30.7469
15046	Неданчичі	Chernihivska	Ripkynskyi	51.5238	30.6277
15046	Грабівка	Chernihivska	Ripkynskyi	51.5714	30.7614
15047	Гірки	Chernihivska	Ripkynskyi	51.6802	30.6366
15048	Бахани	Chernihivska	Ripkynskyi	51.7602	30.8538
15049	Вороб'їв	Chernihivska	Ripkynskyi	51.6952	30.8676
15050	Петруші	Chernihivska	Ripkynskyi	51.7526	30.8777
15051	Великий Зліїв	Chernihivska	Ripkynskyi	51.7146	30.8626
15051	Чисті Лужи	Chernihivska	Ripkynskyi	51.7016	30.8375
15052	Тамарівка	Chernihivska	Ripkynskyi	51.6748	30.9419
15052	Пушкарі	Chernihivska	Ripkynskyi	51.6962	30.9398
15053	Павлівка	Chernihivska	Ripkynskyi	51.6406	30.8981
15053	Шумани	Chernihivska	Ripkynskyi	51.6592	30.8582
15054	Тараса Шевченка	Chernihivska	Ripkynskyi	51.6365	30.7974
15055	Високинь	Chernihivska	Ripkynskyi	51.6879	30.9112
15056	Духанки	Chernihivska	Ripkynskyi	51.6235	30.8632
15057	Зубахи	Chernihivska	Ripkynskyi	51.7497	30.8074
15058	Кислі	Chernihivska	Ripkynskyi	51.7673	30.8957
15059	Корольча	Chernihivska	Ripkynskyi	51.6579	30.8165
15060	Даничі	Chernihivska	Ripkynskyi	51.7834	31.0149
15061	Красківське	Chernihivska	Ripkynskyi	51.741	30.9671
15062	Убіжичі	Chernihivska	Ripkynskyi	51.7739	30.9429
15063	Суличівка	Chernihivska	Ripkynskyi	51.7292	31.0597
15063	Малий Листвен	Chernihivska	Ripkynskyi	51.7194	31.0095
15064	Гучин	Chernihivska	Ripkynskyi	51.6876	31.0538
15064	Трудове	Chernihivska	Ripkynskyi	51.6846	30.9962
15064	Ямище	Chernihivska	Ripkynskyi	51.6704	31.0655
15065	Бихольцохівка	Chernihivska	Ripkynskyi	51.7222	30.9226
15066	Левичівка	Chernihivska	Ripkynskyi	51.5754	30.6428
15067	Лопатні	Chernihivska	Ripkynskyi	51.8608	30.731
15068	Малий Зліїв	Chernihivska	Ripkynskyi	51.7206	30.8472
15069	Маньки	Chernihivska	Ripkynskyi	51.72	30.741
15070	Чумак	Chernihivska	Ripkynskyi	51.7746	31.2585
15070	Вишневе	Chernihivska	Ripkynskyi	51.7667	31.2167
15071	Новоукраїнське	Chernihivska	Ripkynskyi	51.6951	31.0979
15072	Голубичі	Chernihivska	Ripkynskyi	51.7493	31.1621
15073	Велика Вісь	Chernihivska	Ripkynskyi	51.707	31.2355
15074	Сибереж	Chernihivska	Ripkynskyi	51.6769	31.1382
15075	Великі Осняки	Chernihivska	Ripkynskyi	51.6893	31.1899
15076	Звеничів	Chernihivska	Ripkynskyi	51.7043	31.3077
15077	Мекшунівка	Chernihivska	Ripkynskyi	51.5674	30.777
15078	Мокрі Велички	Chernihivska	Ripkynskyi	51.6142	30.7839
15079	Молочки	Chernihivska	Ripkynskyi	51.7017	30.9099
15080	Нова Рудня	Chernihivska	Ripkynskyi	51.5768	30.661
15081	Шкуранка	Chernihivska	Ripkynskyi	51.6129	30.6868
15081	Гуньківка	Chernihivska	Ripkynskyi	51.6044	30.6186
15082	Губичі	Chernihivska	Ripkynskyi	51.5834	30.5968
15083	Лісківка	Chernihivska	Ripkynskyi	51.6113	30.6634
15084	Миси	Chernihivska	Ripkynskyi	51.6493	30.5898
15085	Мутичів	Chernihivska	Ripkynskyi	51.7614	31.0197
15086	Вертеча	Chernihivska	Ripkynskyi	51.6868	30.7409
15087	Нова Папірня	Chernihivska	Ripkynskyi	52.0223	30.9576
15088	Пересаж	Chernihivska	Ripkynskyi	51.7232	30.7904
15089	Петрики	Chernihivska	Ripkynskyi	51.7228	30.8246
15090	Пищики	Chernihivska	Ripkynskyi	51.7146	30.7033
15091	Пізнопали	Chernihivska	Ripkynskyi	51.9414	30.9096
15092	Плехтіївка	Chernihivska	Ripkynskyi	51.9394	30.8751
15093	Присторонь	Chernihivska	Ripkynskyi	51.7913	30.9906
15094	Рудня	Chernihivska	Ripkynskyi	51.411	30.6962
15095	Пушкіно	Chernihivska	Ripkynskyi	51.672	30.8551
15096	Рашкова Слобода	Chernihivska	Ripkynskyi	51.7834	30.8853
15097	Редьківка	Chernihivska	Ripkynskyi	51.6181	30.5938
15098	Розсудів	Chernihivska	Ripkynskyi	51.6586	30.7503
15099	Семаки	Chernihivska	Ripkynskyi	51.7376	30.7925
15100	Городня	Chernihivska	Horodnianskyi	51.8909	31.5974
15101	Будищe	Chernihivska	Horodnianskyi	51.9477	31.3296
15102	Картовецьке	Chernihivska	Horodnianskyi	51.8707	31.4344
15103	Лашуки	Chernihivska	Horodnianskyi	51.73	31.6539
15107	Альошинське	Chernihivska	Horodnianskyi	51.9276	31.6
15108	Вокзал Городня	Chernihivska	Horodnianskyi	51.9053	31.6424
15109	Хрипівка	Chernihivska	Horodnianskyi	51.8661	31.6172
15110	Деревини	Chernihivska	Horodnianskyi	52.1023	31.5025
15111	Перепис	Chernihivska	Horodnianskyi	52.0559	31.4631
15112	Кусії	Chernihivska	Horodnianskyi	52.1194	31.4133
15113	Ільмівка	Chernihivska	Horodnianskyi	52.0477	31.328
15114	Карпівка	Chernihivska	Horodnianskyi	52.0696	31.3881
15115	Володимирівка	Chernihivska	Horodnianskyi	52.0219	31.3081
15116	День-Добрий	Chernihivska	Horodnianskyi	51.9775	31.2924
15118	Світанок	Chernihivska	Horodnianskyi	52.0397	31.3734
15119	Гніздище	Chernihivska	Horodnianskyi	51.8735	31.4965
15120	Сеньківка	Chernihivska	Horodnianskyi	52.089	31.7804
15121	Лемешівка	Chernihivska	Horodnianskyi	52.0773	31.6347
15122	Хоробичі	Chernihivska	Horodnianskyi	52.0231	31.5185
15123	Андріївка	Chernihivska	Horodnianskyi	52.0223	31.5714
15124	Старосілля	Chernihivska	Horodnianskyi	52.0152	31.6159
15125	Мощенка	Chernihivska	Horodnianskyi	52.0353	31.7332
15126	Автуничі	Chernihivska	Horodnianskyi	52.0275	31.6515
15127	Гасичівка	Chernihivska	Horodnianskyi	52.0165	31.773
15128	Берилівка	Chernihivska	Horodnianskyi	52.0747	31.7426
15129	Диханівка	Chernihivska	Horodnianskyi	51.9492	31.395
15130	Ваганичі	Chernihivska	Horodnianskyi	52.02	31.4413
15131	Солонівка	Chernihivska	Horodnianskyi	51.9929	31.6485
15132	Дроздовиця	Chernihivska	Horodnianskyi	51.9674	31.4263
15133	Хотівля	Chernihivska	Horodnianskyi	51.9609	31.5032
15134	Кузничі	Chernihivska	Horodnianskyi	51.9728	31.5667
15135	Бутівка	Chernihivska	Horodnianskyi	51.9366	31.6745
15136	Вершини	Chernihivska	Horodnianskyi	52.0303	31.3929
15137	Здрягівка	Chernihivska	Horodnianskyi	51.93	31.7497
15138	Зелене	Chernihivska	Horodnianskyi	51.9646	31.5831
15140	Моложава	Chernihivska	Horodnianskyi	51.8843	31.372
15141	Невкля	Chernihivska	Horodnianskyi	51.8356	31.3295
15142	Стовпівка	Chernihivska	Horodnianskyi	51.8407	31.5188
15143	Бурівка	Chernihivska	Horodnianskyi	51.7806	31.332
15144	Безиків	Chernihivska	Horodnianskyi	51.8121	31.3389
15145	Лютіж	Chernihivska	Horodnianskyi	51.9048	31.4261
15146	Минаївщина	Chernihivska	Horodnianskyi	51.8993	31.3713
15147	Перерост	Chernihivska	Horodnianskyi	51.8822	31.3119
15148	Полісся	Chernihivska	Horodnianskyi	51.967	31.7226
15149	Слобода	Chernihivska	Horodnianskyi	52.1069	31.4878
15150	Тупичів	Chernihivska	Horodnianskyi	51.7704	31.4334
15151	Вихвостів	Chernihivska	Horodnianskyi	51.7341	31.4003
15152	Івашківка	Chernihivska	Horodnianskyi	51.7024	31.4325
15153	Куликівка	Chernihivska	Horodnianskyi	51.7264	31.4643
15154	Довге	Chernihivska	Horodnianskyi	51.6562	31.4411
15155	Перше Травня	Chernihivska	Horodnianskyi	51.6736	31.4955
15156	Розвинівка	Chernihivska	Horodnianskyi	51.7276	31.3168
15157	Студенець	Chernihivska	Horodnianskyi	51.74	31.4309
15158	Тополівка	Chernihivska	Horodnianskyi	51.7497	31.4237
15159	Травневе	Chernihivska	Horodnianskyi	51.9198	31.4703
15160	Великий Листвен	Chernihivska	Horodnianskyi	51.7706	31.4971
15161	Смичин	Chernihivska	Horodnianskyi	51.745	31.6093
15162	Пекурівка	Chernihivska	Horodnianskyi	51.8094	31.5762
15163	Дібрівне	Chernihivska	Horodnianskyi	51.7654	31.6129
15164	Ясенівка	Chernihivska	Horodnianskyi	51.9196	31.6687
15165	Залісся	Chernihivska	Horodnianskyi	51.8599	31.2676
15166	Мальча	Chernihivska	Horodnianskyi	52.0525	31.5856
15167	Мости	Chernihivska	Horodnianskyi	52.0896	31.3631
15168	Павло -Іванівське	Chernihivska	Horodnianskyi	51.9295	31.633
15169	Півнівщина	Chernihivska	Horodnianskyi	51.8402	31.6437
15170	Конотоп	Chernihivska	Horodnianskyi	51.7448	31.6992
15171	Великий Дирчин	Chernihivska	Horodnianskyi	51.7189	31.6943
15172	Макишин	Chernihivska	Horodnianskyi	51.6858	31.6209
15173	Малий Дирчин	Chernihivska	Horodnianskyi	51.7157	31.7158
15174	Політрудня	Chernihivska	Horodnianskyi	51.8318	31.6023
15175	Рубіж	Chernihivska	Horodnianskyi	52.0493	31.6018
15176	Барабанівське	Chernihivska	Horodnianskyi	52.042	31.3954
15177	Горошківка	Chernihivska	Horodnianskyi	51.8595	31.5356
15178	Сутоки	Chernihivska	Horodnianskyi	52.0068	31.7505
15179	Ближнє	Chernihivska	Horodnianskyi	52.0953	31.3522
15180	Черецьке	Chernihivska	Horodnianskyi	51.8668	31.3399
15200	Сновськ	Chernihivska	Snovkyi	51.8306	31.9812
15204	Сновське	Chernihivska	Snovkyi	51.8435	32.0162
15205	Глибокий Ріг	Chernihivska	Snovkyi	51.8986	32.1176
15207	Великий Щимель	Chernihivska	Snovkyi	51.7838	31.9652
15208	Гвоздиківка	Chernihivska	Snovkyi	51.8406	31.9075
15209	Займище	Chernihivska	Snovkyi	51.7866	31.8996
15210	Клюси	Chernihivska	Snovkyi	52.0776	31.9344
15211	Гірськ	Chernihivska	Snovkyi	52.0241	31.8542
15212	Єліне	Chernihivska	Snovkyi	52.0241	31.973
15213	Жовідь	Chernihivska	Snovkyi	51.9673	31.8306
15214	Нові Боровичі	Chernihivska	Snovkyi	51.9347	31.8647
15215	Безуглівка	Chernihivska	Snovkyi	51.9939	31.9099
15216	Загребельна Слобода	Chernihivska	Snovkyi	51.9333	31.9
15217	Млинок	Chernihivska	Snovkyi	51.9948	31.9916
15218	Крестопівщина	Chernihivska	Snovkyi	51.9157	31.7139
15219	Камка	Chernihivska	Snovkyi	51.8729	31.8141
15220	Хотуничі	Chernihivska	Snovkyi	51.8874	31.7744
15221	Старі Боровичі	Chernihivska	Snovkyi	51.8849	31.8596
15222	Петрівка	Chernihivska	Snovkyi	51.8477	31.7436
15223	Стара Рудня	Chernihivska	Snovkyi	51.8173	31.726
15224	Заріччя	Chernihivska	Snovkyi	51.7951	31.8183
15225	Журавок	Chernihivska	Snovkyi	51.8786	31.6869
15226	Піщанка	Chernihivska	Snovkyi	51.9949	31.8486
15227	Пльохів	Chernihivska	Snovkyi	52.1054	31.8605
15228	Єнькова Рудня	Chernihivska	Snovkyi	51.8512	31.9782
15230	Тихоновичі	Chernihivska	Snovkyi	51.9391	32.1721
15231	Тур'я	Chernihivska	Snovkyi	51.9203	32.0808
15232	Софіївка	Chernihivska	Snovkyi	51.8878	32.1361
15233	Чепелів	Chernihivska	Snovkyi	51.8691	32.0761
15234	Іванівка	Chernihivska	Snovkyi	51.9139	32.0973
15236	Лука	Chernihivska	Snovkyi	51.9496	32.0065
15237	Мишине	Chernihivska	Snovkyi	51.929	32.0504
15238	Сальне	Chernihivska	Snovkyi	52.0098	32.1602
15239	Селище	Chernihivska	Snovkyi	51.8644	31.9473
15240	Смяч	Chernihivska	Snovkyi	51.7657	31.7457
15241	Нові Млини	Chernihivska	Snovkyi	51.7646	31.8262
15242	Лосєва Слобода	Chernihivska	Snovkyi	51.7316	31.8258
15243	Слава	Chernihivska	Snovkyi	51.9648	32.1896
15244	Липівка	Chernihivska	Snovkyi	52.106	31.8573
15245	Михайлівка	Chernihivska	Snovkyi	51.8079	32.0507
15246	Містки	Chernihivska	Snovkyi	52.0092	32.0482
15247	Гута Студенецька	Chernihivska	Snovkyi	52.0065	32.186
15248	Хрінівка	Chernihivska	Snovkyi	52.069	31.8419
15251	Суничне	Chernihivska	Snovkyi	51.78	32.0313
15252	Кучинівка	Chernihivska	Snovkyi	51.7168	31.9137
15253	Рогізки	Chernihivska	Snovkyi	51.6801	31.8413
15255	Руда	Chernihivska	Snovkyi	51.6571	32.0667
15256	Привільне	Chernihivska	Snovkyi	51.6756	31.9618
15257	Попільня	Chernihivska	Snovkyi	51.704	31.9683
15258	Лютівка	Chernihivska	Snovkyi	51.7144	31.9952
15260	Низківка	Chernihivska	Snovkyi	51.6577	32.0326
15261	Радвине	Chernihivska	Snovkyi	51.7039	32.0268
15262	Філонівка	Chernihivska	Snovkyi	51.7004	32.0668
15263	Шкробове	Chernihivska	Snovkyi	51.7793	32.0647
15264	Щокоть	Chernihivska	Snovkyi	51.6855	32.041
15300	Корюківка	Chernihivska	Koriukivskyi	51.7688	32.2481
15302	Корюківка	Chernihivska	Koriukivskyi	51.7688	32.2481
15306	Переділ	Chernihivska	Koriukivskyi	51.808	32.1301
15307	Парастовське	Chernihivska	Koriukivskyi	51.933	32.4357
15309	Андроники	Chernihivska	Koriukivskyi	51.8012	32.0896
15310	Шишківка	Chernihivska	Koriukivskyi	52.022	32.2891
15311	Прибинь	Chernihivska	Koriukivskyi	51.9893	32.2922
15312	Перелюб	Chernihivska	Koriukivskyi	51.9824	32.3324
15313	Охрамієвичі	Chernihivska	Koriukivskyi	51.9091	32.2835
15314	Наумівка	Chernihivska	Koriukivskyi	51.8412	32.1846
15315	Високе	Chernihivska	Koriukivskyi	51.8467	32.2848
15317	Лісове	Chernihivska	Koriukivskyi	51.903	32.4796
15318	Журавлева Буда	Chernihivska	Koriukivskyi	51.9205	32.4777
15319	Голубівщина	Chernihivska	Koriukivskyi	51.8942	32.4554
15320	Білошицька Слобода	Chernihivska	Koriukivskyi	51.9679	32.3832
15321	Рибинськ	Chernihivska	Koriukivskyi	51.9136	32.4478
15322	Лупасове	Chernihivska	Koriukivskyi	51.8836	32.3724
15323	Сядрине	Chernihivska	Koriukivskyi	51.8338	32.4331
15324	Будище	Chernihivska	Koriukivskyi	51.797	32.3664
15325	Новоселівка	Chernihivska	Koriukivskyi	51.944	32.4618
15326	Кучугури	Chernihivska	Koriukivskyi	51.8579	32.4784
15327	Довжик	Chernihivska	Koriukivskyi	52.0138	32.7578
15328	Дачне	Chernihivska	Koriukivskyi	51.8879	32.7792
15329	Борок	Chernihivska	Koriukivskyi	51.8877	32.6568
15330	Камка	Chernihivska	Koriukivskyi	51.8972	32.5347
15331	Холми	Chernihivska	Koriukivskyi	51.871	32.6006
15332	Козилівка	Chernihivska	Koriukivskyi	51.8826	32.7201
15333	Маховики	Chernihivska	Koriukivskyi	51.7798	32.1498
15334	Жукля	Chernihivska	Koriukivskyi	51.8185	32.6591
15335	Рейментарівка	Chernihivska	Koriukivskyi	51.7807	32.5596
15336	Гутище	Chernihivska	Koriukivskyi	51.7382	32.6083
15337	Довга Гребля	Chernihivska	Koriukivskyi	51.7561	32.5443
15338	Заляддя	Chernihivska	Koriukivskyi	51.7488	32.6159
15339	Олешня	Chernihivska	Koriukivskyi	51.8596	32.5298
15340	Кирилівка	Chernihivska	Koriukivskyi	51.7064	32.1057
15341	Воловики	Chernihivska	Koriukivskyi	51.668	32.0895
15342	Забарівка	Chernihivska	Koriukivskyi	51.6821	32.0955
15343	Нова Буда	Chernihivska	Koriukivskyi	51.709	32.0563
15344	Олійники	Chernihivska	Koriukivskyi	51.7582	32.5948
15345	Петрова Слобода	Chernihivska	Koriukivskyi	51.7546	32.1901
15346	Рудня	Chernihivska	Koriukivskyi	51.71	32.6181
15347	Луковець	Chernihivska	Koriukivskyi	51.7144	32.2524
15348	Кугуки	Chernihivska	Koriukivskyi	51.7382	32.2609
15349	Костючки	Chernihivska	Koriukivskyi	51.7029	32.2605
15350	Тютюнниця	Chernihivska	Koriukivskyi	51.7119	32.2359
15351	Сахутівка	Chernihivska	Koriukivskyi	51.657	32.2619
15352	Олександрівка	Chernihivska	Koriukivskyi	51.647	32.1435
15353	Піски	Chernihivska	Koriukivskyi	51.6801	32.147
15354	Самотуги	Chernihivska	Koriukivskyi	51.7976	32.4436
15355	Самсонівка	Chernihivska	Koriukivskyi	51.6826	32.2101
15356	Соснівка	Chernihivska	Koriukivskyi	51.7787	32.1141
15358	Стопилка	Chernihivska	Koriukivskyi	51.8751	32.4641
15359	Тельне	Chernihivska	Koriukivskyi	51.8159	32.4159
15360	Савинки	Chernihivska	Koriukivskyi	51.7554	32.4604
15361	Бреч	Chernihivska	Koriukivskyi	51.7385	32.3415
15362	Домашлин	Chernihivska	Koriukivskyi	51.6525	32.3238
15363	Гуринівка	Chernihivska	Koriukivskyi	51.7457	32.2968
15364	Лубенець	Chernihivska	Koriukivskyi	51.7727	32.3733
15365	Нова Гуринівка	Chernihivska	Koriukivskyi	51.7297	32.2907
15366	Озереди	Chernihivska	Koriukivskyi	51.7793	32.379
15367	Тихонівське	Chernihivska	Koriukivskyi	51.9291	32.7334
15368	Трудовик	Chernihivska	Koriukivskyi	51.7573	32.3097
15369	Турівка	Chernihivska	Koriukivskyi	51.8668	32.224
15370	Уріччя	Chernihivska	Koriukivskyi	51.8704	32.6469
15371	Ховдіївка	Chernihivska	Koriukivskyi	51.7124	32.3654
15372	Хотіївка	Chernihivska	Koriukivskyi	51.7109	32.4759
15373	Ченчики	Chernihivska	Koriukivskyi	51.8481	32.5832
15374	Романівська Буда	Chernihivska	Koriukivskyi	51.7858	32.455
15375	Бурківка	Chernihivska	Koriukivskyi	51.7858	32.455
15376	Шишка	Chernihivska	Koriukivskyi	51.7656	32.0998
15377	Бешківка	Chernihivska	Koriukivskyi	51.6769	32.2837
15378	Бобрик	Chernihivska	Koriukivskyi	51.9164	32.73
15382	Верхолісся	Chernihivska	Koriukivskyi	51.6647	32.1566
15383	Буда	Chernihivska	Koriukivskyi	51.8781	32.3196
15384	Баляси	Chernihivska	Koriukivskyi	51.9971	32.3474
15400	Семенівка	Chernihivska	Semenivskyi	52.1783	32.5818
15401	Семенівка	Chernihivska	Semenivskyi	52.1783	32.5818
15405	Калинівське	Chernihivska	Semenivskyi	52.2024	32.6077
15407	Ферубки	Chernihivska	Semenivskyi	52.1715	32.8301
15408	Луб'яне	Chernihivska	Semenivskyi	52.2024	32.6077
15409	Заріччя	Chernihivska	Semenivskyi	52.2814	32.437
15410	Тимоновичі	Chernihivska	Semenivskyi	52.2941	32.4284
15411	Медведівка	Chernihivska	Semenivskyi	52.2944	32.4619
15412	Янжулівка	Chernihivska	Semenivskyi	52.2361	32.569
15413	Зелена Роща	Chernihivska	Semenivskyi	52.1899	32.8518
15414	Кути Другі	Chernihivska	Semenivskyi	52.1156	32.5558
15415	Зоря	Chernihivska	Semenivskyi	52.1954	32.8269
15416	Гаті	Chernihivska	Semenivskyi	52.2385	32.4033
15417	Березовий Гай	Chernihivska	Semenivskyi	52.2361	32.569
15418	Чорнозем	Chernihivska	Semenivskyi	52.2625	32.4986
15419	Покровське	Chernihivska	Semenivskyi	52.2982	32.5252
15420	Карповичі	Chernihivska	Semenivskyi	52.217	32.3828
15421	Хотіївка	Chernihivska	Semenivskyi	52.2405	32.5083
15422	Прогрес	Chernihivska	Semenivskyi	52.2126	32.4447
15424	Красні Лози	Chernihivska	Semenivskyi	52.2065	32.3582
15425	Кринички	Chernihivska	Semenivskyi	52.2518	32.475
15426	Лісківщина	Chernihivska	Semenivskyi	52.1784	32.4361
15428	Набережне	Chernihivska	Semenivskyi	52.2055	32.3921
15430	Миколаївка	Chernihivska	Semenivskyi	52.2416	32.6379
15431	Залізний Міст	Chernihivska	Semenivskyi	52.2133	32.7014
15432	Іванівка	Chernihivska	Semenivskyi	52.1463	32.6972
15433	Зелений Гай	Chernihivska	Semenivskyi	51.8746	32.8207
15434	Іванпуть	Chernihivska	Semenivskyi	52.1317	32.7018
15435	Кривуша	Chernihivska	Semenivskyi	52.1851	32.6776
15436	Марс	Chernihivska	Semenivskyi	52.1574	32.736
15437	Ракути	Chernihivska	Semenivskyi	52.1756	32.7776
15438	Східне	Chernihivska	Semenivskyi	52.1596	32.7857
15439	Брониви	Chernihivska	Semenivskyi	52.1428	32.7262
15440	Архипівка	Chernihivska	Semenivskyi	52.2354	32.8262
15441	Галаганівка	Chernihivska	Semenivskyi	52.2503	32.7617
15442	Леонівка	Chernihivska	Semenivskyi	52.2576	32.8454
15443	Костобобрів	Chernihivska	Semenivskyi	52.2343	32.939
15444	Олександрівка	Chernihivska	Semenivskyi	52.1854	32.9109
15445	Газопровідне	Chernihivska	Semenivskyi	52.1697	32.9232
15446	Карасі	Chernihivska	Semenivskyi	52.1885	32.9799
15447	Криульки	Chernihivska	Semenivskyi	52.1874	32.9182
15448	Грем'ячка	Chernihivska	Semenivskyi	52.2481	32.7894
15449	Максимихине	Chernihivska	Semenivskyi	52.18	32.9447
15450	Орликівка	Chernihivska	Semenivskyi	52.0693	32.4161
15451	Блешня	Chernihivska	Semenivskyi	52.1293	32.3461
15452	Погорільці	Chernihivska	Semenivskyi	52.106	32.5515
15453	Лосівка	Chernihivska	Semenivskyi	52.0547	32.5647
15454	Тополівка	Chernihivska	Semenivskyi	52.0331	32.4614
15455	Угли	Chernihivska	Semenivskyi	52.1666	32.8932
15457	Баранівка	Chernihivska	Semenivskyi	52.0642	32.3001
15458	Хандобоківка	Chernihivska	Semenivskyi	52.106	32.5515
15459	Сергіївське	Chernihivska	Semenivskyi	52.2246	32.8786
15460	Машеве	Chernihivska	Semenivskyi	52.0864	32.7998
15461	Жадове	Chernihivska	Semenivskyi	52.0508	32.6661
15462	Вільхівка	Chernihivska	Semenivskyi	52.0133	32.5765
15463	Довжик	Chernihivska	Semenivskyi	52.0138	32.7578
15464	Єршов	Chernihivska	Semenivskyi	52.0107	32.7963
15465	Іванине	Chernihivska	Semenivskyi	51.9973	32.6589
15466	Селище	Chernihivska	Semenivskyi	52.0129	32.6061
15467	Турове	Chernihivska	Semenivskyi	52.0033	32.7703
15468	Березова Роща	Chernihivska	Semenivskyi	51.9514	32.6081
15469	Мхи	Chernihivska	Semenivskyi	52.1338	32.4098
15470	Радомка	Chernihivska	Semenivskyi	51.9365	32.5623
15471	Стара Гутка	Chernihivska	Semenivskyi	51.9814	32.5592
15472	Чорний Ріг	Chernihivska	Semenivskyi	51.9448	32.6393
15473	Бобрик Другий	Chernihivska	Semenivskyi	51.9329	32.6888
15474	Вільшанка	Chernihivska	Semenivskyi	51.9838	32.5397
15475	Жаданівка	Chernihivska	Semenivskyi	51.9861	32.5676
15476	Козилівщина	Chernihivska	Semenivskyi	51.9481	32.7079
15477	Лосевочка	Chernihivska	Semenivskyi	51.9706	32.6366
15478	Лубня	Chernihivska	Semenivskyi	51.9502	32.6743
15479	Шведчина	Chernihivska	Semenivskyi	51.9817	32.6166
15501	Новий Білоус	Chernihivska	Chernihivskyi	51.5361	31.1872
15502	Новоселівка	Chernihivska	Chernihivskyi	51.5333	31.3833
15503	Павлівка	Chernihivska	Chernihivskyi	51.471	31.2271
15504	Старий Білоус	Chernihivska	Chernihivskyi	51.4918	31.2125
15505	Киїнка	Chernihivska	Chernihivskyi	51.4535	31.1932
15506	Рижики	Chernihivska	Chernihivskyi	51.6147	31.1637
15507	Москалі	Chernihivska	Chernihivskyi	51.5854	30.9762
15508	Левоньки	Chernihivska	Chernihivskyi	51.5621	31.029
15509	Антоновичі	Chernihivska	Chernihivskyi	51.5791	30.919
15510	Хмільниця	Chernihivska	Chernihivskyi	51.6458	31.1766
15510	Юр'ївка	Chernihivska	Chernihivskyi	51.6458	31.1766
15511	Довжик	Chernihivska	Chernihivskyi	51.6182	31.0163
15512	Кувечичі	Chernihivska	Chernihivskyi	51.6284	30.952
15513	Мохнатин	Chernihivska	Chernihivskyi	51.5909	31.0685
15514	Рудка	Chernihivska	Chernihivskyi	51.5737	31.1232
15515	Шибиринівка	Chernihivska	Chernihivskyi	51.555	30.9792
15516	Пльохів	Chernihivska	Chernihivskyi	51.5365	30.9074
15516	Скугарі	Chernihivska	Chernihivskyi	51.5253	30.8871
15517	Жукотки	Chernihivska	Chernihivskyi	51.536	31.0337
15518	Редьківка	Chernihivska	Chernihivskyi	51.5564	31.1645
15518	Кошівка	Chernihivska	Chernihivskyi	51.556	31.1827
15519	Гірманка	Chernihivska	Chernihivskyi	51.5141	30.9884
15520	Роїще	Chernihivska	Chernihivskyi	51.6492	31.2663
15521	Петрушин	Chernihivska	Chernihivskyi	51.6486	31.3529
15522	Седнів	Chernihivska	Chernihivskyi	51.6447	31.565
15523	Малинівка	Chernihivska	Chernihivskyi	51.6167	31.3833
15524	Халявин	Chernihivska	Chernihivskyi	51.5973	31.2972
15525	Терехівка	Chernihivska	Chernihivskyi	51.5942	31.4089
15525	Стаси	Chernihivska	Chernihivskyi	51.6204	31.4251
15525	Товстоліс	Chernihivska	Chernihivskyi	51.5823	31.3456
15526	Черниш	Chernihivska	Chernihivskyi	51.6149	31.5098
15527	Нове	Chernihivska	Chernihivskyi	51.6473	31.4891
15528	Клочків	Chernihivska	Chernihivskyi	51.6097	31.5933
15529	Березанка	Chernihivska	Chernihivskyi	51.5511	31.4389
15530	Киселівка	Chernihivska	Chernihivskyi	51.0471	31.3801
15531	Брусилів	Chernihivska	Chernihivskyi	51.5433	31.5171
15532	Боромики	Chernihivska	Chernihivskyi	51.5371	31.6011
15533	Піски	Chernihivska	Chernihivskyi	51.4697	31.4408
15533	Єньків	Chernihivska	Chernihivskyi	51.4786	31.3725
15534	Снов'янка	Chernihivska	Chernihivskyi	51.5601	31.5692
15535	Вознесенське	Chernihivska	Chernihivskyi	51.4577	31.3071
15536	Линея	Chernihivska	Chernihivskyi	51.4098	30.8367
15537	Кобилянка	Chernihivska	Chernihivskyi	51.5715	31.5391
15538	Глядин	Chernihivska	Chernihivskyi	51.4898	30.6928
15539	Зайці	Chernihivska	Chernihivskyi	51.4698	31.1217
15540	Храпате	Chernihivska	Chernihivskyi	51.4602	30.6892
15540	Мньов	Chernihivska	Chernihivskyi	51.4522	30.6529
15541	Центральне	Chernihivska	Chernihivskyi	51.3671	30.7422
15542	Ведильці	Chernihivska	Chernihivskyi	51.4637	30.8522
15543	Пакуль	Chernihivska	Chernihivskyi	51.4081	30.8028
15543	Завод	Chernihivska	Chernihivskyi	51.408	30.7105
15544	Шульгівка	Chernihivska	Chernihivskyi	51.3665	30.8642
15544	Ковпита	Chernihivska	Chernihivskyi	51.3838	30.859
15544	Жидиничі	Chernihivska	Chernihivskyi	51.3492	30.8694
15545	Шмаївка	Chernihivska	Chernihivskyi	51.3725	30.6783
15545	Дніпровське	Chernihivska	Chernihivskyi	51.3523	30.6849
15545	Старик	Chernihivska	Chernihivskyi	51.3605	30.6681
15546	Боровики	Chernihivska	Chernihivskyi	51.2956	30.7305
15546	Хатилова Гута	Chernihivska	Chernihivskyi	51.3056	30.6937
15547	Будище	Chernihivska	Chernihivskyi	51.2963	30.7667
15548	Василева Гута	Chernihivska	Chernihivskyi	51.288	30.7126
15549	Ворохівка	Chernihivska	Chernihivskyi	51.3101	30.7625
15550	Левковичі	Chernihivska	Chernihivskyi	51.4925	31.0862
15551	Кархівка	Chernihivska	Chernihivskyi	51.4633	30.9189
15552	Михайло-Коцюбинське	Chernihivska	Chernihivskyi	51.4538	31.0803
15553	Загатка	Chernihivska	Chernihivskyi	51.3345	30.6651
15554	Андріївка	Chernihivska	Chernihivskyi	51.3993	31.0149
15555	Якубівка	Chernihivska	Chernihivskyi	51.3798	31.1172
15555	Слабин	Chernihivska	Chernihivskyi	51.3537	31.1214
15556	Козероги	Chernihivska	Chernihivskyi	51.3095	31.0418
15556	Жеведь	Chernihivska	Chernihivskyi	51.3267	30.9795
15557	Смолин	Chernihivska	Chernihivskyi	51.288	31.0005
15558	Гончарівське	Chernihivska	Chernihivskyi	51.2988	30.9197
15559	Льгів	Chernihivska	Chernihivskyi	51.4945	31.1451
15560	Анисів	Chernihivska	Chernihivskyi	51.4356	31.3581
15561	Шестовиця	Chernihivska	Chernihivskyi	51.3866	31.195
15562	Іванівка	Chernihivska	Chernihivskyi	51.3751	31.2936
15562	Ягідне	Chernihivska	Chernihivskyi	51.3454	31.2724
15563	Количівка	Chernihivska	Chernihivskyi	51.4156	31.303
15564	Слобода	Chernihivska	Chernihivskyi	51.3349	31.3664
15565	Буди	Chernihivska	Chernihivskyi	51.3581	31.4351
15566	Вікторівка	Chernihivska	Chernihivskyi	51.2977	31.4118
15567	Драчівщина	Chernihivska	Chernihivskyi	51.2899	31.3714
15568	Ліски	Chernihivska	Chernihivskyi	51.3127	30.7708
15569	Лісне	Chernihivska	Chernihivskyi	51.3141	30.6995
15570	Ладинка	Chernihivska	Chernihivskyi	51.2862	31.1444
15571	Кругле	Chernihivska	Chernihivskyi	51.524	31.0829
15572	Скорінець	Chernihivska	Chernihivskyi	51.316	31.3063
15572	Красне	Chernihivska	Chernihivskyi	51.2897	31.2711
15573	Серединка	Chernihivska	Chernihivskyi	51.2441	31.2042
15574	Топчіївка	Chernihivska	Chernihivskyi	51.2331	31.2397
15574	Сіножацьке	Chernihivska	Chernihivskyi	51.235	31.1401
15575	Олишівка	Chernihivska	Chernihivskyi	51.2227	31.3331
15576	Папірня	Chernihivska	Chernihivskyi	51.41	30.7531
15577	Золотинка	Chernihivska	Chernihivskyi	51.3418	31.2251
15578	Леньків Круг	Chernihivska	Chernihivskyi	51.4881	30.9759
15579	Лукашівка	Chernihivska	Chernihivskyi	51.386	31.3976
15580	Льгівка	Chernihivska	Chernihivskyi	51.5199	31.1103
15581	Трисвятська Слобода	Chernihivska	Chernihivskyi	51.4913	31.174
15582	Рівнопілля	Chernihivska	Chernihivskyi	51.6069	31.2334
15583	Жавинка	Chernihivska	Chernihivskyi	51.4436	31.2494
15584	Моргуличі	Chernihivska	Chernihivskyi	51.5704	31.6613
15585	Петрове	Chernihivska	Chernihivskyi	51.5585	31.6482
15586	Пильня	Chernihivska	Chernihivskyi	51.4112	30.7294
15587	Підгірне	Chernihivska	Chernihivskyi	51.472	31.4068
15588	Бірки	Chernihivska	Chernihivskyi	51.516	30.8556
15589	Повідов	Chernihivska	Chernihivskyi	51.323	30.6712
15590	Прохорів	Chernihivska	Chernihivskyi	51.3076	30.6474
15591	Пустинки	Chernihivska	Chernihivskyi	51.4174	30.6571
15592	Мажугівка	Chernihivska	Chernihivskyi	51.3969	31.094
15593	Ревунів Круг	Chernihivska	Chernihivskyi	51.338	30.8523
15594	Малейки	Chernihivska	Chernihivskyi	51.415	30.9095
15595	Рудня	Chernihivska	Chernihivskyi	51.411	30.6962
15596	Рябці	Chernihivska	Chernihivskyi	51.6115	31.1937
15597	Селянська Слобода	Chernihivska	Chernihivskyi	51.5418	31.0736
15598	Семенягівка	Chernihivska	Chernihivskyi	51.3948	30.8139
15599	Друцьке	Chernihivska	Chernihivskyi	51.316	31.1577
15600	Мена	Chernihivska	Menskyi	51.5217	32.2157
15604	Лугове	Chernihivska	Menskyi	51.6859	31.7789
15605	Кам'янка	Chernihivska	Menskyi	51.5642	31.9387
15606	Подин	Chernihivska	Menskyi	51.4849	31.8214
15617	Святі Гори	Chernihivska	Menskyi	51.6274	31.7276
15619	Климентинівка	Chernihivska	Menskyi	51.6274	31.7276
15620	Сахнівка	Chernihivska	Menskyi	51.6277	31.7214
15621	Бігач	Chernihivska	Menskyi	51.6243	31.6435
15622	Березна	Chernihivska	Menskyi	51.5716	31.7846
15626	Яськове	Chernihivska	Menskyi	51.6871	31.736
15630	Синявка	Chernihivska	Menskyi	51.6108	32.0107
15631	Городище	Chernihivska	Menskyi	51.5913	31.9843
15632	Волосківці	Chernihivska	Menskyi	51.4984	31.6943
15633	Степанівка	Chernihivska	Menskyi	51.5269	32.0249
15637	Прогрес	Chernihivska	Menskyi	51.121	31.178
15638	Комарівка	Chernihivska	Menskyi	51.5553	30.6664
15639	Вільне	Chernihivska	Menskyi	51.5852	32.3014
15640	Киселівка	Chernihivska	Menskyi	51.601	32.2213
15641	Величківка	Chernihivska	Menskyi	51.5659	32.2302
15642	Данилівка	Chernihivska	Menskyi	51.5663	32.148
15643	Садове	Chernihivska	Menskyi	50.7863	31.8919
15644	Веселе	Chernihivska	Menskyi	51.2949	31.8169
15645	Нові Броди	Chernihivska	Menskyi	51.379	32.0812
15646	Майське	Chernihivska	Menskyi	51.4595	32.1787
15650	Покровське	Chernihivska	Menskyi	52.2982	32.5252
15651	Слобідка	Chernihivska	Menskyi	51.4984	32.3908
15652	Макошине	Chernihivska	Menskyi	51.4596	32.3464
15653	Остапівка	Chernihivska	Menskyi	51.42	32.3433
15655	Куковичі	Chernihivska	Menskyi	51.4573	32.2401
15656	Куковицьке	Chernihivska	Menskyi	51.4333	32.2667
15657	Загорівка	Chernihivska	Menskyi	51.5848	32.2538
15658	Овчарівка	Chernihivska	Menskyi	51.5848	32.2538
15659	Гориця	Chernihivska	Menskyi	51.5269	31.6642
15660	Локнисте	Chernihivska	Menskyi	51.5261	31.7118
15661	Стольне	Chernihivska	Menskyi	51.518	31.9162
15662	Семенівка	Chernihivska	Menskyi	51.4673	31.8834
15663	Миколаївка	Chernihivska	Menskyi	51.456	31.7742
15664	Гребля	Chernihivska	Menskyi	51.5108	31.795
15665	Гусавка	Chernihivska	Menskyi	51.5184	31.7522
15666	Домниця	Chernihivska	Menskyi	51.4858	31.7885
15667	Лазарівка	Chernihivska	Menskyi	51.4971	31.8464
15668	Мощне	Chernihivska	Menskyi	51.5122	31.8358
15669	Мурівка	Chernihivska	Menskyi	51.4742	31.8244
15670	Дягова	Chernihivska	Menskyi	51.5045	32.0654
15671	Феськівка	Chernihivska	Menskyi	51.5039	32.1618
15672	Ліски	Chernihivska	Menskyi	51.4636	32.148
15673	Осьмаки	Chernihivska	Menskyi	51.7008	32.758
15674	Бірківка	Chernihivska	Menskyi	51.4403	32.0093
15675	Блистова	Chernihivska	Menskyi	51.4163	31.9265
15676	Ушня	Chernihivska	Menskyi	51.4078	32.0615
15677	Дерепівка	Chernihivska	Menskyi	51.3974	31.9407
15678	Дібровка	Chernihivska	Menskyi	51.4789	32.1026
15679	Чорногорці	Chernihivska	Menskyi	51.4751	31.8521
15680	Луки	Chernihivska	Menskyi	51.3966	32.1881
15681	Максаки	Chernihivska	Menskyi	51.4245	32.192
15682	Дмитрівка	Chernihivska	Menskyi	51.4901	31.8615
16000	Новгород-Сіверський	Chernihivska	Novhorod-Siverskyi	52.0058	33.2615
16003	Гай	Chernihivska	Novhorod-Siverskyi	52.3028	33.2758
16006	Мовчанів	Chernihivska	Novhorod-Siverskyi	52.2387	33.1055
16007	Сапожків Хутір	Chernihivska	Novhorod-Siverskyi	52.21	33.2009
16008	Карабани	Chernihivska	Novhorod-Siverskyi	52.1593	32.9802
16009	Мурав'ї	Chernihivska	Novhorod-Siverskyi	52.3437	33.3813
16010	Бучки	Chernihivska	Novhorod-Siverskyi	52.3104	33.1113
16011	Михальчина Слобода	Chernihivska	Novhorod-Siverskyi	52.0767	33.0633
16012	Буда-Вороб'ївська	Chernihivska	Novhorod-Siverskyi	52.0767	33.0633
16013	Вороб'ївка	Chernihivska	Novhorod-Siverskyi	52.0767	33.0633
16014	Чайкине	Chernihivska	Novhorod-Siverskyi	52.0767	33.0633
16015	Аршуки	Chernihivska	Novhorod-Siverskyi	52.1369	33.1061
16016	Великий Гай	Chernihivska	Novhorod-Siverskyi	52.2585	33.1147
16017	Вильчики	Chernihivska	Novhorod-Siverskyi	52.2753	33.1254
16018	Внутрішній Бір	Chernihivska	Novhorod-Siverskyi	52.2013	33.129
16019	Городище	Chernihivska	Novhorod-Siverskyi	51.2776	32.7935
16020	Грем'яч	Chernihivska	Novhorod-Siverskyi	52.3391	33.2876
16021	Кам'янська Слобода	Chernihivska	Novhorod-Siverskyi	52.1731	33.2309
16022	Ковпинка	Chernihivska	Novhorod-Siverskyi	52.2177	33.2608
16023	Богданове	Chernihivska	Novhorod-Siverskyi	52.1731	33.2309
16024	Будище	Chernihivska	Novhorod-Siverskyi	51.6588	32.9632
16025	Форостовичі	Chernihivska	Novhorod-Siverskyi	52.0218	33.112
16026	Діброва	Chernihivska	Novhorod-Siverskyi	52.3024	33.2659
16027	Камінь	Chernihivska	Novhorod-Siverskyi	52.2824	33.3473
16028	Колос	Chernihivska	Novhorod-Siverskyi	52.3366	33.3146
16029	Кремський Бугор	Chernihivska	Novhorod-Siverskyi	52.2258	33.2958
16030	Смяч	Chernihivska	Novhorod-Siverskyi	52.1352	33.1987
16031	Лісконоги	Chernihivska	Novhorod-Siverskyi	52.1329	33.2888
16032	Мамекине	Chernihivska	Novhorod-Siverskyi	52.1044	33.2299
16033	Шептаки	Chernihivska	Novhorod-Siverskyi	52.0756	33.1184
16034	Бирине	Chernihivska	Novhorod-Siverskyi	52.0864	33.3828
16035	Киселівка	Chernihivska	Novhorod-Siverskyi	52.0646	33.2606
16036	Клевин	Chernihivska	Novhorod-Siverskyi	52.1053	33.0395
16037	Кролевець-Слобідка	Chernihivska	Novhorod-Siverskyi	52.0617	33.2023
16038	Михайлівка	Chernihivska	Novhorod-Siverskyi	52.2333	33.1833
16039	Осове	Chernihivska	Novhorod-Siverskyi	52.216	33.0264
16040	Печенюги	Chernihivska	Novhorod-Siverskyi	52.0544	33.003
16041	Лизунівка	Chernihivska	Novhorod-Siverskyi	52.0708	32.9236
16042	Попівка	Chernihivska	Novhorod-Siverskyi	52.0385	32.8592
16043	Володимирівка	Chernihivska	Novhorod-Siverskyi	52.1011	32.9807
16044	Восточне	Chernihivska	Novhorod-Siverskyi	52.0406	32.9389
16045	Кузьминське	Chernihivska	Novhorod-Siverskyi	52.0688	33.0576
16046	Муравейник	Chernihivska	Novhorod-Siverskyi	52.0548	32.8565
16047	Підгірне	Chernihivska	Novhorod-Siverskyi	52.0468	33.42
16048	Прокопівка	Chernihivska	Novhorod-Siverskyi	52.0572	33.4608
16049	Полюшкине	Chernihivska	Novhorod-Siverskyi	52.1553	33.0758
16050	Ларинівка	Chernihivska	Novhorod-Siverskyi	52.0076	33.0192
16051	Фаївка	Chernihivska	Novhorod-Siverskyi	51.9967	32.936
16052	Березова Гать	Chernihivska	Novhorod-Siverskyi	52.1306	33.1398
16053	Пушкарі	Chernihivska	Novhorod-Siverskyi	52.1991	33.2938
16054	Рогівка	Chernihivska	Novhorod-Siverskyi	52.1599	33.3086
16055	Роща	Chernihivska	Novhorod-Siverskyi	52.235	33.2048
16056	Солов'їв	Chernihivska	Novhorod-Siverskyi	52.0328	32.9638
16057	Фурсове	Chernihivska	Novhorod-Siverskyi	52.1046	33.1806
16059	Ясна Поляна	Chernihivska	Novhorod-Siverskyi	52.3088	33.2118
16060	Троїцьке	Chernihivska	Novhorod-Siverskyi	51.961	33.2722
16061	Комань	Chernihivska	Novhorod-Siverskyi	51.9775	33.3455
16062	Горбове	Chernihivska	Novhorod-Siverskyi	51.9386	33.2274
16063	Араповичі	Chernihivska	Novhorod-Siverskyi	51.95	33.3115
16064	Дробишів	Chernihivska	Novhorod-Siverskyi	51.9474	33.3354
16065	Бугринівка	Chernihivska	Novhorod-Siverskyi	51.9873	33.0324
16066	Путивськ	Chernihivska	Novhorod-Siverskyi	51.9432	33.2732
16067	Чернацьке	Chernihivska	Novhorod-Siverskyi	51.9956	33.3218
16068	Чулатів	Chernihivska	Novhorod-Siverskyi	51.9686	33.3471
16069	Юхнове	Chernihivska	Novhorod-Siverskyi	51.9408	33.2556
16070	Орлівка	Chernihivska	Novhorod-Siverskyi	51.9163	32.8107
16071	Блистова	Chernihivska	Novhorod-Siverskyi	51.8893	32.9195
16072	Слобідка	Chernihivska	Novhorod-Siverskyi	51.8643	32.9068
16074	Красний Хутір	Chernihivska	Novhorod-Siverskyi	51.9377	32.8913
16075	Ломанка	Chernihivska	Novhorod-Siverskyi	51.984	32.8267
16076	Лоска	Chernihivska	Novhorod-Siverskyi	51.8498	32.8904
16077	Ясне	Chernihivska	Novhorod-Siverskyi	52.1225	32.9939
16080	Дігтярівка	Chernihivska	Novhorod-Siverskyi	51.921	33.1415
16081	Кудлаївка	Chernihivska	Novhorod-Siverskyi	51.9061	33.1022
16082	Об'єднане	Chernihivska	Novhorod-Siverskyi	51.9383	33.0224
16083	Гнатівка	Chernihivska	Novhorod-Siverskyi	51.8748	33.0846
16084	Студинка	Chernihivska	Novhorod-Siverskyi	51.8349	33.0169
16085	Ушівка	Chernihivska	Novhorod-Siverskyi	51.8612	32.9741
16086	Красна Гірка	Chernihivska	Novhorod-Siverskyi	51.9801	33.2405
16087	Новеньке	Chernihivska	Novhorod-Siverskyi	52.1845	33.1575
16088	Новоселівка	Chernihivska	Novhorod-Siverskyi	51.944	32.4618
16091	Гірки	Chernihivska	Novhorod-Siverskyi	51.939	33.2009
16092	Леньків	Chernihivska	Novhorod-Siverskyi	52.0006	33.1074
16093	Стахорщина	Chernihivska	Novhorod-Siverskyi	51.9441	33.0474
16094	Узруй	Chernihivska	Novhorod-Siverskyi	52.1186	33.0739
16100	Сосниця	Chernihivska	Sosnytskyi	51.5239	32.4998
16105	Загребелля	Chernihivska	Sosnytskyi	51.5393	32.5395
16106	Ганнівка	Chernihivska	Sosnytskyi	51.513	32.4413
16107	Гапішківка	Chernihivska	Sosnytskyi	51.516	32.5646
16108	Гутище	Chernihivska	Sosnytskyi	51.5696	32.5478
16109	Мале Устя	Chernihivska	Sosnytskyi	51.4736	32.5384
16110	Авдіївка	Chernihivska	Sosnytskyi	51.7766	32.7999
16111	Шаболтасівка	Chernihivska	Sosnytskyi	51.778	32.8403
16112	Хлоп'яники	Chernihivska	Sosnytskyi	51.7427	32.7177
16113	Свірок	Chernihivska	Sosnytskyi	51.7237	32.6619
16114	Соснівка	Chernihivska	Sosnytskyi	51.7513	32.6598
16115	Масалаївка	Chernihivska	Sosnytskyi	51.7545	32.7359
16120	Козляничі	Chernihivska	Sosnytskyi	51.7224	32.5687
16121	Чорнотичі	Chernihivska	Sosnytskyi	51.6773	32.5536
16122	Кудрівка	Chernihivska	Sosnytskyi	51.6485	32.6339
16123	Матвіївка	Chernihivska	Sosnytskyi	51.6899	32.4628
16124	Ляшківці	Chernihivska	Sosnytskyi	51.698	32.6743
16125	Полісся	Chernihivska	Sosnytskyi	51.6807	32.4218
16126	Рудня	Chernihivska	Sosnytskyi	51.71	32.6181
16129	Гай	Chernihivska	Sosnytskyi	51.646	32.3783
16130	Вільшане	Chernihivska	Sosnytskyi	51.6115	32.3651
16131	Волинка	Chernihivska	Sosnytskyi	51.6271	32.4655
16132	Лави	Chernihivska	Sosnytskyi	51.5913	32.4618
16133	Киріївка	Chernihivska	Sosnytskyi	51.6049	32.5848
16134	Лозова	Chernihivska	Sosnytskyi	51.5956	32.5269
16140	Конятин	Chernihivska	Sosnytskyi	51.5937	32.7893
16141	Змітнів	Chernihivska	Sosnytskyi	51.5804	32.7282
16142	Спаське	Chernihivska	Sosnytskyi	51.5534	32.6198
16143	Купчичі	Chernihivska	Sosnytskyi	51.5748	32.6684
16144	Прогони	Chernihivska	Sosnytskyi	51.6043	32.6382
16145	Філонівка	Chernihivska	Sosnytskyi	51.5516	32.5646
16146	Якличі	Chernihivska	Sosnytskyi	51.5384	32.5886
16149	Старобутівка	Chernihivska	Sosnytskyi	51.4437	32.4503
16150	Пекарів	Chernihivska	Sosnytskyi	51.4742	32.6236
16151	Кнути	Chernihivska	Sosnytskyi	51.4564	32.6811
16152	Бутівка	Chernihivska	Sosnytskyi	51.4348	32.4766
16153	Бондарівка	Chernihivska	Sosnytskyi	51.4272	32.4131
16154	Велике Устя	Chernihivska	Sosnytskyi	51.4401	32.5354
16155	Долинське	Chernihivska	Sosnytskyi	51.4424	32.549
16156	Костирів	Chernihivska	Sosnytskyi	51.4486	32.7084
16157	Мала Бондарівка	Chernihivska	Sosnytskyi	51.4032	32.4219
16158	Польове	Chernihivska	Sosnytskyi	51.4023	32.4704
16159	Синютин	Chernihivska	Sosnytskyi	51.4951	32.6104
16200	Короп	Chernihivska	Koropskyi	51.5664	32.9586
16208	Курилівка	Chernihivska	Koropskyi	51.8489	33.075
16210	Мезин	Chernihivska	Koropskyi	51.8231	33.0701
16211	Покошичі	Chernihivska	Koropskyi	51.7866	32.953
16212	Деснянське	Chernihivska	Koropskyi	51.7269	32.9883
16213	Криски	Chernihivska	Koropskyi	51.7396	32.9523
16214	Іваньків	Chernihivska	Koropskyi	51.7194	32.9758
16215	Радичів	Chernihivska	Koropskyi	51.7443	33.0715
16216	Великий Ліс	Chernihivska	Koropskyi	51.698	33.039
16218	Рихли	Chernihivska	Koropskyi	51.6819	32.8762
16219	Придеснянське	Chernihivska	Koropskyi	51.6225	32.9688
16220	Понорниця	Chernihivska	Koropskyi	51.7262	32.8525
16222	Верба	Chernihivska	Koropskyi	51.7	32.85
16223	Оболоння	Chernihivska	Koropskyi	51.6202	32.9312
16224	Будище	Chernihivska	Koropskyi	51.6588	32.9632
16225	Городище	Chernihivska	Koropskyi	51.6254	32.9539
16226	Гута	Chernihivska	Koropskyi	51.6196	32.8508
16227	Зелена Поляна	Chernihivska	Koropskyi	51.684	32.8281
16228	Лиса Гора	Chernihivska	Koropskyi	51.5979	32.9504
16229	Осьмаки	Chernihivska	Koropskyi	51.7008	32.758
16230	Розльоти	Chernihivska	Koropskyi	51.7068	33.1401
16231	Вишеньки	Chernihivska	Koropskyi	51.6427	33.0622
16232	Райгородок	Chernihivska	Koropskyi	51.6315	33.0917
16233	Лукнів	Chernihivska	Koropskyi	51.626	33.0689
16234	Вільне	Chernihivska	Koropskyi	51.5947	33.0315
16236	Борисове	Chernihivska	Koropskyi	51.5617	33.064
16237	Бужанка	Chernihivska	Koropskyi	51.6641	33.1057
16238	Жернівка	Chernihivska	Koropskyi	51.6144	33.0606
16239	Зайцеве	Chernihivska	Koropskyi	51.592	32.9952
16240	Риботин	Chernihivska	Koropskyi	51.5618	32.9074
16241	Сохачі	Chernihivska	Koropskyi	51.556	32.8533
16242	Шабалинів	Chernihivska	Koropskyi	51.5155	32.7073
16243	Нехаївка	Chernihivska	Koropskyi	51.4881	32.8346
16244	Рижки	Chernihivska	Koropskyi	51.4558	32.7615
16245	Галичівка	Chernihivska	Koropskyi	51.527	32.8221
16246	Лебедин	Chernihivska	Koropskyi	51.5185	32.7835
16247	Мохове	Chernihivska	Koropskyi	51.4879	32.709
16248	Нориця	Chernihivska	Koropskyi	51.4817	32.7858
16249	Подоляки	Chernihivska	Koropskyi	51.5489	32.8191
16250	Краснопілля	Chernihivska	Koropskyi	51.5401	33.1199
16251	Карильське	Chernihivska	Koropskyi	51.5065	32.9991
16252	Билка	Chernihivska	Koropskyi	51.3384	28.4169
16253	Станове	Chernihivska	Koropskyi	51.5528	32.7824
16254	Сміле (Свердловка)	Chernihivska	Koropskyi	51.485	32.3391
16255	Синявка	Chernihivska	Koropskyi	51.6108	32.0107
16256	Рубанників	Chernihivska	Koropskyi	51.3953	32.9523
16257	Накот	Chernihivska	Koropskyi	51.445	32.9445
16258	Єгорівка	Chernihivska	Koropskyi	51.5111	32.9198
16259	Груди	Chernihivska	Koropskyi	51.4645	32.9061
16260	Рождественське	Chernihivska	Koropskyi	51.8908	33.8442
16261	Атюша	Chernihivska	Koropskyi	51.4237	32.9942
16262	Поліське	Chernihivska	Koropskyi	50.9117	30.8732
16263	Горохове	Chernihivska	Koropskyi	51.3546	33.0128
16264	Дрібці	Chernihivska	Koropskyi	51.3336	32.9757
16265	Карацюбине	Chernihivska	Koropskyi	51.3709	32.9967
16266	Кучі	Chernihivska	Koropskyi	51.4649	32.9961
16267	Лубенець	Chernihivska	Koropskyi	51.3918	32.8506
16268	Новоселиця	Chernihivska	Koropskyi	51.3639	33.0281
16269	Пуста Гребля	Chernihivska	Koropskyi	51.412	32.9345
16270	Тарасівка	Chernihivska	Koropskyi	51.5676	33.0511
16271	Поляна	Chernihivska	Koropskyi	51.0338	32.0763
16273	Ранок	Chernihivska	Koropskyi	51.4661	32.7937
16274	Черешеньки	Chernihivska	Koropskyi	51.6271	33.0305
16275	Чорнявка	Chernihivska	Koropskyi	51.636	33.0167
16300	Куликівка	Chernihivska	Kulykivskyi	51.3734	31.6466
16305	Пенязівка	Chernihivska	Kulykivskyi	51.3725	31.6928
16306	Українське	Chernihivska	Kulykivskyi	51.373	31.6697
16310	Виблі	Chernihivska	Kulykivskyi	51.4642	31.4927
16311	Горбове	Chernihivska	Kulykivskyi	51.4638	31.5642
16312	Бакланова Муравійка	Chernihivska	Kulykivskyi	51.4105	31.4482
16313	Вершинова Муравійка	Chernihivska	Kulykivskyi	51.4134	31.555
16314	Глузди	Chernihivska	Kulykivskyi	51.4754	31.619
16315	Кошарище	Chernihivska	Kulykivskyi	51.4066	31.5094
16316	Уборки	Chernihivska	Kulykivskyi	51.4838	31.5353
16320	Ковчин	Chernihivska	Kulykivskyi	51.4441	31.6919
16321	Авдіївка	Chernihivska	Kulykivskyi	51.48	31.6743
16322	Салтикова Дівиця	Chernihivska	Kulykivskyi	51.3983	31.7991
16330	Грабівка	Chernihivska	Kulykivskyi	51.309	31.4628
16331	Дроздівка	Chernihivska	Kulykivskyi	51.2944	31.6355
16332	Орлівка	Chernihivska	Kulykivskyi	51.2881	31.5411
16333	Смолянка	Chernihivska	Kulykivskyi	51.2477	31.458
16334	Коростень	Chernihivska	Kulykivskyi	51.216	31.412
16340	Жуківка	Chernihivska	Kulykivskyi	51.3282	31.6805
16341	Вересоч	Chernihivska	Kulykivskyi	51.3128	31.7862
16342	Веселе	Chernihivska	Kulykivskyi	51.2949	31.8169
16350	Хибалівка	Chernihivska	Kulykivskyi	51.3434	31.8585
16351	Кладьківка	Chernihivska	Kulykivskyi	51.325	31.9439
16352	Дрімайлівка	Chernihivska	Kulykivskyi	51.2698	31.851
16353	Будище	Chernihivska	Kulykivskyi	51.2456	31.8191
16400	Борзна	Chernihivska	Borznianskyi	51.2546	32.4269
16403	Добропілля	Chernihivska	Borznianskyi	51.4157	32.6277
16404	Червона Гірка	Chernihivska	Borznianskyi	51.4281	32.6695
16405	Забілівщина	Chernihivska	Borznianskyi	51.2875	32.481
16406	Кинашівка	Chernihivska	Borznianskyi	51.2849	32.4061
16407	Забілівщина Друга	Chernihivska	Borznianskyi	51.3417	32.5774
16408	Мала Доч	Chernihivska	Borznianskyi	51.3017	32.7045
16409	Кербутівка	Chernihivska	Borznianskyi	51.4191	32.7263
16410	Нові Млини	Chernihivska	Borznianskyi	51.4219	32.6967
16411	Галайбине	Chernihivska	Borznianskyi	51.3858	32.5791
16412	Високе	Chernihivska	Borznianskyi	51.3298	32.5563
16413	Головеньки	Chernihivska	Borznianskyi	51.356	32.5265
16414	Тростянка	Chernihivska	Borznianskyi	51.3283	32.6813
16415	Носелівка	Chernihivska	Borznianskyi	51.3	32.65
16416	Клипин	Chernihivska	Borznianskyi	51.4	32.6224
16417	Купченків	Chernihivska	Borznianskyi	51.3484	32.4809
16418	Жданів	Chernihivska	Borznianskyi	51.3114	32.3515
16419	Березівка	Chernihivska	Borznianskyi	51.3783	32.1199
16420	Воловиця	Chernihivska	Borznianskyi	51.366	32.0618
16421	Степанівка	Chernihivska	Borznianskyi	51.3433	32.0959
16422	Ховми	Chernihivska	Borznianskyi	51.3575	32.2365
16423	Сидорівка	Chernihivska	Borznianskyi	51.3368	32.1639
16424	Ядути	Chernihivska	Borznianskyi	51.3669	32.3336
16425	Красностав	Chernihivska	Borznianskyi	51.3439	32.3297
16426	Прачі	Chernihivska	Borznianskyi	51.3668	32.4499
16427	Адамівка	Chernihivska	Borznianskyi	51.0204	31.3411
16428	Ворона	Chernihivska	Borznianskyi	51.3223	32.1535
16429	Гришівка	Chernihivska	Borznianskyi	51.3993	32.3689
16430	Шаповалівка	Chernihivska	Borznianskyi	51.2707	32.5697
16431	Велика Доч	Chernihivska	Borznianskyi	51.3165	32.5811
16432	Миколаївка	Chernihivska	Borznianskyi	51.2269	32.5609
16433	Іванівка	Chernihivska	Borznianskyi	51.237	32.5923
16434	Острів Надії	Chernihivska	Borznianskyi	51.2853	32.467
16435	Линівка	Chernihivska	Borznianskyi	51.3364	32.2875
16436	Сапонівка	Chernihivska	Borznianskyi	51.4094	32.3037
16437	Суховодка	Chernihivska	Borznianskyi	51.2076	32.6482
16438	Маличина Гребля	Chernihivska	Borznianskyi	51.3198	32.4795
16439	Іллінці	Chernihivska	Borznianskyi	51.243	32.1802
16440	Берестовець	Chernihivska	Borznianskyi	51.252	32.2192
16441	Оленівка	Chernihivska	Borznianskyi	51.25	32.3049
16442	Комарівка	Chernihivska	Borznianskyi	51.2369	32.1377
16443	Красносільське	Chernihivska	Borznianskyi	51.2017	32.1114
16444	Смоляж	Chernihivska	Borznianskyi	51.2133	32.0517
16445	Прохори	Chernihivska	Borznianskyi	51.1567	32.1862
16446	Шевченка	Chernihivska	Borznianskyi	51.1868	32.2401
16447	Запоріжжя	Chernihivska	Borznianskyi	50.6073	31.7879
16448	Паристівка	Chernihivska	Borznianskyi	51.4086	32.6371
16449	Юрківщина	Chernihivska	Borznianskyi	51.3224	32.3147
16450	Велика Загорівка	Chernihivska	Borznianskyi	51.1738	32.4839
16451	Мала Загорівка	Chernihivska	Borznianskyi	51.1664	32.3538
16452	Сиволож	Chernihivska	Borznianskyi	51.1333	32.3
16453	Плиски	Chernihivska	Borznianskyi	51.1181	32.434
16454	Любомудрівка	Chernihivska	Borznianskyi	51.1982	32.3728
16455	Степ	Chernihivska	Borznianskyi	51.1093	32.5371
16456	Українка	Chernihivska	Borznianskyi	50.6404	31.7538
16457	Червоне Озеро	Chernihivska	Borznianskyi	51.1916	32.2957
16458	Остер	Chernihivska	Borznianskyi	50.9506	30.8823
16459	Вольниця	Chernihivska	Borznianskyi	51.1713	32.3981
16460	Хороше Озеро	Chernihivska	Borznianskyi	51.0976	32.242
16461	Пам'ятне	Chernihivska	Borznianskyi	50.7316	31.3563
16462	Печі	Chernihivska	Borznianskyi	51.0555	32.1982
16463	Омбиш	Chernihivska	Borznianskyi	51.0537	32.3184
16464	Махнівка	Chernihivska	Borznianskyi	49.7194	28.6666
16500	Бахмач	Chernihivska	Bakhmatskyi	51.2009	32.7745
16501	Бахмач	Chernihivska	Bakhmatskyi	51.2009	32.7745
16502	Бахмач	Chernihivska	Bakhmatskyi	51.2009	32.7745
16505	Калинівка	Chernihivska	Bakhmatskyi	50.9009	32.0411
16506	Бахмач село	Chernihivska	Bakhmatskyi	51.1814	32.632
16509	Вербівка	Chernihivska	Bakhmatskyi	51.4032	32.7955
16510	Обмачів	Chernihivska	Bakhmatskyi	51.3747	32.8223
16511	Осіч	Chernihivska	Bakhmatskyi	51.4246	32.8103
16512	Батурин	Chernihivska	Bakhmatskyi	51.3457	32.8779
16514	Матіївка	Chernihivska	Bakhmatskyi	51.3603	32.8949
16515	Бондарі	Chernihivska	Bakhmatskyi	51.3983	32.9214
16516	Веселівка	Chernihivska	Bakhmatskyi	51.4025	32.9366
16517	Голубів	Chernihivska	Bakhmatskyi	51.3536	32.9826
16518	Каціри	Chernihivska	Bakhmatskyi	51.3906	32.8559
16519	Лісова Поляна	Chernihivska	Bakhmatskyi	51.3783	32.9324
16520	Городище	Chernihivska	Bakhmatskyi	51.2776	32.7935
16521	Веселе (Григорівська)	Chernihivska	Bakhmatskyi	51.3617	32.6585
16522	Пальчики	Chernihivska	Bakhmatskyi	51.3076	32.7662
16523	Веселе (Пальчиківська)	Chernihivska	Bakhmatskyi	51.3617	32.6585
16524	Пашків	Chernihivska	Bakhmatskyi	51.1863	32.7016
16525	Прохори	Chernihivska	Bakhmatskyi	51.385	32.8637
16526	Слобідка	Chernihivska	Bakhmatskyi	51.3646	32.846
16527	Залісся	Chernihivska	Bakhmatskyi	51.8599	31.2676
16528	Тасуїв	Chernihivska	Bakhmatskyi	51.2753	33.016
16529	Пирогівка	Chernihivska	Bakhmatskyi	51.2372	33.0137
16530	Митченки	Chernihivska	Bakhmatskyi	51.2879	32.9418
16531	Красне	Chernihivska	Bakhmatskyi	51.2657	32.9949
16532	Халимонове	Chernihivska	Bakhmatskyi	51.2	32.9086
16533	Глибоке	Chernihivska	Bakhmatskyi	51.1824	32.9403
16534	Карпенкове	Chernihivska	Bakhmatskyi	51.2895	33.0358
16535	Мовчинів	Chernihivska	Bakhmatskyi	51.1915	32.9216
16536	Вишневе (Халимонівська сільська рада)	Chernihivska	Bakhmatskyi	51.1984	32.8832
16537	Вишневе (Фастовецька сільська рада)	Chernihivska	Bakhmatskyi	51.1984	32.8832
16538	Перемога	Chernihivska	Bakhmatskyi	51.1037	32.6388
16539	Осинівка	Chernihivska	Bakhmatskyi	51.0667	32.6833
16540	Стрільники	Chernihivska	Bakhmatskyi	51.1394	32.6748
16541	Красилівка	Chernihivska	Bakhmatskyi	51.1462	32.5688
16542	Піски	Chernihivska	Bakhmatskyi	51.1469	32.6658
16543	Варварівка	Chernihivska	Bakhmatskyi	51.0924	32.6746
16544	Курінь	Chernihivska	Bakhmatskyi	51.1518	32.7764
16545	Часниківка	Chernihivska	Bakhmatskyi	51.25	32.6833
16546	Запорізьке	Chernihivska	Bakhmatskyi	51.1518	32.6414
16547	Кулішове	Chernihivska	Bakhmatskyi	51.1255	32.6508
16548	Олексіївка	Chernihivska	Bakhmatskyi	51.0838	32.7025
16549	Ополонське	Chernihivska	Bakhmatskyi	51.1059	32.7091
16550	Фастівці	Chernihivska	Bakhmatskyi	51.0372	32.575
16551	Біловежі Перші	Chernihivska	Bakhmatskyi	51.0383	32.7792
16552	Зеленівка	Chernihivska	Bakhmatskyi	51.0591	32.7247
16553	Безпечне	Chernihivska	Bakhmatskyi	51.0878	32.6067
16554	Біловежі Другі	Chernihivska	Bakhmatskyi	51.0084	32.7519
16555	Вишнівське	Chernihivska	Bakhmatskyi	51.0024	32.7749
16556	Грушівка	Chernihivska	Bakhmatskyi	51.0979	32.625
16557	Зарукавне	Chernihivska	Bakhmatskyi	51.0525	32.7631
16558	Кальчинівка	Chernihivska	Bakhmatskyi	51.048	32.7001
16560	Тиниця	Chernihivska	Bakhmatskyi	51.139	32.9227
16561	Григорівка	Chernihivska	Bakhmatskyi	51.0386	32.857
16562	Голінка	Chernihivska	Bakhmatskyi	51.0385	33.0123
16563	Гайворон	Chernihivska	Bakhmatskyi	50.9848	32.9208
16564	Восьме Березня	Chernihivska	Bakhmatskyi	51.0552	32.8058
16565	Нечаїв	Chernihivska	Bakhmatskyi	50.9793	32.966
16566	Українське (курінська)	Chernihivska	Bakhmatskyi	51.0552	32.8058
16567	Черемушки	Chernihivska	Bakhmatskyi	51.1226	32.6232
16568	Перше Травня	Chernihivska	Bakhmatskyi	51.0604	32.6268
16569	Шевченка	Chernihivska	Bakhmatskyi	51.0786	32.5178
16570	Рубанка	Chernihivska	Bakhmatskyi	50.9545	32.8122
16571	Терешиха	Chernihivska	Bakhmatskyi	50.9441	32.7514
16572	Дмитрівка	Chernihivska	Bakhmatskyi	50.9368	32.9476
16573	Кошмалів	Chernihivska	Bakhmatskyi	51.2146	32.6843
16574	Кропивне	Chernihivska	Bakhmatskyi	50.9039	32.8417
16575	Заболоття	Chernihivska	Bakhmatskyi	50.9411	32.7962
16576	Ковальове	Chernihivska	Bakhmatskyi	50.9559	32.721
16577	Нове (Рубанка)	Chernihivska	Bakhmatskyi	50.9786	32.7826
16578	Смолове	Chernihivska	Bakhmatskyi	50.9775	32.7063
16579	Шумейкине (Матіївська)	Chernihivska	Bakhmatskyi	50.9786	32.7826
16580	Шумейків	Chernihivska	Bakhmatskyi	51.1233	32.8633
16581	Шумин	Chernihivska	Bakhmatskyi	51.2686	32.8289
16582	Щуча Гребля	Chernihivska	Bakhmatskyi	50.9086	32.9054
16583	Острів	Chernihivska	Bakhmatskyi	51.2036	32.6917
16584	Обірки	Chernihivska	Bakhmatskyi	51.3855	32.8723
16585	Мости	Chernihivska	Bakhmatskyi	51.3487	32.9404
16586	Нове Полісся	Chernihivska	Bakhmatskyi	51.3951	32.9131
16587	Лопатин	Chernihivska	Bakhmatskyi	51.387	32.9371
16588	Шевченкове	Chernihivska	Bakhmatskyi	51.0069	32.8572
16600	Ніжин	Chernihivska	Nizhynskyi	51.048	31.8869
16601	Ніжин	Chernihivska	Nizhynskyi	51.048	31.8869
16602	Ніжин	Chernihivska	Nizhynskyi	51.048	31.8869
16604	Ніжин	Chernihivska	Nizhynskyi	51.048	31.8869
16605	Ніжин	Chernihivska	Nizhynskyi	51.048	31.8869
16606	Ніжин	Chernihivska	Nizhynskyi	51.048	31.8869
16608	Ніжин	Chernihivska	Nizhynskyi	51.048	31.8869
16609	Ніжин	Chernihivska	Nizhynskyi	51.048	31.8869
16610	Ніжин	Chernihivska	Nizhynskyi	51.048	31.8869
16611	Ніжин	Chernihivska	Nizhynskyi	51.048	31.8869
16612	Ніжин	Chernihivska	Nizhynskyi	51.048	31.8869
16621	Велика Кошелівка	Chernihivska	Nizhynskyi	51.2489	31.9486
16622	Дуболугівка	Chernihivska	Nizhynskyi	51.2615	32.033
16623	Заньки	Chernihivska	Nizhynskyi	51.148	31.9058
16624	Вертіївка	Chernihivska	Nizhynskyi	51.1655	31.8596
16625	Бідин	Chernihivska	Nizhynskyi	50.9826	31.9977
16626	Мала Кошелівка	Chernihivska	Nizhynskyi	51.1409	31.973
16627	Зруб	Chernihivska	Nizhynskyi	51.1216	31.7027
16628	Каблуки	Chernihivska	Nizhynskyi	51.115	31.8263
16630	Стодоли	Chernihivska	Nizhynskyi	51.1988	31.6016
16631	Кукшин	Chernihivska	Nizhynskyi	51.1704	31.6534
16632	Колісники	Chernihivska	Nizhynskyi	51.0856	31.7224
16633	Ніжинське	Chernihivska	Nizhynskyi	51.0498	31.8227
16634	Кропивне	Chernihivska	Nizhynskyi	50.9838	31.842
16636	Лустівка	Chernihivska	Nizhynskyi	50.8896	31.9032
16637	Довге	Chernihivska	Nizhynskyi	50.9515	32.0662
16638	Наумівське	Chernihivska	Nizhynskyi	51.0092	31.9916
16639	Низи	Chernihivska	Nizhynskyi	51.1092	31.8014
16640	Черняхівка	Chernihivska	Nizhynskyi	51.1199	32.0319
16641	Березанка	Chernihivska	Nizhynskyi	51.0992	31.9765
16642	Бурківка	Chernihivska	Nizhynskyi	51.0935	31.9617
16643	Липів Ріг	Chernihivska	Nizhynskyi	51.0784	31.957
16644	Переяслівка	Chernihivska	Nizhynskyi	51.0838	32.023
16645	Крути	Chernihivska	Nizhynskyi	51.0935	31.9617
16646	Кунашівка	Chernihivska	Nizhynskyi	51.0935	31.9617
16647	Бакланове	Chernihivska	Nizhynskyi	51.057	32.0518
16648	Діброва	Chernihivska	Nizhynskyi	51.0154	32.1514
16649	Переходівка	Chernihivska	Nizhynskyi	51.2008	31.5404
16650	Перебудова	Chernihivska	Nizhynskyi	51.0044	32.0583
16651	Талалаївка	Chernihivska	Nizhynskyi	50.9578	31.9209
16652	Безуглівка	Chernihivska	Nizhynskyi	50.9402	31.9837
16653	Пашківка	Chernihivska	Nizhynskyi	50.9691	32.0134
16654	Курилівка	Chernihivska	Nizhynskyi	50.957	31.9743
16655	Погребець	Chernihivska	Nizhynskyi	50.8841	31.925
16656	Поляна	Chernihivska	Nizhynskyi	51.0338	32.0763
16657	Почечине	Chernihivska	Nizhynskyi	50.9923	32.0294
16658	Яблуневе	Chernihivska	Nizhynskyi	49.9587	32.5221
16659	Синдаревське	Chernihivska	Nizhynskyi	50.9397	32.0586
16660	Данина	Chernihivska	Nizhynskyi	50.8544	31.968
16661	Велика Дорога	Chernihivska	Nizhynskyi	50.8736	32.0028
16662	Шатура	Chernihivska	Nizhynskyi	50.8464	31.8257
16663	Лосинівка	Chernihivska	Nizhynskyi	50.8427	31.9176
16664	Леонідівка	Chernihivska	Nizhynskyi	50.8	31.9606
16665	Перемога	Chernihivska	Nizhynskyi	50.8351	32.0083
16666	Станція Лосинівська	Chernihivska	Nizhynskyi	50.8544	31.968
16667	Гармащина	Chernihivska	Nizhynskyi	50.8413	31.9651
16668	Калинівка	Chernihivska	Nizhynskyi	50.9009	32.0411
16669	Кравчиха	Chernihivska	Nizhynskyi	50.895	32.0232
16670	Вікторівка	Chernihivska	Nizhynskyi	50.7867	31.9438
16671	Галиця	Chernihivska	Nizhynskyi	50.7559	32.0251
16672	Світанок	Chernihivska	Nizhynskyi	50.798	32.0808
16673	Сальне	Chernihivska	Nizhynskyi	50.7563	31.9006
16674	Терешківка	Chernihivska	Nizhynskyi	50.7059	31.9033
16675	Шняківка	Chernihivska	Nizhynskyi	50.7297	31.9423
16676	Садове	Chernihivska	Nizhynskyi	50.7863	31.8919
16677	Титівка	Chernihivska	Nizhynskyi	51.2194	31.863
16678	Хвилівка	Chernihivska	Nizhynskyi	50.9794	31.8864
16679	Холявки	Chernihivska	Nizhynskyi	51.2257	31.9062
16680	Хомине	Chernihivska	Nizhynskyi	51.2153	31.7761
16681	Хомівка	Chernihivska	Nizhynskyi	50.9259	32.0407
16682	Чистий Колодязь	Chernihivska	Nizhynskyi	50.9232	31.9261
16683	Степ (Вікторівська)	Chernihivska	Nizhynskyi	50.9232	31.9261
16684	Богданівка	Chernihivska	Nizhynskyi	50.8174	31.9775
16686	Яхнівка	Chernihivska	Nizhynskyi	50.7837	32.0578
16687	Мирне	Chernihivska	Nizhynskyi	50.785	32.0883
16688	Бобрик	Chernihivska	Nizhynskyi	51.1333	31.7833
16689	Мильники	Chernihivska	Nizhynskyi	50.8014	31.759
16690	Ковтунівка	Chernihivska	Nizhynskyi	50.7158	31.9851
16691	Лісове	Chernihivska	Nizhynskyi	51.1718	32.0328
16692	Паливода	Chernihivska	Nizhynskyi	51.0026	32.0028
16693	Валентіїв	Chernihivska	Nizhynskyi	50.9613	32.0848
16700	Ічня	Chernihivska	Ichnianskyi	50.8626	32.3943
16701	Августівка	Chernihivska	Ichnianskyi	50.7905	32.36
16702	Дружба	Chernihivska	Ichnianskyi	50.8016	32.3577
16704	Барбурське	Chernihivska	Ichnianskyi	50.9964	32.1995
16705	Киколи	Chernihivska	Ichnianskyi	50.8171	32.2506
16706	Бурімка	Chernihivska	Ichnianskyi	50.9142	32.3595
16707	Шиловичі	Chernihivska	Ichnianskyi	50.9427	32.2867
16708	Гужівка	Chernihivska	Ichnianskyi	50.8956	32.456
16709	Хаєнки	Chernihivska	Ichnianskyi	50.8406	32.2659
16710	Івангород	Chernihivska	Ichnianskyi	51.0307	32.461
16711	Мартинівка	Chernihivska	Ichnianskyi	50.9985	32.6174
16712	Більмачівка	Chernihivska	Ichnianskyi	51.0027	32.5601
16713	Крупичполе	Chernihivska	Ichnianskyi	50.9598	32.3983
16714	Рожнівка	Chernihivska	Ichnianskyi	50.9347	32.5475
16715	Безбородьків	Chernihivska	Ichnianskyi	50.9303	32.2438
16716	Вишнівка	Chernihivska	Ichnianskyi	50.964	32.2804
16717	Воронівка	Chernihivska	Ichnianskyi	50.8063	32.2843
16718	Дзюбівка	Chernihivska	Ichnianskyi	50.7714	32.3218
16720	Припутні	Chernihivska	Ichnianskyi	50.9519	32.23
16721	Дорогинка	Chernihivska	Ichnianskyi	50.9407	32.1334
16722	Андріївка	Chernihivska	Ichnianskyi	50.8989	32.1736
16723	Томашівка	Chernihivska	Ichnianskyi	50.9349	32.1648
16724	Бакаївка	Chernihivska	Ichnianskyi	50.8895	32.1476
16725	Заудайка	Chernihivska	Ichnianskyi	50.8377	32.197
16726	Монастирище	Chernihivska	Ichnianskyi	50.8141	32.1581
16727	Веприк	Chernihivska	Ichnianskyi	50.7885	32.1068
16728	Коршаки	Chernihivska	Ichnianskyi	50.8085	32.2043
16729	Куликівка	Chernihivska	Ichnianskyi	50.9696	32.1609
16730	Парафіївка	Chernihivska	Ichnianskyi	50.8773	32.646
16731	Южне	Chernihivska	Ichnianskyi	50.8824	32.7253
16732	Іржавець	Chernihivska	Ichnianskyi	50.9779	31.4287
16733	Ступаківка	Chernihivska	Ichnianskyi	50.8276	32.5792
16734	Власівка	Chernihivska	Ichnianskyi	50.8435	32.6472
16735	Качанівка	Chernihivska	Ichnianskyi	50.3198	34.6089
16736	Купина	Chernihivska	Ichnianskyi	50.833	32.6915
16737	Лисогори	Chernihivska	Ichnianskyi	50.8779	32.7859
16738	Лугове	Chernihivska	Ichnianskyi	50.9097	32.6735
16739	Новий Поділ	Chernihivska	Ichnianskyi	50.9997	32.405
16740	Бережівка	Chernihivska	Ichnianskyi	50.8114	32.7529
16741	Верескуни	Chernihivska	Ichnianskyi	50.8325	32.7858
16742	Тростянець	Chernihivska	Ichnianskyi	50.4848	34.9657
16744	Петрушівка	Chernihivska	Ichnianskyi	50.853	32.6654
16745	Боярщина	Chernihivska	Ichnianskyi	50.832	32.8931
16746	Проліски	Chernihivska	Ichnianskyi	50.8472	32.7083
16747	Сваричівка	Chernihivska	Ichnianskyi	50.9609	32.3299
16748	Селихів	Chernihivska	Ichnianskyi	50.9301	32.2165
16749	Софіївка	Chernihivska	Ichnianskyi	50.9357	32.7206
16750	Гмирянка	Chernihivska	Ichnianskyi	50.7998	32.4323
16751	Іваниця	Chernihivska	Ichnianskyi	50.789	32.6352
16752	Городня	Chernihivska	Ichnianskyi	50.7647	32.534
16753	Щурівка	Chernihivska	Ichnianskyi	50.7391	32.5719
16755	Загін	Chernihivska	Ichnianskyi	50.8073	32.7043
16756	Зоцівка	Chernihivska	Ichnianskyi	50.7893	32.6945
16757	Іценків	Chernihivska	Ichnianskyi	50.7567	32.5892
16758	Ковтунівка	Chernihivska	Ichnianskyi	50.8094	32.6323
16759	Коломійцеве	Chernihivska	Ichnianskyi	50.7276	32.352
16760	Сезьки	Chernihivska	Ichnianskyi	50.7473	32.3717
16761	Тишківка	Chernihivska	Ichnianskyi	50.7572	32.3344
16762	Буди	Chernihivska	Ichnianskyi	50.7411	32.277
16763	Ольшана	Chernihivska	Ichnianskyi	50.7347	32.4483
16764	Гейці	Chernihivska	Ichnianskyi	50.7393	32.3446
16765	Грабів	Chernihivska	Ichnianskyi	50.7661	32.2298
16766	Нова Ольшана	Chernihivska	Ichnianskyi	50.7494	32.3192
16767	Лучківка	Chernihivska	Ichnianskyi	50.7923	32.2651
16768	Пелюхівка	Chernihivska	Ichnianskyi	50.7176	32.2828
16770	Тарасівка	Chernihivska	Ichnianskyi	50.7007	32.4417
16772	Хаїха	Chernihivska	Ichnianskyi	50.9458	32.6296
16773	Червоне	Chernihivska	Ichnianskyi	50.7949	32.2415
16774	Шевченка	Chernihivska	Ichnianskyi	51.0786	32.5178
16775	Зінченкове	Chernihivska	Ichnianskyi	50.8089	32.5946
16776	Максимівка	Chernihivska	Ichnianskyi	50.9535	32.4989
16777	Однольків	Chernihivska	Ichnianskyi	50.7384	32.5449
16778	Комарівка	Chernihivska	Ichnianskyi	50.8917	32.0641
17000	Лихолітки	Chernihivska	Kozeletskyi	50.949	31.1411
17000	Козелець	Chernihivska	Kozeletskyi	50.9133	31.1214
17001	Жеребецьке	Chernihivska	Kozeletskyi	50.8784	31.1416
17002	Гальчин	Chernihivska	Kozeletskyi	50.931	31.0775
17003	Кривицьке	Chernihivska	Kozeletskyi	50.931	31.0775
17004	Білейки	Chernihivska	Kozeletskyi	50.9421	31.0937
17005	Берлози	Chernihivska	Kozeletskyi	50.9004	31.1582
17005	Закревське	Chernihivska	Kozeletskyi	50.8821	31.1214
17006	Олексіївщина	Chernihivska	Kozeletskyi	50.8989	31.1098
17007	Гламазди	Chernihivska	Kozeletskyi	50.931	31.0775
17008	Часнівці	Chernihivska	Kozeletskyi	50.8798	31.1695
17009	Бір	Chernihivska	Kozeletskyi	51.1347	30.6404
17010	Лошакова Гута	Chernihivska	Kozeletskyi	51.0307	30.6555
17010	Косачівка	Chernihivska	Kozeletskyi	51.1006	30.6474
17011	Тужар	Chernihivska	Kozeletskyi	51.1689	30.6422
17012	Новики	Chernihivska	Kozeletskyi	50.9479	31.1053
17013	Опеньки	Chernihivska	Kozeletskyi	50.9647	31.0822
17014	Пушкарі	Chernihivska	Kozeletskyi	50.9327	31.0481
17015	Сивухи	Chernihivska	Kozeletskyi	50.9202	31.14
17016	Сорокошичі	Chernihivska	Kozeletskyi	51.1943	30.6346
17017	Тарасів	Chernihivska	Kozeletskyi	50.9799	31.0435
17018	Тополі	Chernihivska	Kozeletskyi	50.8666	31.1115
17019	Шами	Chernihivska	Kozeletskyi	50.9386	31.0758
17020	Максим	Chernihivska	Kozeletskyi	51.1959	30.9419
17021	Морівськ	Chernihivska	Kozeletskyi	51.0846	30.8784
17022	Короп'є	Chernihivska	Kozeletskyi	51.0276	30.836
17023	Карпилівка	Chernihivska	Kozeletskyi	50.9891	30.8231
17024	Десна	Chernihivska	Kozeletskyi	50.9273	30.7605
17025	Лебедівка	Chernihivska	Kozeletskyi	51.2333	30.9667
17026	Виповзів	Chernihivska	Kozeletskyi	50.9354	30.7931
17027	Лутава	Chernihivska	Kozeletskyi	50.9624	30.8039
17028	Отрохи	Chernihivska	Kozeletskyi	51.1027	30.8243
17029	Рудня	Chernihivska	Kozeletskyi	51.0632	30.8462
17030	Надинівка	Chernihivska	Kozeletskyi	51.2148	31.0649
17030	Копачів	Chernihivska	Kozeletskyi	51.2215	31.0757
17031	Красилівка	Chernihivska	Kozeletskyi	51.2029	31.1995
17031	Шпаків	Chernihivska	Kozeletskyi	51.1612	31.2353
17032	Вовчок	Chernihivska	Kozeletskyi	51.1579	31.0433
17033	Підлісне	Chernihivska	Kozeletskyi	51.15	31.1333
17034	Хрещате	Chernihivska	Kozeletskyi	51.1404	31.3646
17035	Прогрес	Chernihivska	Kozeletskyi	51.121	31.178
17036	Чемер	Chernihivska	Kozeletskyi	51.1028	31.2151
17037	Новий Шлях	Chernihivska	Kozeletskyi	51.1136	31.3034
17038	Розівка	Chernihivska	Kozeletskyi	51.0832	31.2808
17039	Савинка	Chernihivska	Kozeletskyi	51.053	31.0444
17040	Олбин	Chernihivska	Kozeletskyi	51.0761	31.03
17041	Борсуків	Chernihivska	Kozeletskyi	51.0874	30.9688
17042	Пархимів	Chernihivska	Kozeletskyi	51.0109	30.9877
17042	Набільське	Chernihivska	Kozeletskyi	50.9865	30.9105
17043	Котів	Chernihivska	Kozeletskyi	51.0299	31.012
17044	Поліське	Chernihivska	Kozeletskyi	50.9117	30.8732
17044	Остер	Chernihivska	Kozeletskyi	50.9506	30.8823
17045	Беремицьке	Chernihivska	Kozeletskyi	50.8903	30.8477
17046	Любечанинів	Chernihivska	Kozeletskyi	50.9384	30.9232
17047	Жуківщина	Chernihivska	Kozeletskyi	50.9594	30.9147
17048	Димерка	Chernihivska	Kozeletskyi	51.0702	31.067
17049	Жилин Млинок	Chernihivska	Kozeletskyi	51.0381	30.937
17050	Кіпті	Chernihivska	Kozeletskyi	51.0565	31.1546
17051	Патюти	Chernihivska	Kozeletskyi	51.0103	31.2369
17052	Шуляки	Chernihivska	Kozeletskyi	51.0118	31.1238
17052	Лемеші	Chernihivska	Kozeletskyi	50.9907	31.1352
17052	Шапіхи	Chernihivska	Kozeletskyi	50.9905	31.0861
17053	Ставиське	Chernihivska	Kozeletskyi	50.9784	31.2319
17054	Пилятин	Chernihivska	Kozeletskyi	50.9347	31.2988
17055	Блудше	Chernihivska	Kozeletskyi	50.9817	31.3162
17056	Гладке	Chernihivska	Kozeletskyi	51.0107	31.1958
17057	Будище	Chernihivska	Kozeletskyi	51.0449	31.2649
17058	Гайове	Chernihivska	Kozeletskyi	51.0798	31.1082
17059	Горбачі	Chernihivska	Kozeletskyi	51.0084	31.1016
17060	Бірки	Chernihivska	Kozeletskyi	50.9527	31.0097
17061	Одинці	Chernihivska	Kozeletskyi	50.9243	31.0003
17062	Скрипчин	Chernihivska	Kozeletskyi	50.9076	31.0252
17063	Бабарики	Chernihivska	Kozeletskyi	50.9078	30.9881
17064	Волевачі	Chernihivska	Kozeletskyi	50.8996	30.9725
17065	Дешки	Chernihivska	Kozeletskyi	50.9635	31.0221
17066	Кошани	Chernihivska	Kozeletskyi	50.9393	30.9648
17067	Крені	Chernihivska	Kozeletskyi	50.9522	30.9623
17068	Нова Гребля	Chernihivska	Kozeletskyi	50.9865	31.3616
17069	Пісоцьке	Chernihivska	Kozeletskyi	50.937	31.0341
17070	Булахів	Chernihivska	Kozeletskyi	50.8744	30.9648
17071	Євминка	Chernihivska	Kozeletskyi	50.8499	30.8293
17072	Савин	Chernihivska	Kozeletskyi	50.8285	30.9441
17073	Крехаїв	Chernihivska	Kozeletskyi	50.8038	30.7968
17074	Бобруйки	Chernihivska	Kozeletskyi	50.8892	31.0109
17075	Боярівка	Chernihivska	Kozeletskyi	50.9702	31.1584
17076	Білики	Chernihivska	Kozeletskyi	51.0174	30.92
17077	Озерне	Chernihivska	Kozeletskyi	50.8191	30.9868
17078	Мирне	Chernihivska	Kozeletskyi	50.8521	31.1602
17079	Курганське	Chernihivska	Kozeletskyi	50.8371	31.1961
17080	Данівка	Chernihivska	Kozeletskyi	50.8656	31.2143
17081	Гарбузин	Chernihivska	Kozeletskyi	50.883	31.0721
17081	Єрків	Chernihivska	Kozeletskyi	50.8599	31.0645
17081	Сираї	Chernihivska	Kozeletskyi	50.8474	31.042
17082	Бригинці	Chernihivska	Kozeletskyi	50.845	31.1301
17083	Нічогівка	Chernihivska	Kozeletskyi	50.8075	31.1046
17084	Омелянів	Chernihivska	Kozeletskyi	50.7667	31.0333
17085	Мостище	Chernihivska	Kozeletskyi	50.8312	31.0934
17086	Калитянське	Chernihivska	Kozeletskyi	50.7746	30.9878
17087	Карасинівка	Chernihivska	Kozeletskyi	50.8292	31.1715
17088	Карпоки	Chernihivska	Kozeletskyi	50.8312	31.0934
17089	Корніїв	Chernihivska	Kozeletskyi	50.8329	31.1141
17090	Пізнє	Chernihivska	Kozeletskyi	50.8462	31.0894
17091	Привітне	Chernihivska	Kozeletskyi	50.7726	30.955
17092	Риків	Chernihivska	Kozeletskyi	50.8593	31.1359
17093	Романьки	Chernihivska	Kozeletskyi	50.9575	30.9768
17094	Самійлівка	Chernihivska	Kozeletskyi	51.1307	30.9745
17095	Самсони	Chernihivska	Kozeletskyi	50.9469	31.0313
17096	Сокирин	Chernihivska	Kozeletskyi	50.8097	31.038
17097	Соколівка	Chernihivska	Kozeletskyi	51.1589	30.9124
17098	Туманська Гута	Chernihivska	Kozeletskyi	51.0697	30.9799
17099	Шолойки	Chernihivska	Kozeletskyi	50.9502	31.0103
17100	Носівка	Chernihivska	Nosivskyi	50.9315	31.5828
17101	Носівка	Chernihivska	Nosivskyi	50.9315	31.5828
17102	Носівка	Chernihivska	Nosivskyi	50.9315	31.5828
17103	Киселівка	Chernihivska	Nosivskyi	51.0471	31.3801
17104	Коробчине	Chernihivska	Nosivskyi	50.9622	31.7076
17106	Підгайне	Chernihivska	Nosivskyi	50.8993	31.5319
17107	Дебреве	Chernihivska	Nosivskyi	51.0054	31.5819
17108	Лісові Хутори	Chernihivska	Nosivskyi	50.9529	31.5582
17109	Лукашівка	Chernihivska	Nosivskyi	50.9143	31.516
17110	Хотинівка	Chernihivska	Nosivskyi	51.1609	31.5513
17111	Лихачів	Chernihivska	Nosivskyi	51.1343	31.5124
17112	Селище	Chernihivska	Nosivskyi	51.0669	31.4764
17113	Мрин	Chernihivska	Nosivskyi	51.0537	31.5524
17114	Плоске	Chernihivska	Nosivskyi	51.0656	31.6618
17115	Роздольне	Chernihivska	Nosivskyi	51.0713	31.4136
17120	Держанівка	Chernihivska	Nosivskyi	51.0649	31.3402
17121	Адамівка	Chernihivska	Nosivskyi	51.0204	31.3411
17122	Козари	Chernihivska	Nosivskyi	50.944	31.4038
17123	Іржавець	Chernihivska	Nosivskyi	50.9779	31.4287
17124	Андріївка	Chernihivska	Nosivskyi	50.9492	31.4739
17125	Ведмедівка	Chernihivska	Nosivskyi	51.0259	31.3149
17130	Володькова Дівиця	Chernihivska	Nosivskyi	50.8535	31.7967
17131	Дослідне	Chernihivska	Nosivskyi	50.9347	31.6954
17132	Кобилещина	Chernihivska	Nosivskyi	50.9677	31.7842
17133	Сулак	Chernihivska	Nosivskyi	50.9676	31.7361
17134	Криниця	Chernihivska	Nosivskyi	50.9124	31.8224
17135	Ставок	Chernihivska	Nosivskyi	50.9299	31.6749
17137	Веселе	Chernihivska	Nosivskyi	50.7954	31.8427
17138	Ясна Зірка	Chernihivska	Nosivskyi	50.8556	31.6348
17139	Яблунівка	Chernihivska	Nosivskyi	50.4648	32.1829
17140	Тертишники	Chernihivska	Nosivskyi	50.8574	31.6832
17141	Степові Хутори	Chernihivska	Nosivskyi	50.825	31.7094
17142	Рівчак-Степанівка	Chernihivska	Nosivskyi	50.7833	31.8333
17143	Калинівка	Chernihivska	Nosivskyi	50.9009	32.0411
17144	Відрадне	Chernihivska	Nosivskyi	50.8347	31.7455
17145	Коломійцівка	Chernihivska	Nosivskyi	50.7865	31.7414
17146	Вили	Chernihivska	Nosivskyi	50.7584	31.7289
17147	Григорівка	Chernihivska	Nosivskyi	50.745	31.8446
17148	Карабинівка	Chernihivska	Nosivskyi	50.8498	31.7614
17149	Платонівка	Chernihivska	Nosivskyi	50.8157	31.7877
17150	Софіївка	Chernihivska	Nosivskyi	50.8473	32.3385
17151	Ганнівка	Chernihivska	Nosivskyi	50.7044	31.8149
17152	Макіївка	Chernihivska	Nosivskyi	50.4197	32.4904
17153	Пустотине	Chernihivska	Nosivskyi	50.6823	31.7672
17155	Вишневе	Chernihivska	Nosivskyi	50.734	31.7475
17156	Вербове	Chernihivska	Nosivskyi	50.7042	31.9498
17157	Кленове	Chernihivska	Nosivskyi	50.721	31.8664
17158	Мильники	Chernihivska	Nosivskyi	50.8014	31.759
17159	Степове	Chernihivska	Nosivskyi	50.7238	31.8143
17200	Талалаївка	Chernihivska	Talalaivskyi	50.8391	33.1437
17201	Глинське	Chernihivska	Talalaivskyi	50.8955	33.1443
17202	Мигурів	Chernihivska	Talalaivskyi	50.9519	33.1448
17210	Красний Колядин	Chernihivska	Talalaivskyi	50.9468	33.0355
17211	Зелений Гай	Chernihivska	Talalaivskyi	50.9889	33.0824
17212	Рябухи	Chernihivska	Talalaivskyi	50.9265	33.0062
17213	Грицівка	Chernihivska	Talalaivskyi	50.9176	33.055
17214	Левівщина	Chernihivska	Talalaivskyi	50.9873	33.0203
17220	Корінецьке	Chernihivska	Talalaivskyi	50.9165	33.1764
17221	Понори	Chernihivska	Talalaivskyi	50.9257	33.1071
17222	Липове	Chernihivska	Talalaivskyi	50.8872	33.141
17223	Скороходове	Chernihivska	Talalaivskyi	50.8601	33.1234
17224	Березовиця	Chernihivska	Talalaivskyi	50.8759	33.0476
17225	Жолобок	Chernihivska	Talalaivskyi	50.8445	33.104
17230	Українське	Chernihivska	Talalaivskyi	50.8614	32.9469
17231	Займище	Chernihivska	Talalaivskyi	50.8808	32.9393
17232	Нова	Chernihivska	Talalaivskyi	50.8684	32.9193
17233	Грабщина	Chernihivska	Talalaivskyi	50.835	32.9823
17240	Болотниця	Chernihivska	Talalaivskyi	50.8134	32.9351
17241	Обухове	Chernihivska	Talalaivskyi	50.847	33.0245
17242	Поповичка	Chernihivska	Talalaivskyi	50.8074	33.0145
17243	Новопетрівське	Chernihivska	Talalaivskyi	50.831	33.0432
17244	Петьків	Chernihivska	Talalaivskyi	50.8846	33.0086
17245	Рубанів	Chernihivska	Talalaivskyi	50.8545	33.0687
17246	Степ	Chernihivska	Talalaivskyi	50.8519	32.99
17247	Степанівське	Chernihivska	Talalaivskyi	50.8981	33.0178
17248	Плугатар	Chernihivska	Talalaivskyi	50.8575	33.0214
17250	Юрківці	Chernihivska	Talalaivskyi	50.779	32.9337
17251	Довгалівка	Chernihivska	Talalaivskyi	50.7681	32.9088
17252	Березівка	Chernihivska	Talalaivskyi	50.7104	32.9772
17253	Колядин	Chernihivska	Talalaivskyi	50.7322	32.9549
17260	Стара Талалаївка	Chernihivska	Talalaivskyi	50.7484	33.0888
17261	Слобідка	Chernihivska	Talalaivskyi	50.771	33.0962
17262	Основа	Chernihivska	Talalaivskyi	50.7563	33.1584
17263	Чернецьке	Chernihivska	Talalaivskyi	50.7484	33.0888
17264	Глибоке	Chernihivska	Talalaivskyi	50.732	33.0595
17265	Діброва	Chernihivska	Talalaivskyi	50.7628	33.0697
17266	Макаренкове	Chernihivska	Talalaivskyi	50.7525	33.0438
17267	Співакове	Chernihivska	Talalaivskyi	50.7331	33.0158
17268	Лавіркове	Chernihivska	Talalaivskyi	50.7313	33.1782
17270	Харкове	Chernihivska	Talalaivskyi	50.7167	33.1167
17271	Новоселівка	Chernihivska	Talalaivskyi	50.675	33.1366
17272	Мирне	Chernihivska	Talalaivskyi	50.7079	33.0503
17273	Степове	Chernihivska	Talalaivskyi	50.6643	33.0913
17274	Шевченка	Chernihivska	Talalaivskyi	50.6995	33.1299
17300	Срібне	Chernihivska	Sribnianskyi	50.6638	32.9187
17301	Артеменків	Chernihivska	Sribnianskyi	50.6946	32.8692
17304	Галка	Chernihivska	Sribnianskyi	50.6407	32.9436
17305	Антішки	Chernihivska	Sribnianskyi	50.6659	32.9068
17306	Дейманівка	Chernihivska	Sribnianskyi	50.6444	32.8642
17307	Кути	Chernihivska	Sribnianskyi	50.6433	32.889
17308	Никонівка	Chernihivska	Sribnianskyi	50.7227	32.9133
17309	Побочіївка	Chernihivska	Sribnianskyi	50.652	32.9492
17310	Васьківці	Chernihivska	Sribnianskyi	50.6377	33.2862
17311	Калюжинці	Chernihivska	Sribnianskyi	50.6999	32.743
17312	Сокиринці	Chernihivska	Sribnianskyi	50.6996	32.7842
17313	Васюків	Chernihivska	Sribnianskyi	50.6714	33.071
17314	Поетин	Chernihivska	Sribnianskyi	50.6328	32.8672
17316	Тростянець	Chernihivska	Sribnianskyi	50.4848	34.9657
17320	Олексинці	Chernihivska	Sribnianskyi	50.681	32.9594
17321	Гриціївка	Chernihivska	Sribnianskyi	50.6636	32.963
17322	Лозове	Chernihivska	Sribnianskyi	50.6683	33.0044
17330	Поділ	Chernihivska	Sribnianskyi	50.6395	32.9139
17331	Гурбинці	Chernihivska	Sribnianskyi	50.6153	32.8373
17332	Дігтярі	Chernihivska	Sribnianskyi	50.5826	32.7701
17333	Іванківці	Chernihivska	Sribnianskyi	50.6027	32.7714
17334	Гнатівка	Chernihivska	Sribnianskyi	50.6018	32.8102
17340	Харитонівка	Chernihivska	Sribnianskyi	50.646	32.999
17341	Карпилівка	Chernihivska	Sribnianskyi	50.6073	33.0519
17342	Лебединці	Chernihivska	Sribnianskyi	50.5722	33.0258
17350	Савинці	Chernihivska	Sribnianskyi	50.5774	32.9125
17351	Горобіївка	Chernihivska	Sribnianskyi	50.5696	32.8702
17352	Точене	Chernihivska	Sribnianskyi	50.5408	32.8509
17353	Хукалівка	Chernihivska	Sribnianskyi	50.5413	32.9609
17400	Бобровиця	Chernihivska	Bobrovytskyi	50.7469	31.3948
17401	Бобровиця	Chernihivska	Bobrovytskyi	50.7469	31.3948
17409	Затишшя	Chernihivska	Bobrovytskyi	50.7445	31.5039
17410	Браниця	Chernihivska	Bobrovytskyi	50.8258	31.3932
17411	Кобижча	Chernihivska	Bobrovytskyi	50.8285	31.5044
17412	Горбачі	Chernihivska	Bobrovytskyi	50.7943	31.6166
17413	Осокорівка	Chernihivska	Bobrovytskyi	50.8432	31.6095
17414	Макарівка	Chernihivska	Bobrovytskyi	50.7528	31.3236
17415	Мирне	Chernihivska	Bobrovytskyi	50.7018	31.426
17416	Старий Биків	Chernihivska	Bobrovytskyi	50.5954	31.6381
17417	Зелене (Горбачі)	Chernihivska	Bobrovytskyi	50.7514	31.5014
17418	Гарт	Chernihivska	Bobrovytskyi	50.6697	31.5001
17420	Рудьківка	Chernihivska	Bobrovytskyi	50.77	31.2955
17421	Марківці	Chernihivska	Bobrovytskyi	50.733	31.251
17422	Ярославка	Chernihivska	Bobrovytskyi	50.6739	31.2944
17423	Стара Басань	Chernihivska	Bobrovytskyi	50.6402	31.3146
17424	Коношівка	Chernihivska	Bobrovytskyi	50.8054	31.2829
17425	Сухиня	Chernihivska	Bobrovytskyi	50.7952	31.2155
17429	Молодіжне	Chernihivska	Bobrovytskyi	48.1773	32.6602
17430	Озеряни	Chernihivska	Bobrovytskyi	50.6897	31.4646
17431	Щаснівка	Chernihivska	Bobrovytskyi	50.6497	31.4731
17432	Білоцерківці	Chernihivska	Bobrovytskyi	50.6345	31.6091
17433	Бригинці	Chernihivska	Bobrovytskyi	50.6068	31.5306
17434	Майнівка	Chernihivska	Bobrovytskyi	50.6471	31.4965
17435	Осовець	Chernihivska	Bobrovytskyi	50.6455	31.5148
17436	Плуг (Озеряни)	Chernihivska	Bobrovytskyi	50.6455	31.5148
17440	Свидовець	Chernihivska	Bobrovytskyi	50.7392	31.5759
17441	Олександрівка	Chernihivska	Bobrovytskyi	50.724	31.686
17442	Вороньки	Chernihivska	Bobrovytskyi	50.7411	31.616
17443	Веприк	Chernihivska	Bobrovytskyi	50.6776	31.6222
17444	Буглаки	Chernihivska	Bobrovytskyi	50.7516	31.6475
17445	Катеринівка	Chernihivska	Bobrovytskyi	50.7308	31.6303
17446	Лідин	Chernihivska	Bobrovytskyi	50.6933	31.6757
17447	Наумівка	Chernihivska	Bobrovytskyi	50.8636	31.5674
17448	Татарівка	Chernihivska	Bobrovytskyi	50.7516	31.6828
17449	Травкине	Chernihivska	Bobrovytskyi	50.7381	31.4559
17450	Козацьке	Chernihivska	Bobrovytskyi	50.6517	31.7051
17451	Гаврилівка	Chernihivska	Bobrovytskyi	50.6213	31.7585
17452	Новий Биків	Chernihivska	Bobrovytskyi	50.6006	31.6723
17454	Петрівка	Chernihivska	Bobrovytskyi	50.5787	31.6997
17455	Запоріжжя	Chernihivska	Bobrovytskyi	50.6073	31.7879
17456	Миколаїв	Chernihivska	Bobrovytskyi	50.6717	31.7211
17457	Українка	Chernihivska	Bobrovytskyi	50.6404	31.7538
17458	Урожайне	Chernihivska	Bobrovytskyi	50.7597	31.4999
17459	Вишневе	Chernihivska	Bobrovytskyi	50.734	31.7475
17460	Піски	Chernihivska	Bobrovytskyi	50.5969	31.3793
17461	Нова Басань	Chernihivska	Bobrovytskyi	50.5689	31.5141
17462	Соколівка	Chernihivska	Bobrovytskyi	50.5498	31.3641
17463	Красне	Chernihivska	Bobrovytskyi	50.521	31.4117
17464	Мочалище	Chernihivska	Bobrovytskyi	50.5664	31.3237
17466	Рокитне	Chernihivska	Bobrovytskyi	50.5649	31.3648
17467	Чистопілля	Chernihivska	Bobrovytskyi	50.5433	31.6255
17468	Бірки	Chernihivska	Bobrovytskyi	50.5108	31.4396
17500	Прилуки	Chernihivska	Prylutskyi	50.5932	32.3876
17501	Прилуки	Chernihivska	Prylutskyi	50.5932	32.3876
17502	Прилуки	Chernihivska	Prylutskyi	50.5932	32.3876
17503	Прилуки	Chernihivska	Prylutskyi	50.5932	32.3876
17504	Прилуки	Chernihivska	Prylutskyi	50.5932	32.3876
17505	Тарасівка	Chernihivska	Prylutskyi	50.7007	32.4417
17506	Прилуки	Chernihivska	Prylutskyi	50.5932	32.3876
17507	Прилуки	Chernihivska	Prylutskyi	50.5932	32.3876
17508	Манжосівка	Chernihivska	Prylutskyi	50.6111	32.4575
17508	Прилуки	Chernihivska	Prylutskyi	50.5932	32.3876
17509	Прилуки	Chernihivska	Prylutskyi	50.5932	32.3876
17510	Прилуки	Chernihivska	Prylutskyi	50.5932	32.3876
17511	Тихе	Chernihivska	Prylutskyi	50.5912	32.2648
17511	Прилуки	Chernihivska	Prylutskyi	50.5932	32.3876
17513	Мазки	Chernihivska	Prylutskyi	50.6023	32.1032
17514	Заудайка	Chernihivska	Prylutskyi	50.7063	32.2221
17516	Лутайка	Chernihivska	Prylutskyi	50.1372	32.3813
17517	Манжосівка	Chernihivska	Prylutskyi	50.6111	32.4575
17519	Даньківка	Chernihivska	Prylutskyi	50.5023	32.3309
17520	Обичів	Chernihivska	Prylutskyi	50.727	32.211
17521	Велика Дівиця	Chernihivska	Prylutskyi	50.715	32.1463
17522	Петрівка	Chernihivska	Prylutskyi	50.7302	32.0707
17523	Мала Дівиця	Chernihivska	Prylutskyi	50.6863	32.1694
17523	Клеці	Chernihivska	Prylutskyi	50.6635	32.1753
17524	Шевченка	Chernihivska	Prylutskyi	50.6435	32.0906
17524	Перше Травня	Chernihivska	Prylutskyi	50.6395	32.1252
17525	Світанкове	Chernihivska	Prylutskyi	50.9368	32.9476
17525	Дмитрівка	Chernihivska	Prylutskyi	50.9368	32.9476
17526	Білорічиця	Chernihivska	Prylutskyi	50.6779	31.9988
17527	Бажанівка	Chernihivska	Prylutskyi	50.7107	32.1863
17528	Боротьба	Chernihivska	Prylutskyi	50.6877	31.9278
17529	Димирівка	Chernihivska	Prylutskyi	50.7107	32.1863
17530	Ряшки	Chernihivska	Prylutskyi	50.7002	32.5625
17531	Високе	Chernihivska	Prylutskyi	50.6612	32.5106
17531	Лісове	Chernihivska	Prylutskyi	51.1718	32.0328
17531	Смош	Chernihivska	Prylutskyi	50.6736	32.5443
17532	Валки	Chernihivska	Prylutskyi	50.6386	32.5094
17533	Боршна	Chernihivska	Prylutskyi	50.6152	32.5078
17534	Дідівці	Chernihivska	Prylutskyi	50.5865	32.4763
17536	Мільки	Chernihivska	Prylutskyi	50.6313	32.5708
17537	Мохнівка	Chernihivska	Prylutskyi	50.4232	32.451
17538	Новий Лад	Chernihivska	Prylutskyi	50.6329	32.1688
17539	Левки	Chernihivska	Prylutskyi	50.7065	32.3998
17540	Лісові Сорочинці	Chernihivska	Prylutskyi	50.6892	32.3292
17541	Товкачівка	Chernihivska	Prylutskyi	50.6559	32.2591
17542	Сухополова	Chernihivska	Prylutskyi	50.6296	32.3821
17542	Ярова Білещина	Chernihivska	Prylutskyi	50.6397	32.4063
17543	Заїзд	Chernihivska	Prylutskyi	50.6335	32.3156
17544	Замістя	Chernihivska	Prylutskyi	50.6539	32.3762
17545	Білещина	Chernihivska	Prylutskyi	50.6234	32.4021
17546	Маціївка	Chernihivska	Prylutskyi	50.6576	32.448
17547	Заудаївське	Chernihivska	Prylutskyi	50.6517	32.475
17548	Капустенці	Chernihivska	Prylutskyi	50.6539	32.3762
17549	Колісники	Chernihivska	Prylutskyi	50.7041	32.3683
17550	Охіньки	Chernihivska	Prylutskyi	50.658	32.7103
17551	Переволочна	Chernihivska	Prylutskyi	50.6376	32.6671
17552	Красляни	Chernihivska	Prylutskyi	50.5653	32.6695
17553	Лиски	Chernihivska	Prylutskyi	50.595	32.7071
17554	Оникіївка	Chernihivska	Prylutskyi	50.7023	32.5233
17555	Петрівське	Chernihivska	Prylutskyi	50.624	32.2268
17556	Пирогівці	Chernihivska	Prylutskyi	50.6198	32.3569
17557	Полова	Chernihivska	Prylutskyi	50.6755	32.389
17558	Приозерне	Chernihivska	Prylutskyi	50.6191	32.1223
17559	Ладівщина	Chernihivska	Prylutskyi	50.633	32.4858
17560	Погреби	Chernihivska	Prylutskyi	50.6194	31.9662
17561	Знам'янка	Chernihivska	Prylutskyi	50.6042	32.2366
17562	Піддубівка	Chernihivska	Prylutskyi	50.5685	31.953
17563	Зарудка	Chernihivska	Prylutskyi	50.5866	32.0066
17564	Миколаївка	Chernihivska	Prylutskyi	50.6207	31.92
17565	Пручаї	Chernihivska	Prylutskyi	50.6719	32.7219
17566	Радьківка	Chernihivska	Prylutskyi	50.7045	32.2444
17567	Рибці	Chernihivska	Prylutskyi	50.5783	32.7137
17568	Стасівщина	Chernihivska	Prylutskyi	50.4835	32.367
17569	Стрільники	Chernihivska	Prylutskyi	50.6042	32.2366
17570	Рудівка	Chernihivska	Prylutskyi	50.5724	32.1608
17571	Канівщина	Chernihivska	Prylutskyi	50.5324	32.2316
17571	Сухоставець	Chernihivska	Prylutskyi	50.5659	32.2799
17572	Нетяжино	Chernihivska	Prylutskyi	50.5237	32.2414
17573	Кроти	Chernihivska	Prylutskyi	50.5613	32.2362
17574	Нова Тарнавщина	Chernihivska	Prylutskyi	50.5237	32.2414
17575	Покрівка	Chernihivska	Prylutskyi	50.5237	32.2414
17576	Пологи	Chernihivska	Prylutskyi	50.5715	32.0052
17577	Єгорівка	Chernihivska	Prylutskyi	50.5901	32.4529
17578	Крутоярівка	Chernihivska	Prylutskyi	50.3888	32.1014
17579	Мокляки	Chernihivska	Prylutskyi	50.4076	32.4633
17580	Івківці	Chernihivska	Prylutskyi	50.5326	32.4879
17581	Малківка	Chernihivska	Prylutskyi	50.5292	32.3545
17581	Сухоярівка	Chernihivska	Prylutskyi	50.5409	32.3728
17582	Онищенків	Chernihivska	Prylutskyi	50.5089	32.3564
17582	Богданівка	Chernihivska	Prylutskyi	50.5145	32.3775
17582	Турківка	Chernihivska	Prylutskyi	50.4979	32.4478
17582	Нетягівщина	Chernihivska	Prylutskyi	50.4824	32.328
17582	Тополя	Chernihivska	Prylutskyi	50.5331	32.4039
17583	Ладан	Chernihivska	Prylutskyi	50.5196	32.5818
17584	Линовиця	Chernihivska	Prylutskyi	50.4672	32.3892
17585	Удайці	Chernihivska	Prylutskyi	50.4575	32.4894
17586	Нова Гребля	Chernihivska	Prylutskyi	50.4121	32.4774
17587	Полонки	Chernihivska	Prylutskyi	50.4874	32.5395
17588	Голубівка	Chernihivska	Prylutskyi	50.5586	32.493
17589	Подище	Chernihivska	Prylutskyi	50.5119	32.6465
17590	Дубовий Гай	Chernihivska	Prylutskyi	50.4849	32.2388
17591	Яблунівське	Chernihivska	Prylutskyi	50.4883	32.1484
17591	Яблунівка	Chernihivska	Prylutskyi	50.4648	32.1829
17592	Сергіївка	Chernihivska	Prylutskyi	50.4465	32.0422
17592	Сухоліски	Chernihivska	Prylutskyi	50.4704	32.0043
17593	Бубнівщина	Chernihivska	Prylutskyi	50.4043	32.2812
17594	Білошапки	Chernihivska	Prylutskyi	50.3808	32.1969
17595	Запереводське	Chernihivska	Prylutskyi	50.3668	32.2032
17596	Ковтунівка	Chernihivska	Prylutskyi	50.481	32.2687
17597	Густиня	Chernihivska	Prylutskyi	50.6395	32.4712
17598	Глинщина	Chernihivska	Prylutskyi	50.5012	32.3679
17600	Варва	Chernihivska	Varvynskyi	50.495	32.7197
17603	Леляки	Chernihivska	Varvynskyi	50.5531	32.7209
17605	Сіриків	Chernihivska	Varvynskyi	50.4254	32.6374
17606	Воскресенське	Chernihivska	Varvynskyi	50.4855	32.6545
17608	Тонка	Chernihivska	Varvynskyi	50.4684	32.9578
17609	Макушиха	Chernihivska	Varvynskyi	50.5012	33.0109
17610	Брагинці	Chernihivska	Varvynskyi	50.5304	32.9596
17611	Мармизівка	Chernihivska	Varvynskyi	50.4967	32.9777
17612	Озеряни	Chernihivska	Varvynskyi	50.5003	32.909
17613	Калиновиця	Chernihivska	Varvynskyi	50.5005	32.7907
17614	Берізка	Chernihivska	Varvynskyi	50.4744	32.8575
17615	Булавівщина	Chernihivska	Varvynskyi	50.5187	32.7963
17616	Григорівщина	Chernihivska	Varvynskyi	50.5324	32.8192
17617	Сіряківщина	Chernihivska	Varvynskyi	50.5187	32.8163
17618	Саверське	Chernihivska	Varvynskyi	50.537	32.727
17620	Журавка	Chernihivska	Varvynskyi	50.4811	32.5949
17621	Антонівка	Chernihivska	Varvynskyi	50.3831	32.5352
17622	Макіївка	Chernihivska	Varvynskyi	50.4197	32.4904
17623	Кулишівка	Chernihivska	Varvynskyi	50.4604	32.5347
17629	Ященків	Chernihivska	Varvynskyi	50.408	32.7613
17630	Світличне	Chernihivska	Varvynskyi	50.4371	32.7165
17631	Богдани	Chernihivska	Varvynskyi	50.41	32.6713
17632	Дащенки	Chernihivska	Varvynskyi	50.3755	32.7326
17633	Мудре	Chernihivska	Varvynskyi	50.3568	32.7551
17634	Рубанів	Chernihivska	Varvynskyi	50.4312	32.6927
17640	Гнідинці	Chernihivska	Varvynskyi	50.45	32.7934
17641	Остапівка	Chernihivska	Varvynskyi	50.4061	32.8385
17642	Кухарка	Chernihivska	Varvynskyi	50.449	32.9077
17643	Боханів	Chernihivska	Varvynskyi	50.4078	32.8903
17644	Хортиця	Chernihivska	Varvynskyi	50.4341	32.8885
58000	Чернівці	Chernivetska	Chernivetska	48.2915	25.9403
58001	Чернівці	Chernivetska	Chernivetska	48.2915	25.9403
58002	Чернівці	Chernivetska	Chernivetska	48.2915	25.9403
58003	Чернівці	Chernivetska	Chernivetska	48.2915	25.9403
58004	Чернівці	Chernivetska	Chernivetska	48.2915	25.9403
58005	Чернівці	Chernivetska	Chernivetska	48.2915	25.9403
58007	Чернівці	Chernivetska	Chernivetska	48.2915	25.9403
58008	Чернівці	Chernivetska	Chernivetska	48.2915	25.9403
58010	Чернівці	Chernivetska	Chernivetska	48.2915	25.9403
58011	Чернівці	Chernivetska	Chernivetska	48.2915	25.9403
58012	Чернівці	Chernivetska	Chernivetska	48.2915	25.9403
58013	Чернівці	Chernivetska	Chernivetska	48.2915	25.9403
58014	Чернівці	Chernivetska	Chernivetska	48.2915	25.9403
58018	Чернівці	Chernivetska	Chernivetska	48.2915	25.9403
58019	Чернівці	Chernivetska	Chernivetska	48.2915	25.9403
58020	Чернівці	Chernivetska	Chernivetska	48.2915	25.9403
58021	Чернівці	Chernivetska	Chernivetska	48.2915	25.9403
58022	Чернівці	Chernivetska	Chernivetska	48.2915	25.9403
58023	Чернівці	Chernivetska	Chernivetska	48.2915	25.9403
58025	Чернівці	Chernivetska	Chernivetska	48.2915	25.9403
58026	Чернівці	Chernivetska	Chernivetska	48.2915	25.9403
58029	Чернівці	Chernivetska	Chernivetska	48.2915	25.9403
58032	Чернівці	Chernivetska	Chernivetska	48.2915	25.9403
59000	Сторожинець	Chernivetska	Storozhynetskyi	48.1643	25.7203
59005	Снячів	Chernivetska	Storozhynetskyi	48.1685	25.692
59006	Панка	Chernivetska	Storozhynetskyi	48.1728	25.6637
59010	Косованка	Chernivetska	Storozhynetskyi	50.4734	25.8415
59011	Костинці	Chernivetska	Storozhynetskyi	50.4734	25.8415
59012	Ясени	Chernivetska	Storozhynetskyi	50.4734	25.8415
59013	Бобівці	Chernivetska	Storozhynetskyi	50.4734	25.8415
59014	Комарівці	Chernivetska	Storozhynetskyi	50.4734	25.8415
59015	Зруб-Комарівці	Chernivetska	Storozhynetskyi	50.4734	25.8415
59016	Слобода-Комарівці	Chernivetska	Storozhynetskyi	50.4734	25.8415
59017	Стара Жадова	Chernivetska	Storozhynetskyi	50.4734	25.8415
59018	Дібрівка	Chernivetska	Storozhynetskyi	50.4734	25.8415
59019	Нова Жадова	Chernivetska	Storozhynetskyi	50.4734	25.8415
59020	Банилів-Підгірний	Chernivetska	Storozhynetskyi	48.0867	25.5933
59021	Давидівка	Chernivetska	Storozhynetskyi	48.121	25.5646
59022	Красноїльськ	Chernivetska	Storozhynetskyi	48.0867	25.5933
59023	Стара Красношора	Chernivetska	Storozhynetskyi	48.0867	25.5933
59024	Чудей	Chernivetska	Storozhynetskyi	48.0525	25.6221
59025	Нова Красношора	Chernivetska	Storozhynetskyi	48.0867	25.5933
59030	Буденець	Chernivetska	Storozhynetskyi	48.0713	25.6938
59031	Череш	Chernivetska	Storozhynetskyi	48.0974	25.6154
59032	Ропча	Chernivetska	Storozhynetskyi	48.1199	25.7742
59033	Їжівці	Chernivetska	Storozhynetskyi	48.0396	25.6623
59034	Верхні Петрівці	Chernivetska	Storozhynetskyi	48.0713	25.6938
59035	Нижні Петрівці	Chernivetska	Storozhynetskyi	48.0285	25.7233
59040	Михальча	Chernivetska	Storozhynetskyi	48.2487	25.8507
59041	Дубове	Chernivetska	Storozhynetskyi	48.172	23.8895
59042	Заволока	Chernivetska	Storozhynetskyi	49.1325	24.6416
59043	Спаська	Chernivetska	Storozhynetskyi	49.1325	24.6416
59044	Нові Бросківці	Chernivetska	Storozhynetskyi	49.1325	24.6416
59045	Заболоття	Chernivetska	Storozhynetskyi	50.9767	24.1847
59046	Аршиця	Chernivetska	Storozhynetskyi	49.1325	24.6416
59047	"Глибочок (Кам""янська сільська рада)"	Chernivetska	Storozhynetskyi	49.1325	24.6416
59048	Старі Бросківці	Chernivetska	Storozhynetskyi	49.1325	24.6416
59050	Кам'яна	Chernivetska	Storozhynetskyi	49.0491	23.7694
59051	Глибочок (Снячівська сільська рада)	Chernivetska	Storozhynetskyi	49.0491	23.7694
59052	Великий Кучурів	Chernivetska	Storozhynetskyi	49.0491	23.7694
59053	Годилів	Chernivetska	Storozhynetskyi	49.0491	23.7694
59054	Тисовець	Chernivetska	Storozhynetskyi	49.0491	23.7694
59100	Поляківське	Chernivetska	Putylskyi	47.982	25.1116
59101	Путила	Chernivetska	Putylskyi	47.9887	25.0945
59107	Сергії	Chernivetska	Putylskyi	47.9752	25.1286
59108	Паркулина	Chernivetska	Putylskyi	47.982	25.1116
59109	Околена	Chernivetska	Putylskyi	47.982	25.1116
59110	Підзахаричі	Chernivetska	Putylskyi	48.3532	25.3949
59111	Розтоки	Chernivetska	Putylskyi	48.0736	24.2713
59112	Мариничі	Chernivetska	Putylskyi	48.1292	25.0652
59113	Петраші	Chernivetska	Putylskyi	49.1009	27.1961
59114	Усть-Путила	Chernivetska	Putylskyi	48.1091	25.0468
59115	Дихтинець	Chernivetska	Putylskyi	48.3532	25.3949
59116	Греблина (Дихтинецька сільска рада)	Chernivetska	Putylskyi	48.3532	25.3949
59117	Замогила	Chernivetska	Putylskyi	48.3532	25.3949
59118	Греблина (Довгопільська сільська рада)	Chernivetska	Putylskyi	48.3532	25.3949
59119	Малий Дихтинець	Chernivetska	Putylskyi	48.3532	25.3949
59120	Довгопілля	Chernivetska	Putylskyi	48.0671	24.8817
59121	Стебні	Chernivetska	Putylskyi	48.101	24.9823
59122	Конятин	Chernivetska	Putylskyi	48.0671	24.8817
59123	Самакова	Chernivetska	Putylskyi	48.0073	24.9695
59124	Киселиці	Chernivetska	Putylskyi	48.0671	24.8817
59125	Голошина	Chernivetska	Putylskyi	47.9328	24.9353
59126	Яблуниця	Chernivetska	Putylskyi	48.3174	24.4845
59127	Міжброди	Chernivetska	Putylskyi	48.0671	24.8817
59128	Плай	Chernivetska	Putylskyi	47.9864	24.9306
59129	Плита	Chernivetska	Putylskyi	48.0575	24.9878
59130	Плоска	Chernivetska	Putylskyi	47.9091	25.1381
59131	Селятин	Chernivetska	Putylskyi	47.8799	25.1281
59132	Галицівка	Chernivetska	Putylskyi	47.8799	25.1281
59133	Шепіт	Chernivetska	Putylskyi	47.7973	25.1545
59134	Нижній Яловець	Chernivetska	Putylskyi	47.8799	25.1281
59135	Андреківське	Chernivetska	Putylskyi	47.8002	25.1125
59136	Лустун	Chernivetska	Putylskyi	47.9199	25.1706
59137	Площі	Chernivetska	Putylskyi	47.8799	25.1281
59139	Рижа	Chernivetska	Putylskyi	47.9731	25.0648
59140	Рипень	Chernivetska	Putylskyi	47.9413	25.1012
59141	Руська	Chernivetska	Putylskyi	47.8975	25.252
59142	Сарата	Chernivetska	Putylskyi	47.7344	24.988
59143	Соколій	Chernivetska	Putylskyi	47.912	25.1199
59144	Тесницька	Chernivetska	Putylskyi	47.912	25.1199
59145	Товарниця	Chernivetska	Putylskyi	47.912	25.1199
59146	Тораки	Chernivetska	Putylskyi	48.0216	25.068
59148	Фошки	Chernivetska	Putylskyi	47.9653	25.1901
59149	Хорови	Chernivetska	Putylskyi	47.912	25.1199
59150	Шпетки	Chernivetska	Putylskyi	48.1097	25.022
59151	Ями	Chernivetska	Putylskyi	48.0767	24.9986
59152	Гробище	Chernivetska	Putylskyi	48.0767	24.9986
59153	Бисків	Chernivetska	Putylskyi	48.0767	24.9986
59154	Бісків	Chernivetska	Putylskyi	48.0767	24.9986
59155	Великий Липовець	Chernivetska	Putylskyi	48.0438	24.9752
59156	Верхній Яловець	Chernivetska	Putylskyi	48.0767	24.9986
59157	Випчина	Chernivetska	Putylskyi	48.0767	24.9986
59200	Вижниця	Chernivetska	Vyzhnytskyi	48.248	25.1945
59206	Чорногузи	Chernivetska	Vyzhnytskyi	48.2277	25.1998
59207	Черешенька	Chernivetska	Vyzhnytskyi	48.2277	25.1998
59208	Багна	Chernivetska	Vyzhnytskyi	48.2246	25.225
59209	Виженка	Chernivetska	Vyzhnytskyi	48.2105	25.1798
59210	Вашківці	Chernivetska	Vyzhnytskyi	48.3849	25.5102
59213	Волока	Chernivetska	Vyzhnytskyi	48.3342	25.5304
59214	Замостя	Chernivetska	Vyzhnytskyi	48.6367	24.876
59215	Слобода-Банилів	Chernivetska	Vyzhnytskyi	48.6367	24.876
59216	Банилів	Chernivetska	Vyzhnytskyi	48.3661	25.3455
59217	Бережниця	Chernivetska	Vyzhnytskyi	49.4616	23.118
59219	Середній Майдан	Chernivetska	Vyzhnytskyi	48.6367	24.876
59220	Мілієве	Chernivetska	Vyzhnytskyi	49.2783	25.1664
59221	Вахнівці	Chernivetska	Vyzhnytskyi	49.2783	25.1664
59222	Іспас	Chernivetska	Vyzhnytskyi	48.2973	25.2741
59223	Коритне	Chernivetska	Vyzhnytskyi	50.3097	25.2578
59224	Бережонка	Chernivetska	Vyzhnytskyi	49.2783	25.1664
59225	Карапчів	Chernivetska	Vyzhnytskyi	48.3228	25.4502
59226	Бабине	Chernivetska	Vyzhnytskyi	50.1833	24.6833
59227	Вали	Chernivetska	Vyzhnytskyi	49.2783	25.1664
59228	Кибаки	Chernivetska	Vyzhnytskyi	49.2783	25.1664
59229	Липовани	Chernivetska	Vyzhnytskyi	49.2783	25.1664
59230	Луківці	Chernivetska	Vyzhnytskyi	48.8167	24.8153
59231	Майдан	Chernivetska	Vyzhnytskyi	48.6031	23.4741
59232	Вовчинець	Chernivetska	Vyzhnytskyi	49.7495	28.5616
59233	Берегомет	Chernivetska	Vyzhnytskyi	48.1788	25.3485
59234	Заріччя	Chernivetska	Vyzhnytskyi	49.5176	22.7894
59236	Мигове	Chernivetska	Vyzhnytskyi	48.1575	25.379
59237	Велике	Chernivetska	Vyzhnytskyi	49.5468	22.7366
59238	Майдан (Луківецька сільська рада)	Chernivetska	Vyzhnytskyi	48.8167	24.8153
59239	Фальків	Chernivetska	Vyzhnytskyi	47.9639	25.4181
59240	Долішній Шепіт	Chernivetska	Vyzhnytskyi	48.1018	25.2171
59241	Лопушна	Chernivetska	Vyzhnytskyi	48.0869	25.2843
59242	Лекечі	Chernivetska	Vyzhnytskyi	48.1167	25.15
59300	Кіцмань	Chernivetska	Kitsmanskyi	48.4436	25.7668
59307	Суховерхів	Chernivetska	Kitsmanskyi	48.4603	25.7586
59308	Кліводин	Chernivetska	Kitsmanskyi	48.477	25.7504
59309	Давидівці	Chernivetska	Kitsmanskyi	48.4603	25.7586
59310	Киселів	Chernivetska	Kitsmanskyi	49.7618	23.8278
59311	Борівці	Chernivetska	Kitsmanskyi	49.7618	23.8278
59312	Шишківці	Chernivetska	Kitsmanskyi	49.7618	23.8278
59313	Южинець	Chernivetska	Kitsmanskyi	49.7618	23.8278
59314	Малятинці	Chernivetska	Kitsmanskyi	49.7618	23.8278
59315	Хлівище	Chernivetska	Kitsmanskyi	49.7618	23.8278
59316	Ставчани	Chernivetska	Kitsmanskyi	49.7618	23.8278
59317	Кальнівці	Chernivetska	Kitsmanskyi	49.7618	23.8278
59319	Гаврилівці	Chernivetska	Kitsmanskyi	49.7618	23.8278
59320	Іванківці	Chernivetska	Kitsmanskyi	49.2812	26.5312
59321	Оршівці	Chernivetska	Kitsmanskyi	49.2812	26.5312
59322	Ошихліби	Chernivetska	Kitsmanskyi	49.2812	26.5312
59323	Лашківка	Chernivetska	Kitsmanskyi	49.2812	26.5312
59324	Витилівка	Chernivetska	Kitsmanskyi	49.2812	26.5312
59330	Неполоківці	Chernivetska	Kitsmanskyi	48.1788	25.3485
59331	П'ядиківці	Chernivetska	Kitsmanskyi	48.1788	25.3485
59332	Берегомет	Chernivetska	Kitsmanskyi	48.1788	25.3485
59333	Реваківці	Chernivetska	Kitsmanskyi	48.1788	25.3485
59334	Дубівці	Chernivetska	Kitsmanskyi	48.1788	25.3485
59335	Клокічка	Chernivetska	Kitsmanskyi	48.1788	25.3485
59340	Валява	Chernivetska	Kitsmanskyi	49.5099	26.2991
59341	Шипинці	Chernivetska	Kitsmanskyi	48.3768	25.7466
59342	Лужани	Chernivetska	Kitsmanskyi	48.3649	25.7717
59343	Мамаївці	Chernivetska	Kitsmanskyi	49.5099	26.2991
59344	Бурдей	Chernivetska	Kitsmanskyi	49.5099	26.2991
59345	Стрілецький Кут	Chernivetska	Kitsmanskyi	49.5099	26.2991
59346	Біла	Chernivetska	Kitsmanskyi	49.029	25.7706
59347	Рівне	Chernivetska	Kitsmanskyi	50.6231	26.2274
59349	Діброва	Chernivetska	Kitsmanskyi	51.1556	27.979
59350	Брусниця	Chernivetska	Kitsmanskyi	49.8415	29.8269
59351	Зеленів	Chernivetska	Kitsmanskyi	49.8415	29.8269
59352	Чортория	Chernivetska	Kitsmanskyi	49.8415	29.8269
59353	Драчинці	Chernivetska	Kitsmanskyi	49.8415	29.8269
59354	Нові Драчинці	Chernivetska	Kitsmanskyi	49.8415	29.8269
59355	Глиниця	Chernivetska	Kitsmanskyi	50.4428	29.1063
59356	Верхні Станівці	Chernivetska	Kitsmanskyi	49.8415	29.8269
59357	Нижні Станівці	Chernivetska	Kitsmanskyi	49.8415	29.8269
59358	Брусенки	Chernivetska	Kitsmanskyi	49.8415	29.8269
59359	Виноград	Chernivetska	Kitsmanskyi	49.2403	30.5476
59360	Новий Киселів	Chernivetska	Kitsmanskyi	49.2812	26.5312
59361	Коростувата	Chernivetska	Kitsmanskyi	49.2812	26.5312
59362	Остра	Chernivetska	Kitsmanskyi	49.2812	26.5312
59400	Заставна	Chernivetska	Zastavnivskyi	51.0193	31.653
59401	Яблунівка	Chernivetska	Zastavnivskyi	50.4648	32.1829
59406	Мосорівка	Chernivetska	Zastavnivskyi	51.0193	31.653
59409	Рудка	Chernivetska	Zastavnivskyi	51.5737	31.1232
59410	Кострижівка	Chernivetska	Zastavnivskyi	48.6546	25.7132
59411	Бабин	Chernivetska	Zastavnivskyi	48.5249	26.8616
59412	Прилипче	Chernivetska	Zastavnivskyi	49.1599	25.7236
59413	Звенячин	Chernivetska	Zastavnivskyi	49.1599	25.7236
59414	Репужинці	Chernivetska	Zastavnivskyi	49.1599	25.7236
59415	Хрещатик	Chernivetska	Zastavnivskyi	49.1599	25.7236
59416	Василів	Chernivetska	Zastavnivskyi	49.1599	25.7236
59417	Кулівці	Chernivetska	Zastavnivskyi	49.1599	25.7236
59418	Йосипівка	Chernivetska	Zastavnivskyi	50.3002	24.5962
59419	Вимушів	Chernivetska	Zastavnivskyi	49.1599	25.7236
59420	Веренчанка	Chernivetska	Zastavnivskyi	48.5465	25.7453
59421	Кадубівці	Chernivetska	Zastavnivskyi	48.5834	25.7687
59422	Чуньків	Chernivetska	Zastavnivskyi	48.565	25.757
59423	Дорошівці	Chernivetska	Zastavnivskyi	48.565	25.757
59424	Товтри	Chernivetska	Zastavnivskyi	48.565	25.757
59430	Брідок	Chernivetska	Zastavnivskyi	50.6838	27.8978
59431	Митків	Chernivetska	Zastavnivskyi	49.473	28.4957
59432	Самушин	Chernivetska	Zastavnivskyi	49.473	28.4957
59433	Вікно	Chernivetska	Zastavnivskyi	48.5729	25.9738
59434	Онут	Chernivetska	Zastavnivskyi	48.5691	26.0503
59435	Чорний Потік	Chernivetska	Zastavnivskyi	48.1828	22.9019
59436	Погорілівка	Chernivetska	Zastavnivskyi	51.6636	33.1662
59437	Баламутівка	Chernivetska	Zastavnivskyi	49.473	28.4957
59439	Степанівка	Chernivetska	Zastavnivskyi	49.1656	34.9843
59440	Юрківці	Chernivetska	Zastavnivskyi	50.779	32.9337
59441	Вербівці	Chernivetska	Zastavnivskyi	50.779	32.9337
59442	Горошівці	Chernivetska	Zastavnivskyi	50.779	32.9337
59443	Боянчук	Chernivetska	Zastavnivskyi	50.779	32.9337
59444	Добринівці	Chernivetska	Zastavnivskyi	50.779	32.9337
59445	Ржавинці	Chernivetska	Zastavnivskyi	50.779	32.9337
59450	Малий Кучурів	Chernivetska	Zastavnivskyi	49.5904	28.2785
59451	Васловівці	Chernivetska	Zastavnivskyi	49.5904	28.2785
59452	Горішні Шерівці	Chernivetska	Zastavnivskyi	49.5904	28.2785
59453	Задубрівка	Chernivetska	Zastavnivskyi	49.5904	28.2785
59454	Шубранець	Chernivetska	Zastavnivskyi	49.5904	28.2785
60000	Хотин	Chernivetska	Khotynskyi	48.5069	26.4912
60006	Пригородок	Chernivetska	Khotynskyi	48.5319	26.4075
60007	Орестівка	Chernivetska	Khotynskyi	48.527	26.4602
60008	Атаки	Chernivetska	Khotynskyi	48.5422	26.4817
60009	Анадоли	Chernivetska	Khotynskyi	48.527	26.4602
60010	Перебиківці	Chernivetska	Khotynskyi	48.5244	25.1468
60011	Зелена Липа	Chernivetska	Khotynskyi	48.5244	25.1468
60012	Рухотин	Chernivetska	Khotynskyi	48.5156	26.2058
60013	Гринячка	Chernivetska	Khotynskyi	48.5244	25.1468
60014	Клішківці	Chernivetska	Khotynskyi	48.4316	26.2623
60015	Млинки	Chernivetska	Khotynskyi	48.5244	25.1468
60016	Поляна	Chernivetska	Khotynskyi	48.6261	22.9723
60017	Рашків	Chernivetska	Khotynskyi	48.5244	25.1468
60018	Гордівці	Chernivetska	Khotynskyi	48.5244	25.1468
60019	Корнешти	Chernivetska	Khotynskyi	48.5244	25.1468
60020	Грозинці	Chernivetska	Khotynskyi	48.8837	25.5993
60021	Бочківці	Chernivetska	Khotynskyi	48.8837	25.5993
60022	Шилівці	Chernivetska	Khotynskyi	48.8837	25.5993
60023	Колінківці	Chernivetska	Khotynskyi	48.8837	25.5993
60024	Малинці	Chernivetska	Khotynskyi	48.8837	25.5993
60025	Санківці	Chernivetska	Khotynskyi	48.8837	25.5993
60026	Блищадь	Chernivetska	Khotynskyi	48.8837	25.5993
60030	Рукшин	Chernivetska	Khotynskyi	48.4889	26.4002
60031	Чепоноси	Chernivetska	Khotynskyi	48.4889	26.4002
60032	Ширівці	Chernivetska	Khotynskyi	48.4889	26.4002
60033	Владична	Chernivetska	Khotynskyi	48.4889	26.4002
60034	Зарожани	Chernivetska	Khotynskyi	48.4889	26.4002
60035	Недобоївці	Chernivetska	Khotynskyi	48.4889	26.4002
60040	Каплівка	Chernivetska	Khotynskyi	49.8677	25.3627
60041	Данківці	Chernivetska	Khotynskyi	49.9736	26.8976
60042	Ворничани	Chernivetska	Khotynskyi	49.8677	25.3627
60043	Долиняни	Chernivetska	Khotynskyi	49.8677	25.3627
60044	Ставчани	Chernivetska	Khotynskyi	49.7618	23.8278
60050	Керстенці	Chernivetska	Khotynskyi	49.0273	25.2111
60051	Круглик	Chernivetska	Khotynskyi	48.3736	26.4494
60052	Пашківці	Chernivetska	Khotynskyi	48.8163	22.9437
60053	Білівці	Chernivetska	Khotynskyi	49.0273	25.2111
60054	Крутеньки	Chernivetska	Khotynskyi	48.3729	26.5495
60055	Ярівка	Chernivetska	Khotynskyi	50.5464	24.9018
60100	Кельменці	Chernivetska	Kelmenetskyi	48.465	26.8346
60110	Вороновиця	Chernivetska	Kelmenetskyi	49.1095	28.6808
60111	Ленківці	Chernivetska	Kelmenetskyi	48.3258	25.9001
60112	Коновка	Chernivetska	Kelmenetskyi	48.5085	26.7215
60113	Грушівці	Chernivetska	Kelmenetskyi	49.2864	27.6652
60114	Нагоряни	Chernivetska	Kelmenetskyi	51.3681	28.5367
60115	Бабин	Chernivetska	Kelmenetskyi	48.5249	26.8616
60116	Макарівка	Chernivetska	Kelmenetskyi	49.8817	29.2904
60119	Кроква	Chernivetska	Kelmenetskyi	49.2864	27.6652
60120	Бернове	Chernivetska	Kelmenetskyi	49.1336	26.8767
60121	Мошанець	Chernivetska	Kelmenetskyi	49.1336	26.8767
60122	Перківці	Chernivetska	Kelmenetskyi	49.1336	26.8767
60123	Путрине	Chernivetska	Kelmenetskyi	49.1336	26.8767
60124	Оселівка	Chernivetska	Kelmenetskyi	49.1336	26.8767
60125	Лівинці	Chernivetska	Kelmenetskyi	49.1336	26.8767
60126	Михайлівка	Chernivetska	Kelmenetskyi	49.1336	26.8767
60130	Вартиківці	Chernivetska	Kelmenetskyi	48.6956	26.6375
60131	Слобідка	Chernivetska	Kelmenetskyi	49.028	26.5399
60132	Козиряни	Chernivetska	Kelmenetskyi	48.6956	26.6375
60133	Зелена	Chernivetska	Kelmenetskyi	48.3631	26.7351
60134	Подвір'ївка	Chernivetska	Kelmenetskyi	48.6956	26.6375
60140	Комарів	Chernivetska	Kelmenetskyi	50.4011	24.3172
60141	Дністрівка	Chernivetska	Kelmenetskyi	48.5367	26.9272
60142	Бузовиця	Chernivetska	Kelmenetskyi	49.4421	25.1155
60143	Бурдюг	Chernivetska	Kelmenetskyi	49.4421	25.1155
60144	Іванівці	Chernivetska	Kelmenetskyi	49.3885	24.1022
60147	Майорка	Chernivetska	Kelmenetskyi	49.4421	25.1155
60150	Вовчинець	Chernivetska	Kelmenetskyi	49.7495	28.5616
60151	Новоселиця	Chernivetska	Kelmenetskyi	48.2193	26.2653
60152	Нелипівці	Chernivetska	Kelmenetskyi	48.9844	27.4135
60153	Лукачівка	Chernivetska	Kelmenetskyi	48.9844	27.4135
60154	Росошани	Chernivetska	Kelmenetskyi	48.9844	27.4135
60155	Браїлівка	Chernivetska	Kelmenetskyi	48.9844	27.4135
60200	Сокиряни	Chernivetska	Sokyrianskyi	48.4475	27.4168
60209	Волошкове	Chernivetska	Sokyrianskyi	48.4475	27.4168
60210	Братанівка	Chernivetska	Sokyrianskyi	49.2227	27.3068
60211	Шебутинці	Chernivetska	Sokyrianskyi	49.2227	27.3068
60212	Лопатів	Chernivetska	Sokyrianskyi	49.2227	27.3068
60213	Кормань	Chernivetska	Sokyrianskyi	49.2227	27.3068
60214	Вітрянка	Chernivetska	Sokyrianskyi	49.2227	27.3068
60215	Кулішівка	Chernivetska	Sokyrianskyi	50.2454	29.0635
60216	Селище	Chernivetska	Sokyrianskyi	48.2	25.55
60220	Грубна	Chernivetska	Sokyrianskyi	48.4557	27.0731
60221	Шишківці	Chernivetska	Sokyrianskyi	48.5995	26.8823
60222	Вашківці	Chernivetska	Sokyrianskyi	48.3849	25.5102
60223	Олексіївка	Chernivetska	Sokyrianskyi	48.9579	28.0637
60224	Новоолексіївка	Chernivetska	Sokyrianskyi	48.5995	26.8823
60225	Гвіздівці	Chernivetska	Sokyrianskyi	48.5995	26.8823
60226	Романківці	Chernivetska	Sokyrianskyi	48.5995	26.8823
60228	Нова Слобода	Chernivetska	Sokyrianskyi	48.5995	26.8823
60229	Покровка	Chernivetska	Sokyrianskyi	48.5995	26.8823
60230	Сербичани	Chernivetska	Sokyrianskyi	48.7819	27.1129
60231	Коболчин	Chernivetska	Sokyrianskyi	48.7819	27.1129
60232	Василівка	Chernivetska	Sokyrianskyi	48.7819	27.1129
60233	Білоусівка	Chernivetska	Sokyrianskyi	48.7819	27.1129
60234	Михалкове	Chernivetska	Sokyrianskyi	48.7819	27.1129
60235	Ломачинці	Chernivetska	Sokyrianskyi	48.7819	27.1129
60236	Новодністровськ	Chernivetska	Sokyrianskyi	48.7819	27.1129
60237	Ожеве	Chernivetska	Sokyrianskyi	48.7819	27.1129
60238	Галиця	Chernivetska	Sokyrianskyi	48.7819	27.1129
60239	Непоротове	Chernivetska	Sokyrianskyi	48.7819	27.1129
60240	Розкопинці	Chernivetska	Sokyrianskyi	48.7819	27.1129
60241	Струмок	Chernivetska	Sokyrianskyi	48.7819	27.1129
60300	Новоселиця	Chernivetska	Novoselytskyi	48.2193	26.2653
60307	Зелений Гай	Chernivetska	Novoselytskyi	48.5638	27.2824
60308	Строїнці	Chernivetska	Novoselytskyi	48.9082	28.2994
60309	Маршинці	Chernivetska	Novoselytskyi	48.5638	27.2824
60310	Чорнівка	Chernivetska	Novoselytskyi	48.3008	26.0394
60311	Топорівці	Chernivetska	Novoselytskyi	48.3008	26.0394
60312	Рідківці	Chernivetska	Novoselytskyi	48.3008	26.0394
60313	Магала	Chernivetska	Novoselytskyi	48.2967	26.048
60314	Буда	Chernivetska	Novoselytskyi	48.3049	26.0307
60315	Остриця	Chernivetska	Novoselytskyi	48.3008	26.0394
60320	Рокитне	Chernivetska	Novoselytskyi	51.2796	27.214
60321	Бояни	Chernivetska	Novoselytskyi	50.089	26.5898
60322	Малинівка	Chernivetska	Novoselytskyi	50.089	26.5898
60323	Слобода	Chernivetska	Novoselytskyi	48.2787	26.2021
60324	Ревківці	Chernivetska	Novoselytskyi	50.089	26.5898
60325	Припруття	Chernivetska	Novoselytskyi	50.089	26.5898
60326	Прут	Chernivetska	Novoselytskyi	50.089	26.5898
60327	Боянівка	Chernivetska	Novoselytskyi	50.7087	26.3533
60328	Гай	Chernivetska	Novoselytskyi	50.089	26.5898
60330	Рингач	Chernivetska	Novoselytskyi	48.2377	28.5185
60331	Динівці	Chernivetska	Novoselytskyi	48.2377	28.5185
60332	Шишківці	Chernivetska	Novoselytskyi	48.2377	28.5185
60333	Берестя	Chernivetska	Novoselytskyi	48.2377	28.5185
60334	Довжок	Chernivetska	Novoselytskyi	48.2377	28.5185
60340	Котелеве	Chernivetska	Novoselytskyi	48.9433	26.8353
60341	Форосна	Chernivetska	Novoselytskyi	48.9433	26.8353
60342	Жилівка	Chernivetska	Novoselytskyi	48.9433	26.8353
60344	Щербинці	Chernivetska	Novoselytskyi	48.9433	26.8353
60345	Черленівка	Chernivetska	Novoselytskyi	48.9433	26.8353
60349	Ванчинець	Chernivetska	Novoselytskyi	48.9433	26.8353
60350	Тарасівці	Chernivetska	Novoselytskyi	48.9433	26.8353
60351	Ванчиківці	Chernivetska	Novoselytskyi	48.9433	26.8353
60352	Костичани	Chernivetska	Novoselytskyi	48.9433	26.8353
60353	Думени	Chernivetska	Novoselytskyi	48.9433	26.8353
60355	Новоіванківці	Chernivetska	Novoselytskyi	48.9433	26.8353
60356	Драниця	Chernivetska	Novoselytskyi	48.9433	26.8353
60357	Негринці	Chernivetska	Novoselytskyi	48.9433	26.8353
60360	Балківці	Chernivetska	Novoselytskyi	48.2557	26.5867
60361	Несвоя	Chernivetska	Novoselytskyi	48.2557	26.5867
60362	Стальнівці	Chernivetska	Novoselytskyi	48.2557	26.5867
60363	Подвірне	Chernivetska	Novoselytskyi	48.2557	26.5867
60364	Мамалига	Chernivetska	Novoselytskyi	48.2557	26.5867
60365	Кошуляни	Chernivetska	Novoselytskyi	48.2557	26.5867
60400	Глибока	Chernivetska	Hlybotskyi	47.2723	35.2224
60407	Димка	Chernivetska	Hlybotskyi	47.2723	35.2224
60408	Михайлівка	Chernivetska	Hlybotskyi	47.2723	35.2224
60409	Червона Діброва	Chernivetska	Hlybotskyi	47.2723	35.2224
60410	Коровія	Chernivetska	Hlybotskyi	48.2477	25.9416
60411	Валя Кузьмина	Chernivetska	Hlybotskyi	48.2477	25.9416
60412	Чагор	Chernivetska	Hlybotskyi	48.2433	25.9939
60413	Волока	Chernivetska	Hlybotskyi	48.1923	25.9307
60414	Грушівка	Chernivetska	Hlybotskyi	48.2477	25.9416
60415	Молодія	Chernivetska	Hlybotskyi	48.2233	26.0214
60416	Луковиця	Chernivetska	Hlybotskyi	48.2477	25.9416
60417	Кут	Chernivetska	Hlybotskyi	48.3319	25.8204
60420	Карапчів	Chernivetska	Hlybotskyi	48.3228	25.4502
60421	Йорданешти	Chernivetska	Hlybotskyi	48.8138	26.193
60422	Сучевени	Chernivetska	Hlybotskyi	48.8138	26.193
60423	Петричанка	Chernivetska	Hlybotskyi	48.0544	25.8828
60424	Просіка	Chernivetska	Hlybotskyi	50.8316	27.6543
60425	Купка	Chernivetska	Hlybotskyi	48.0463	25.7847
60426	Корчівці	Chernivetska	Hlybotskyi	48.8138	26.193
60427	Кам'янка	Chernivetska	Hlybotskyi	48.8138	26.193
60428	Просикуряни	Chernivetska	Hlybotskyi	48.8138	26.193
60430	Тарашани	Chernivetska	Hlybotskyi	48.2274	25.0241
60431	Привороки	Chernivetska	Hlybotskyi	48.2274	25.0241
60432	Станівці	Chernivetska	Hlybotskyi	48.2274	25.0241
60433	Турятка	Chernivetska	Hlybotskyi	48.2274	25.0241
60434	Поляна	Chernivetska	Hlybotskyi	48.6261	22.9723
60435	Тереблече	Chernivetska	Hlybotskyi	48.024	26.0645
60437	Горбівці	Chernivetska	Hlybotskyi	48.2274	25.0241
60438	Стерче	Chernivetska	Hlybotskyi	48.0321	26.0353
60440	Старий Вовчинець	Chernivetska	Hlybotskyi	48.3542	26.1529
60441	Багринівка	Chernivetska	Hlybotskyi	48.3542	26.1529
60442	Біла Криниця	Chernivetska	Hlybotskyi	47.9763	25.8862
60444	Черепківці	Chernivetska	Hlybotskyi	48.3542	26.1529
60445	Опришени	Chernivetska	Hlybotskyi	48.0584	26.0327
60446	Нижні Синівці	Chernivetska	Hlybotskyi	48.3542	26.1529
60447	Новий Вовчинець	Chernivetska	Hlybotskyi	48.3542	26.1529
60448	Верхні Синівці	Chernivetska	Hlybotskyi	48.3542	26.1529
60449	Слобідка	Chernivetska	Hlybotskyi	49.028	26.5399
60501	Герца	Chernivetska	Hertsaivskyi	48.1509	26.2612
60510	Лунка	Chernivetska	Hertsaivskyi	48.1834	26.2935
60511	Великосілля	Chernivetska	Hertsaivskyi	49.3946	22.822
60512	Могилівка	Chernivetska	Hertsaivskyi	48.789	24.5578
60513	Молниця	Chernivetska	Hertsaivskyi	48.789	24.5578
60520	Остриця	Chernivetska	Hertsaivskyi	47.4096	32.1842
60521	Цурень	Chernivetska	Hertsaivskyi	47.4096	32.1842
60522	Горбова	Chernivetska	Hertsaivskyi	47.4096	32.1842
60523	Банчени	Chernivetska	Hertsaivskyi	47.4096	32.1842
60524	Годинівка	Chernivetska	Hertsaivskyi	47.4096	32.1842
60525	Луковиця	Chernivetska	Hertsaivskyi	47.4096	32.1842
60526	Маморниця	Chernivetska	Hertsaivskyi	47.4096	32.1842
60527	Радгоспівка	Chernivetska	Hertsaivskyi	47.4096	32.1842
60530	Хряцька	Chernivetska	Hertsaivskyi	48.3818	27.8266
60531	Велика Буда	Chernivetska	Hertsaivskyi	48.3818	27.8266
60532	Мала Буда	Chernivetska	Hertsaivskyi	48.3818	27.8266
60533	Круп'янське	Chernivetska	Hertsaivskyi	48.3818	27.8266
60540	Байраки	Chernivetska	Hertsaivskyi	48.6069	32.3369
60541	Підвальне	Chernivetska	Hertsaivskyi	48.5114	29.0751
60542	Петрашівка	Chernivetska	Hertsaivskyi	48.8024	28.6724
60543	Тернавка	Chernivetska	Hertsaivskyi	48.1248	26.2161
60544	Дяківці	Chernivetska	Hertsaivskyi	48.5114	29.0751
60545	Куликівка	Chernivetska	Hertsaivskyi	48.5114	29.0751
60546	Буківка	Chernivetska	Hertsaivskyi	48.5114	29.0751
49000	Дніпро	Dnipropetrovska	Dnipropetrovska	48.4593	35.0386
49004	Дніпро	Dnipropetrovska	Dnipropetrovska	48.4593	35.0386
49005	Дніпро	Dnipropetrovska	Dnipropetrovska	48.4593	35.0386
49006	Дніпро	Dnipropetrovska	Dnipropetrovska	48.4593	35.0386
49007	Дніпро	Dnipropetrovska	Dnipropetrovska	48.4593	35.0386
49008	Дніпро	Dnipropetrovska	Dnipropetrovska	48.4593	35.0386
49010	Дніпро	Dnipropetrovska	Dnipropetrovska	48.4593	35.0386
49015	Дніпро	Dnipropetrovska	Dnipropetrovska	48.4593	35.0386
49016	Дніпро	Dnipropetrovska	Dnipropetrovska	48.4593	35.0386
49017	Дніпро	Dnipropetrovska	Dnipropetrovska	48.4593	35.0386
49018	Дніпро	Dnipropetrovska	Dnipropetrovska	48.4593	35.0386
49019	Дніпро	Dnipropetrovska	Dnipropetrovska	48.4593	35.0386
49020	Дніпро	Dnipropetrovska	Dnipropetrovska	48.4593	35.0386
49021	Дніпро	Dnipropetrovska	Dnipropetrovska	48.4593	35.0386
49022	Дніпро	Dnipropetrovska	Dnipropetrovska	48.4593	35.0386
49023	Дніпро	Dnipropetrovska	Dnipropetrovska	48.4593	35.0386
49024	Дніпро	Dnipropetrovska	Dnipropetrovska	48.4593	35.0386
49026	Дніпро	Dnipropetrovska	Dnipropetrovska	48.4593	35.0386
49027	Дніпро	Dnipropetrovska	Dnipropetrovska	48.4593	35.0386
49028	Дніпро	Dnipropetrovska	Dnipropetrovska	48.4593	35.0386
49032	Дніпро	Dnipropetrovska	Dnipropetrovska	48.4593	35.0386
49033	Дніпро	Dnipropetrovska	Dnipropetrovska	48.4593	35.0386
49035	Дніпро	Dnipropetrovska	Dnipropetrovska	48.4593	35.0386
49038	Дніпро	Dnipropetrovska	Dnipropetrovska	48.4593	35.0386
49040	Дніпро	Dnipropetrovska	Dnipropetrovska	48.4593	35.0386
49041	Дніпро	Dnipropetrovska	Dnipropetrovska	48.4593	35.0386
49043	Дніпро	Dnipropetrovska	Dnipropetrovska	48.4593	35.0386
49044	Дніпро	Dnipropetrovska	Dnipropetrovska	48.4593	35.0386
49045	Дніпро	Dnipropetrovska	Dnipropetrovska	48.4593	35.0386
49046	Дніпро	Dnipropetrovska	Dnipropetrovska	48.4593	35.0386
49047	Дніпро	Dnipropetrovska	Dnipropetrovska	48.4593	35.0386
49048	Дніпро	Dnipropetrovska	Dnipropetrovska	48.4593	35.0386
49049	Дніпро	Dnipropetrovska	Dnipropetrovska	48.4593	35.0386
49051	Дніпро	Dnipropetrovska	Dnipropetrovska	48.4593	35.0386
49052	Дніпро	Dnipropetrovska	Dnipropetrovska	48.4593	35.0386
49053	Дніпро	Dnipropetrovska	Dnipropetrovska	48.4593	35.0386
49054	Дніпро	Dnipropetrovska	Dnipropetrovska	48.4593	35.0386
49055	Дніпро	Dnipropetrovska	Dnipropetrovska	48.4593	35.0386
49057	Дніпро	Dnipropetrovska	Dnipropetrovska	48.4593	35.0386
49061	Дніпро	Dnipropetrovska	Dnipropetrovska	48.4593	35.0386
49064	Дніпро	Dnipropetrovska	Dnipropetrovska	48.4593	35.0386
49066	Дніпро	Dnipropetrovska	Dnipropetrovska	48.4593	35.0386
49068	Дніпро	Dnipropetrovska	Dnipropetrovska	48.4593	35.0386
49069	Дніпро	Dnipropetrovska	Dnipropetrovska	48.4593	35.0386
49072	Дніпро	Dnipropetrovska	Dnipropetrovska	48.4593	35.0386
49073	Дніпро	Dnipropetrovska	Dnipropetrovska	48.4593	35.0386
49074	Дніпро	Dnipropetrovska	Dnipropetrovska	48.4593	35.0386
49075	Дніпро	Dnipropetrovska	Dnipropetrovska	48.4593	35.0386
49080	Дніпро	Dnipropetrovska	Dnipropetrovska	48.4593	35.0386
49081	Дніпро	Dnipropetrovska	Dnipropetrovska	48.4593	35.0386
49082	Дніпро	Dnipropetrovska	Dnipropetrovska	48.4593	35.0386
49083	Дніпро	Dnipropetrovska	Dnipropetrovska	48.4593	35.0386
49086	Дніпро	Dnipropetrovska	Dnipropetrovska	48.4593	35.0386
49087	Дніпро	Dnipropetrovska	Dnipropetrovska	48.4593	35.0386
49089	Дніпро	Dnipropetrovska	Dnipropetrovska	48.4593	35.0386
49094	Дніпро	Dnipropetrovska	Dnipropetrovska	48.4593	35.0386
49098	Дніпро	Dnipropetrovska	Dnipropetrovska	48.4593	35.0386
49100	Дніпро	Dnipropetrovska	Dnipropetrovska	48.4593	35.0386
49101	Дніпро	Dnipropetrovska	Dnipropetrovska	48.4593	35.0386
49102	Дніпро	Dnipropetrovska	Dnipropetrovska	48.4593	35.0386
49106	Дніпро	Dnipropetrovska	Dnipropetrovska	48.4593	35.0386
49107	Дніпро	Dnipropetrovska	Dnipropetrovska	48.4593	35.0386
49108	Дніпро	Dnipropetrovska	Dnipropetrovska	48.4593	35.0386
49112	Дніпро	Dnipropetrovska	Dnipropetrovska	48.4593	35.0386
49114	Дніпро	Dnipropetrovska	Dnipropetrovska	48.4593	35.0386
49115	Дніпро	Dnipropetrovska	Dnipropetrovska	48.4593	35.0386
49116	Дніпро	Dnipropetrovska	Dnipropetrovska	48.4593	35.0386
49117	Дніпро	Dnipropetrovska	Dnipropetrovska	48.4593	35.0386
49118	Дніпро	Dnipropetrovska	Dnipropetrovska	48.4593	35.0386
49124	Дніпро	Dnipropetrovska	Dnipropetrovska	48.4593	35.0386
49125	Дніпро	Dnipropetrovska	Dnipropetrovska	48.4593	35.0386
49126	Дніпро	Dnipropetrovska	Dnipropetrovska	48.4593	35.0386
49127	Дніпро	Dnipropetrovska	Dnipropetrovska	48.4593	35.0386
49128	Дніпро	Dnipropetrovska	Dnipropetrovska	48.4593	35.0386
49130	Дніпро	Dnipropetrovska	Dnipropetrovska	48.4593	35.0386
49131	Дніпро	Dnipropetrovska	Dnipropetrovska	48.4593	35.0386
49401	Сонячне	Dnipropetrovska	Solonianskyi	50.3162	28.6426
50000	Кривий Ріг	Dnipropetrovska	Kryvyi Rih	48.0695	33.496
50001	Кривий Ріг	Dnipropetrovska	Kryvyi Rih	48.0695	33.496
50002	Кривий Ріг	Dnipropetrovska	Kryvyi Rih	48.0695	33.496
50004	Кривий Ріг	Dnipropetrovska	Kryvyi Rih	48.0695	33.496
50005	Кривий Ріг	Dnipropetrovska	Kryvyi Rih	48.0695	33.496
50006	Кривий Ріг	Dnipropetrovska	Kryvyi Rih	48.0695	33.496
50008	Кривий Ріг	Dnipropetrovska	Kryvyi Rih	48.0695	33.496
50011	Кривий Ріг	Dnipropetrovska	Kryvyi Rih	48.0695	33.496
50012	Кривий Ріг	Dnipropetrovska	Kryvyi Rih	48.0695	33.496
50014	Кривий Ріг	Dnipropetrovska	Kryvyi Rih	48.0695	33.496
50019	Кривий Ріг	Dnipropetrovska	Kryvyi Rih	48.0695	33.496
50023	Кривий Ріг	Dnipropetrovska	Kryvyi Rih	48.0695	33.496
50024	Кривий Ріг	Dnipropetrovska	Kryvyi Rih	48.0695	33.496
50025	Кривий Ріг	Dnipropetrovska	Kryvyi Rih	48.0695	33.496
50026	Кривий Ріг	Dnipropetrovska	Kryvyi Rih	48.0695	33.496
50027	Кривий Ріг	Dnipropetrovska	Kryvyi Rih	48.0695	33.496
50029	Кривий Ріг	Dnipropetrovska	Kryvyi Rih	48.0695	33.496
50031	Кривий Ріг	Dnipropetrovska	Kryvyi Rih	48.0695	33.496
50036	Кривий Ріг	Dnipropetrovska	Kryvyi Rih	48.0695	33.496
50037	Кривий Ріг	Dnipropetrovska	Kryvyi Rih	48.0695	33.496
50038	Кривий Ріг	Dnipropetrovska	Kryvyi Rih	48.0695	33.496
50041	Кривий Ріг	Dnipropetrovska	Kryvyi Rih	48.0695	33.496
50042	Кривий Ріг	Dnipropetrovska	Kryvyi Rih	48.0695	33.496
50045	Кривий Ріг	Dnipropetrovska	Kryvyi Rih	48.0695	33.496
50046	Кривий Ріг	Dnipropetrovska	Kryvyi Rih	48.0695	33.496
50047	Кривий Ріг	Dnipropetrovska	Kryvyi Rih	48.0695	33.496
50048	Кривий Ріг	Dnipropetrovska	Kryvyi Rih	48.0695	33.496
50049	Кривий Ріг	Dnipropetrovska	Kryvyi Rih	48.0695	33.496
50051	Кривий Ріг	Dnipropetrovska	Kryvyi Rih	48.0695	33.496
50052	Кривий Ріг	Dnipropetrovska	Kryvyi Rih	48.0695	33.496
50053	Кривий Ріг	Dnipropetrovska	Kryvyi Rih	48.0695	33.496
50054	Кривий Ріг	Dnipropetrovska	Kryvyi Rih	48.0695	33.496
50055	Кривий Ріг	Dnipropetrovska	Kryvyi Rih	48.0695	33.496
50056	Кривий Ріг	Dnipropetrovska	Kryvyi Rih	48.0695	33.496
50057	Кривий Ріг	Dnipropetrovska	Kryvyi Rih	48.0695	33.496
50065	Кривий Ріг	Dnipropetrovska	Kryvyi Rih	48.0695	33.496
50066	Кривий Ріг	Dnipropetrovska	Kryvyi Rih	48.0695	33.496
50067	Кривий Ріг	Dnipropetrovska	Kryvyi Rih	48.0695	33.496
50069	Кривий Ріг	Dnipropetrovska	Kryvyi Rih	48.0695	33.496
50071	Кривий Ріг	Dnipropetrovska	Kryvyi Rih	48.0695	33.496
50073	Кривий Ріг	Dnipropetrovska	Kryvyi Rih	48.0695	33.496
50074	Кривий Ріг	Dnipropetrovska	Kryvyi Rih	48.0695	33.496
50076	Кривий Ріг	Dnipropetrovska	Kryvyi Rih	48.0695	33.496
50078	Кривий Ріг	Dnipropetrovska	Kryvyi Rih	48.0695	33.496
50079	Кривий Ріг	Dnipropetrovska	Kryvyi Rih	48.0695	33.496
50081	Кривий Ріг	Dnipropetrovska	Kryvyi Rih	48.0695	33.496
50082	Кривий Ріг	Dnipropetrovska	Kryvyi Rih	48.0695	33.496
50083	Кривий Ріг	Dnipropetrovska	Kryvyi Rih	48.0695	33.496
50084	Кривий Ріг	Dnipropetrovska	Kryvyi Rih	48.0695	33.496
50085	Кривий Ріг	Dnipropetrovska	Kryvyi Rih	48.0695	33.496
50086	Кривий Ріг	Dnipropetrovska	Kryvyi Rih	48.0695	33.496
50089	Кривий Ріг	Dnipropetrovska	Kryvyi Rih	48.0695	33.496
50090	Кривий Ріг	Dnipropetrovska	Kryvyi Rih	48.0695	33.496
50093	Кривий Ріг	Dnipropetrovska	Kryvyi Rih	48.0695	33.496
50095	Кривий Ріг	Dnipropetrovska	Kryvyi Rih	48.0695	33.496
50096	Кривий Ріг	Dnipropetrovska	Kryvyi Rih	48.0695	33.496
50097	Кривий Ріг	Dnipropetrovska	Kryvyi Rih	48.0695	33.496
50098	Кривий Ріг	Dnipropetrovska	Kryvyi Rih	48.0695	33.496
50100	Кривий Ріг	Dnipropetrovska	Kryvyi Rih	48.0695	33.496
50101	Кривий Ріг	Dnipropetrovska	Kryvyi Rih	48.0695	33.496
50102	Кривий Ріг	Dnipropetrovska	Kryvyi Rih	48.0695	33.496
50103	Кривий Ріг	Dnipropetrovska	Kryvyi Rih	48.0695	33.496
50106	Кривий Ріг	Dnipropetrovska	Kryvyi Rih	48.0695	33.496
50480	Гірницьке	Dnipropetrovska	Kryvyi Rih	48.0321	33.4261
50481	Новоіванівка (Криворізької міської ради)	Dnipropetrovska	Kryvyi Rih	48.0321	33.4261
50482	Авангард	Dnipropetrovska	Kryvyi Rih	48.0084	33.3149
50483	Коломійцеве (Криворізька міська рада)	Dnipropetrovska	Kryvyi Rih	48.0321	33.4261
50484	Тернуватий Кут	Dnipropetrovska	Kryvyi Rih	48.0558	33.5372
51000	Царичанка	Dnipropetrovska	Tsarychanskyi	48.937	34.4786
51005	Дубове (Царичанська сільська рада)	Dnipropetrovska	Tsarychanskyi	48.937	34.4786
51006	Лисківка (Царичанська сільська рада)	Dnipropetrovska	Tsarychanskyi	48.937	34.4786
51007	Заорілля (Михайлівська сільська рада)	Dnipropetrovska	Tsarychanskyi	48.937	34.4786
51008	Зубківка (Цибульківська сільська рада)	Dnipropetrovska	Tsarychanskyi	48.937	34.4786
51009	Івано-Ярізовка (Бабайківська сільська рада)	Dnipropetrovska	Tsarychanskyi	48.937	34.4786
51010	Бабайківка	Dnipropetrovska	Tsarychanskyi	49.0121	34.5239
51011	Михайлівка (Михайлівська сільська рада)	Dnipropetrovska	Tsarychanskyi	49.0121	34.5239
51012	Ляшківка (Ляшківська сільська рада)	Dnipropetrovska	Tsarychanskyi	49.0121	34.5239
51013	Залелія (Залеліївська сільська рада)	Dnipropetrovska	Tsarychanskyi	49.0121	34.5239
51014	Орлівка (Ляшківська сільська рада)	Dnipropetrovska	Tsarychanskyi	49.0121	34.5239
51015	Катеринівка (Цибульківська сільська рада)	Dnipropetrovska	Tsarychanskyi	49.0121	34.5239
51016	Кравцівка (Рудьківська сільська рада)	Dnipropetrovska	Tsarychanskyi	49.0121	34.5239
51017	Пилипівка (Царичанська сільська рада)	Dnipropetrovska	Tsarychanskyi	49.0121	34.5239
51018	Лозуватка (Залеліївська сільська рада)	Dnipropetrovska	Tsarychanskyi	49.0121	34.5239
51019	Назаренки (Ляшківська сільська рада)	Dnipropetrovska	Tsarychanskyi	49.0121	34.5239
51020	Юр'ївка (Юр'ївська сільська рада)	Dnipropetrovska	Tsarychanskyi	48.9558	34.5931
51021	Преображенка	Dnipropetrovska	Tsarychanskyi	48.9558	34.5931
51022	Прядівка (Прядівська сільська рада)	Dnipropetrovska	Tsarychanskyi	48.9558	34.5931
51023	Ненадівка (Юрьївська сільська рада)	Dnipropetrovska	Tsarychanskyi	48.9558	34.5931
51024	Нетесівка (Залеліївська сільська рада)	Dnipropetrovska	Tsarychanskyi	48.9558	34.5931
51025	Новоселівка (Цибульківська сільська рада)	Dnipropetrovska	Tsarychanskyi	48.9558	34.5931
51026	Турове (Царичанська селищна рада)	Dnipropetrovska	Tsarychanskyi	48.9558	34.5931
51027	Кущівка (Бабайківська сільська рада)	Dnipropetrovska	Tsarychanskyi	48.9558	34.5931
51028	Плавещина (Цибульківська сільська рада)	Dnipropetrovska	Tsarychanskyi	48.9558	34.5931
51029	Помазанівка (Залеліївська сільська рада)	Dnipropetrovska	Tsarychanskyi	48.9558	34.5931
51030	Китайгород (Китайгородська сільська рада)	Dnipropetrovska	Tsarychanskyi	48.8551	34.4124
51031	Рудка (Рудківська сільська рада)	Dnipropetrovska	Tsarychanskyi	48.8551	34.4124
51032	Цибульківка	Dnipropetrovska	Tsarychanskyi	48.8551	34.4124
51033	Молодіжне (Цибульківська сільська рада)	Dnipropetrovska	Tsarychanskyi	48.8551	34.4124
51034	Рибалки (Рудківська сільська рада)	Dnipropetrovska	Tsarychanskyi	48.8551	34.4124
51035	Салівка (Цибульківська сільська рада)	Dnipropetrovska	Tsarychanskyi	48.8551	34.4124
51036	Селянівка (Царичанська сільська рада)	Dnipropetrovska	Tsarychanskyi	48.8551	34.4124
51037	"Семенівка (Юр""ївська сільська рада)"	Dnipropetrovska	Tsarychanskyi	48.8551	34.4124
51038	Супина (Новопідкрязька сільська рада)	Dnipropetrovska	Tsarychanskyi	48.8551	34.4124
51039	Тарасівка (Царичанська селищна рада)	Dnipropetrovska	Tsarychanskyi	48.8551	34.4124
51040	Могилів	Dnipropetrovska	Tsarychanskyi	48.8642	34.4841
51041	Могилів	Dnipropetrovska	Tsarychanskyi	48.8642	34.4841
51045	Проточі (Зорянська сільська рада)	Dnipropetrovska	Tsarychanskyi	48.8642	34.4841
51046	Новопідкряж (Новопідкрязька сільська рада)	Dnipropetrovska	Tsarychanskyi	48.8642	34.4841
51047	Андріївка (Залеліївська сільська рада)	Dnipropetrovska	Tsarychanskyi	48.8642	34.4841
51048	Вербове (Бабайківська сільська рада)	Dnipropetrovska	Tsarychanskyi	48.8642	34.4841
51049	Гнатівка (Михайлівська сільська рада)	Dnipropetrovska	Tsarychanskyi	48.8642	34.4841
51050	Драгівка (Царичанська сільська рада)	Dnipropetrovska	Tsarychanskyi	48.9147	34.496
51051	Новостроївка (Бабайківська сільська рада)	Dnipropetrovska	Tsarychanskyi	48.9147	34.496
51052	Калинівка (Царичанська сільська рада)	Dnipropetrovska	Tsarychanskyi	48.9147	34.496
51053	Червона Орілька (Михайлівська сільська рада)	Dnipropetrovska	Tsarychanskyi	48.9147	34.496
51054	Шарівка (Ляшківська сільська рада)	Dnipropetrovska	Tsarychanskyi	48.9147	34.496
51055	Щербинівка (Рудьківська сільська рада)	Dnipropetrovska	Tsarychanskyi	48.9147	34.496
51056	Єгорине (Цибульківська сільська рада)	Dnipropetrovska	Tsarychanskyi	48.9147	34.496
51100	Магдалинівка	Dnipropetrovska	Mahdalynivskyi	48.9211	34.9149
51101	Велика Козирщина (Личківської с-р)	Dnipropetrovska	Mahdalynivskyi	48.9211	34.9149
51102	Веселе (Приютська с-р)	Dnipropetrovska	Mahdalynivskyi	48.9211	34.9149
51103	Веселий Гай (Поливанівська с-р)	Dnipropetrovska	Mahdalynivskyi	48.9211	34.9149
51104	Виноградівка (Новопетрівська с-р)	Dnipropetrovska	Mahdalynivskyi	48.9211	34.9149
51105	Оленівка (Оленівська с-р)	Dnipropetrovska	Mahdalynivskyi	48.9211	34.9149
51106	Кільчень (Магдалинівської селищної ради)	Dnipropetrovska	Mahdalynivskyi	48.9211	34.9149
51107	Вишневе (Приютська с-р)	Dnipropetrovska	Mahdalynivskyi	48.9211	34.9149
51108	Гавришівка (Пролетарської с-р)	Dnipropetrovska	Mahdalynivskyi	48.9211	34.9149
51109	Грабки (Жданівської)	Dnipropetrovska	Mahdalynivskyi	48.9211	34.9149
51110	Гупалівка	Dnipropetrovska	Mahdalynivskyi	49.1114	34.7356
51111	Чернеччина	Dnipropetrovska	Mahdalynivskyi	49.1232	34.7725
51112	Котівка	Dnipropetrovska	Mahdalynivskyi	50.136	37.0786
51113	Заплавка	Dnipropetrovska	Mahdalynivskyi	49.0872	34.872
51114	Минівка	Dnipropetrovska	Mahdalynivskyi	49.1406	34.8681
51115	Дмухайлівка	Dnipropetrovska	Mahdalynivskyi	49.0706	34.7321
51116	Деконка (Жданівська с-р)	Dnipropetrovska	Mahdalynivskyi	49.1748	35.1111
51117	Дубравка	Dnipropetrovska	Mahdalynivskyi	48.8826	34.9375
51118	Дудківка (Жданівська)	Dnipropetrovska	Mahdalynivskyi	49.1748	35.1111
51119	Євдокіївка	Dnipropetrovska	Mahdalynivskyi	48.847	34.8923
51120	Бузівка	Dnipropetrovska	Mahdalynivskyi	49.1291	35.088
51121	Ковпаківка	Dnipropetrovska	Mahdalynivskyi	49.137	35.022
51122	Приорільське	Dnipropetrovska	Mahdalynivskyi	49.1331	35.055
51123	Йосипівка (Бузівська с-р)	Dnipropetrovska	Mahdalynivskyi	49.1331	35.055
51124	Запоріжжя (Олександрівська с-р)	Dnipropetrovska	Mahdalynivskyi	49.1331	35.055
51125	Зоряне (Пролетарська с-р)	Dnipropetrovska	Mahdalynivskyi	49.1331	35.055
51126	Іванівка (Приютська с-р)	Dnipropetrovska	Mahdalynivskyi	49.1331	35.055
51127	Калинівка (Поливанівської сільської ради)	Dnipropetrovska	Mahdalynivskyi	49.1331	35.055
51128	Крамарка (Жданівська)	Dnipropetrovska	Mahdalynivskyi	49.1331	35.055
51129	Краснопілля (Заплавська сільска рада)	Dnipropetrovska	Mahdalynivskyi	49.1331	35.055
51130	Новопетрівка	Dnipropetrovska	Mahdalynivskyi	49.005	34.9789
51131	Шевське (Новопетрівська с-р)	Dnipropetrovska	Mahdalynivskyi	49.005	34.9789
51132	Топчине (Топчинська с-р)	Dnipropetrovska	Mahdalynivskyi	49.005	34.9789
51133	Кременівка (Заплавська)	Dnipropetrovska	Mahdalynivskyi	49.005	34.9789
51134	Малоандріївка (Олександрівська с-р)	Dnipropetrovska	Mahdalynivskyi	49.005	34.9789
51135	Мусієнкове (Чернетчинська с-р)	Dnipropetrovska	Mahdalynivskyi	49.005	34.9789
51136	Нововасилівка (Приютська с-р)	Dnipropetrovska	Mahdalynivskyi	49.005	34.9789
51137	Новоіванівка (Поливанівська с-р)	Dnipropetrovska	Mahdalynivskyi	49.005	34.9789
51138	Новоспаське (Приютська с-р)	Dnipropetrovska	Mahdalynivskyi	49.005	34.9789
51139	Олянівка (Мар'ївська с-р)	Dnipropetrovska	Mahdalynivskyi	49.005	34.9789
51140	Личкове (Личківська с-р)	Dnipropetrovska	Mahdalynivskyi	48.9622	35.0643
51141	Мар'ївка (Мар'ївська с-р)	Dnipropetrovska	Mahdalynivskyi	48.9622	35.0643
51142	Жданівка	Dnipropetrovska	Mahdalynivskyi	48.9622	35.0643
51143	Степанівка (Котовська)	Dnipropetrovska	Mahdalynivskyi	48.9622	35.0643
51144	Тарасівка (Топчинська сільська рада)	Dnipropetrovska	Mahdalynivskyi	48.9622	35.0643
51145	Тарасівка (Почино-Софіївська сільська рада)	Dnipropetrovska	Mahdalynivskyi	48.9622	35.0643
51146	Тарасівка (Шевченківська сільська рада)	Dnipropetrovska	Mahdalynivskyi	48.9622	35.0643
51147	Тарасо-Шевченківка (Приютська сільська рада)	Dnipropetrovska	Mahdalynivskyi	48.9622	35.0643
51148	Трудолюбівка (Мар`ївська с-р)	Dnipropetrovska	Mahdalynivskyi	48.9622	35.0643
51149	Водяне (Новопетровская с-р)	Dnipropetrovska	Mahdalynivskyi	48.9622	35.0643
51150	Поливанівка	Dnipropetrovska	Mahdalynivskyi	48.8463	35.0081
51151	Почино-Софіївка	Dnipropetrovska	Mahdalynivskyi	48.8934	35.0596
51152	Січкарівка (Почино-Софіївська сільска рада)	Dnipropetrovska	Mahdalynivskyi	48.8455	35.0504
51153	Казначеївка	Dnipropetrovska	Mahdalynivskyi	48.7968	35.0836
51160	Шевченківка (Шевченківська с-р)	Dnipropetrovska	Mahdalynivskyi	48.7691	34.8468
51161	Шевченківка 1 (Шевченківська с-р)	Dnipropetrovska	Mahdalynivskyi	48.7691	34.8468
51163	Першотравенка	Dnipropetrovska	Mahdalynivskyi	48.7822	34.806
51164	Приют	Dnipropetrovska	Mahdalynivskyi	48.7561	34.8877
51165	Очеретувате (Очеретуватська с-р)	Dnipropetrovska	Mahdalynivskyi	48.7691	34.8468
51166	Олександрівка (Олександрівська с-р)	Dnipropetrovska	Mahdalynivskyi	48.7691	34.8468
51200	Новомосковськ	Dnipropetrovska	Novomoskovskyi	48.638	35.2455
51203	Новомосковськ	Dnipropetrovska	Novomoskovskyi	48.638	35.2455
51205	Новомосковськ	Dnipropetrovska	Novomoskovskyi	48.638	35.2455
51206	Новомосковськ	Dnipropetrovska	Novomoskovskyi	48.638	35.2455
51208	Новомосковськ	Dnipropetrovska	Novomoskovskyi	48.638	35.2455
51215	Орлівщина (Орловщанська)	Dnipropetrovska	Novomoskovskyi	48.6301	35.4156
51216	Варварівка (Новостепанівська сільська рада)	Dnipropetrovska	Novomoskovskyi	48.6301	35.4156
51217	Меліоративне	Dnipropetrovska	Novomoskovskyi	48.6301	35.4156
51218	Веселе (Новостепанівської сільської ради)	Dnipropetrovska	Novomoskovskyi	48.6301	35.4156
51219	Вишневе (Перещепинської міської ради)	Dnipropetrovska	Novomoskovskyi	48.6301	35.4156
51220	Перещепине	Dnipropetrovska	Novomoskovskyi	49.0181	35.3689
51221	Перещепине	Dnipropetrovska	Novomoskovskyi	49.0181	35.3689
51222	Воскресенівка (Голубівська с-р)	Dnipropetrovska	Novomoskovskyi	48.9811	35.5168
51223	Козирщина (Перещепинської міської ради)	Dnipropetrovska	Novomoskovskyi	48.9811	35.5168
51224	Багате	Dnipropetrovska	Novomoskovskyi	48.9709	35.5187
51225	Панасівка	Dnipropetrovska	Novomoskovskyi	48.9512	35.5409
51226	Керносівка	Dnipropetrovska	Novomoskovskyi	48.9569	35.6375
51227	Ганнівка	Dnipropetrovska	Novomoskovskyi	48.9714	35.6659
51228	Дмитрівка (Спаська с-р)	Dnipropetrovska	Novomoskovskyi	48.9811	35.5168
51229	Затишне (Миколаївська с-р)	Dnipropetrovska	Novomoskovskyi	48.9811	35.5168
51230	Голубівка (Голубівська сільська рада)	Dnipropetrovska	Novomoskovskyi	48.8864	35.4768
51231	Малокозирщина (Перещепинська м.р.)	Dnipropetrovska	Novomoskovskyi	48.8864	35.4768
51232	Миролюбівка (Голубівської сільської ради)	Dnipropetrovska	Novomoskovskyi	48.8864	35.4768
51233	Кільчень (Голубівська с-р)	Dnipropetrovska	Novomoskovskyi	48.8864	35.4768
51234	Новостепанівка (Новостепанівська с-р)	Dnipropetrovska	Novomoskovskyi	48.8864	35.4768
51235	Герасимівка (Новостепанівська сільська рада)	Dnipropetrovska	Novomoskovskyi	48.8864	35.4768
51236	Гнатівка	Dnipropetrovska	Novomoskovskyi	48.8864	35.4768
51237	Мирне (Мар'янівська с-р)	Dnipropetrovska	Novomoskovskyi	48.8864	35.4768
51238	Надеждівка (Попаснянська с-р)	Dnipropetrovska	Novomoskovskyi	48.8864	35.4768
51239	Нове (Миколаївська с-р)	Dnipropetrovska	Novomoskovskyi	48.8864	35.4768
51240	Михайлівка	Dnipropetrovska	Novomoskovskyi	48.8835	35.559
51241	Левенцівка	Dnipropetrovska	Novomoskovskyi	48.9135	35.6102
51242	Попасне	Dnipropetrovska	Novomoskovskyi	48.8134	35.5312
51243	Тарасове (Попаснянська сільська рада)	Dnipropetrovska	Novomoskovskyi	48.8244	35.4655
51244	Івано-Михайлівка	Dnipropetrovska	Novomoskovskyi	48.8244	35.4655
51245	Новоскотувате	Dnipropetrovska	Novomoskovskyi	48.6873	35.1614
51246	Олександрія (Перещепінська м.р.)	Dnipropetrovska	Novomoskovskyi	48.8244	35.4655
51247	Орілька (Керносівка)	Dnipropetrovska	Novomoskovskyi	48.8244	35.4655
51248	Привільне (Попаснянська с-р)	Dnipropetrovska	Novomoskovskyi	48.8244	35.4655
51249	Рівне (Багатська сільська рада)	Dnipropetrovska	Novomoskovskyi	48.8244	35.4655
51250	Губиниха (Губинихська селищна рада)	Dnipropetrovska	Novomoskovskyi	48.8207	35.2461
51251	Губиниха (Губинихська селищна рада)	Dnipropetrovska	Novomoskovskyi	48.8207	35.2461
51252	Свічанівка (Перещепінська міська рада)	Dnipropetrovska	Novomoskovskyi	48.8207	35.2461
51253	Євецько-Миколаївка	Dnipropetrovska	Novomoskovskyi	48.797	35.3644
51254	Миколаївка (Миколаївська с-р)	Dnipropetrovska	Novomoskovskyi	48.8207	35.2461
51256	Королівка	Dnipropetrovska	Novomoskovskyi	48.8444	35.1279
51257	Скотувате (Мар`янівська с-р)	Dnipropetrovska	Novomoskovskyi	48.8207	35.2461
51258	Троїцьке (Голубівська сільська рада)	Dnipropetrovska	Novomoskovskyi	48.8207	35.2461
51260	Вільне	Dnipropetrovska	Novomoskovskyi	48.743	35.2936
51261	Мар'янівка (Мар'янівська с-р)	Dnipropetrovska	Novomoskovskyi	48.7094	35.1422
51262	Хащеве	Dnipropetrovska	Novomoskovskyi	48.7094	35.1422
51263	Спаське	Dnipropetrovska	Novomoskovskyi	48.6667	35.0539
51264	Хуторо-Губиниха	Dnipropetrovska	Novomoskovskyi	48.7184	35.0792
51270	Гвардійське (Гвардійська с-р)	Dnipropetrovska	Novomoskovskyi	48.7355	35.4203
51272	Черкаське	Dnipropetrovska	Novomoskovskyi	48.7058	35.3844
51273	Василівка (Василівська сільська рада)	Dnipropetrovska	Novomoskovskyi	48.7355	35.4203
51274	Андріївка	Dnipropetrovska	Novomoskovskyi	48.7652	35.4561
51275	Всесвятське	Dnipropetrovska	Novomoskovskyi	48.7355	35.4203
51280	Знаменівка (Знаменівська сільська рада)	Dnipropetrovska	Novomoskovskyi	48.7063	35.3519
51281	Знаменівка (Знаменівська сільська рада)	Dnipropetrovska	Novomoskovskyi	48.7063	35.3519
51282	Підпільне	Dnipropetrovska	Novomoskovskyi	48.5687	35.4428
51283	Піщанка	Dnipropetrovska	Novomoskovskyi	49.3926	35.4373
51284	Новоселівка	Dnipropetrovska	Novomoskovskyi	48.5748	35.2419
51285	Соколове	Dnipropetrovska	Novomoskovskyi	48.5352	35.3101
51286	Ягідне	Dnipropetrovska	Novomoskovskyi	48.4603	35.3275
51291	Новотроїцьке (Знаменівська)	Dnipropetrovska	Novomoskovskyi	48.7815	35.3656
51300	Юр'ївка	Dnipropetrovska	Yurivskyi	48.7805	35.9956
51305	Білозерське	Dnipropetrovska	Yurivskyi	48.8674	35.8308
51306	Бразолове	Dnipropetrovska	Yurivskyi	48.7659	35.9972
51307	Варламівка	Dnipropetrovska	Yurivskyi	48.805	36.08
51309	Вербське	Dnipropetrovska	Yurivskyi	48.6838	36.0743
51310	Чернявщина	Dnipropetrovska	Yurivskyi	48.9406	35.8591
51311	Олексіївка	Dnipropetrovska	Yurivskyi	48.225	35.1827
51312	Новочорноглазівське	Dnipropetrovska	Yurivskyi	48.9086	35.9892
51313	Новоіванівське	Dnipropetrovska	Yurivskyi	47.8827	35.3544
51314	Шандрівка	Dnipropetrovska	Yurivskyi	48.9426	35.7626
51315	Преображенка	Dnipropetrovska	Yurivskyi	48.8635	35.8806
51316	Новогригорівка	Dnipropetrovska	Yurivskyi	48.7215	36.119
51317	Чорноглазівка	Dnipropetrovska	Yurivskyi	48.9514	35.8975
51319	Кіндратівка	Dnipropetrovska	Yurivskyi	48.8106	36.0618
51320	Олександрівка	Dnipropetrovska	Yurivskyi	48.8024	35.7503
51321	Чаплинка	Dnipropetrovska	Yurivskyi	48.8668	35.7754
51322	Сергіївка	Dnipropetrovska	Yurivskyi	48.7947	35.7606
51323	Новов'язівське	Dnipropetrovska	Yurivskyi	48.78	35.8332
51324	Водяне	Dnipropetrovska	Yurivskyi	48.7453	35.8949
51325	Варварівка	Dnipropetrovska	Yurivskyi	48.7059	35.9925
51326	Вербуватівка	Dnipropetrovska	Yurivskyi	48.6787	35.9464
51327	Жемчужне (Сільська рада с.Жемчужне)	Dnipropetrovska	Yurivskyi	48.78	35.8332
51329	Новостроївка	Dnipropetrovska	Yurivskyi	48.8659	35.7125
51330	Новомосковське	Dnipropetrovska	Yurivskyi	48.877	35.8941
51331	Голубівське	Dnipropetrovska	Yurivskyi	48.8541	35.7266
51332	Новотимофіївське	Dnipropetrovska	Yurivskyi	48.8835	35.9586
51334	Новошандрівка	Dnipropetrovska	Yurivskyi	48.8868	35.7963
51335	Роз'їзд Жемчужне (Юр'ївська сільська рада)	Dnipropetrovska	Yurivskyi	48.8541	35.7266
51336	Зарічне	Dnipropetrovska	Yurivskyi	48.7192	35.8378
51337	Оленівка	Dnipropetrovska	Yurivskyi	48.9486	34.9896
51338	Орлівське	Dnipropetrovska	Yurivskyi	48.8095	35.8831
51339	Первомайське	Dnipropetrovska	Yurivskyi	48.8541	35.7266
51341	Призове	Dnipropetrovska	Yurivskyi	48.7144	35.9552
51342	Пшеничне	Dnipropetrovska	Yurivskyi	48.0852	34.6661
51343	П'ятихатки	Dnipropetrovska	Yurivskyi	48.4377	35.3295
51344	Нижнянка	Dnipropetrovska	Yurivskyi	48.6565	35.9008
51345	Катеринівка	Dnipropetrovska	Yurivskyi	48.2879	35.8483
51346	Сокільське	Dnipropetrovska	Yurivskyi	48.9007	35.989
51347	Терни	Dnipropetrovska	Yurivskyi	48.1433	33.5581
51348	Дубове	Dnipropetrovska	Yurivskyi	48.2757	35.3887
51350	Федорівське	Dnipropetrovska	Yurivskyi	48.9228	36.0119
51351	Івано-Межиріцьке	Dnipropetrovska	Yurivskyi	48.6767	36.1123
51352	Весела Гірка	Dnipropetrovska	Yurivskyi	48.7245	35.9701
51355	Широка Балка	Dnipropetrovska	Yurivskyi	48.7087	35.8885
51356	Юр'ївське	Dnipropetrovska	Yurivskyi	48.6647	36.0221
51357	Яблунівка	Dnipropetrovska	Yurivskyi	48.119	36.3249
51358	Долина	Dnipropetrovska	Yurivskyi	48.6889	35.9173
51359	Затишне	Dnipropetrovska	Yurivskyi	48.8125	35.9296
51360	Солонці (Сергіївська сільрада)	Dnipropetrovska	Yurivskyi	48.2354	36.2461
51361	Василівка	Dnipropetrovska	Yurivskyi	48.2333	36.5164
51362	Українське	Dnipropetrovska	Yurivskyi	48.2354	36.2461
51363	Ульянівка	Dnipropetrovska	Yurivskyi	48.2375	35.9758
51400	Павлоград	Dnipropetrovska	Pavlohradskyi	48.5343	35.871
51402	Павлоград	Dnipropetrovska	Pavlohradskyi	48.5343	35.871
51403	Павлоград	Dnipropetrovska	Pavlohradskyi	48.5343	35.871
51404	Павлоград	Dnipropetrovska	Pavlohradskyi	48.5343	35.871
51405	Павлоград	Dnipropetrovska	Pavlohradskyi	48.5343	35.871
51408	Павлоград	Dnipropetrovska	Pavlohradskyi	48.5343	35.871
51409	Павлоград	Dnipropetrovska	Pavlohradskyi	48.5343	35.871
51411	Павлоград	Dnipropetrovska	Pavlohradskyi	48.5343	35.871
51412	Павлоград	Dnipropetrovska	Pavlohradskyi	48.5343	35.871
51413	Павлоград	Dnipropetrovska	Pavlohradskyi	48.5343	35.871
51431	Веселе	Dnipropetrovska	Pavlohradskyi	48.5907	35.7874
51432	Домаха	Dnipropetrovska	Pavlohradskyi	48.4828	35.7568
51433	Жолобок	Dnipropetrovska	Pavlohradskyi	48.7355	35.7544
51434	Зелене	Dnipropetrovska	Pavlohradskyi	48.6578	36.2663
51435	Дачне	Dnipropetrovska	Pavlohradskyi	48.2724	36.2676
51436	Вербове	Dnipropetrovska	Pavlohradskyi	48.375	35.7902
51437	Мар'ївка	Dnipropetrovska	Pavlohradskyi	48.5245	35.9174
51438	Мерцалівка	Dnipropetrovska	Pavlohradskyi	48.4425	36.1673
51439	Мінеральні Води	Dnipropetrovska	Pavlohradskyi	48.6391	35.5489
51440	Нові Вербки	Dnipropetrovska	Pavlohradskyi	48.6074	35.907
51441	Новомиколаївське	Dnipropetrovska	Pavlohradskyi	48.6663	36.1625
51442	Новоолександрівське	Dnipropetrovska	Pavlohradskyi	48.5805	35.5468
51443	Підлісне	Dnipropetrovska	Pavlohradskyi	48.6844	35.6087
51444	Самарське	Dnipropetrovska	Pavlohradskyi	48.4458	36.103
51445	Свідовок	Dnipropetrovska	Pavlohradskyi	49.5166	31.9047
51446	Степ	Dnipropetrovska	Pavlohradskyi	48.6126	36.0748
51447	Шахтарське	Dnipropetrovska	Pavlohradskyi	48.3225	35.3564
51448	Червона Долина	Dnipropetrovska	Pavlohradskyi	48.5739	35.6326
51449	Червона Нива	Dnipropetrovska	Pavlohradskyi	48.5907	35.734
51450	Кочережки	Dnipropetrovska	Pavlohradskyi	48.67	35.6998
51452	В'язівок	Dnipropetrovska	Pavlohradskyi	48.5948	35.8397
51453	Вербки	Dnipropetrovska	Pavlohradskyi	48.5887	35.9009
51455	Морозівське	Dnipropetrovska	Pavlohradskyi	48.6418	35.9203
51456	Малоолександрівка	Dnipropetrovska	Pavlohradskyi	48.4788	35.8377
51460	Поперечне	Dnipropetrovska	Pavlohradskyi	48.6306	36.1202
51461	Нова Русь	Dnipropetrovska	Pavlohradskyi	48.6285	36.244
51462	Нова Дача	Dnipropetrovska	Pavlohradskyi	48.5571	36.2158
51463	Кохівка	Dnipropetrovska	Pavlohradskyi	48.5837	36.2374
51464	Богданівка	Dnipropetrovska	Pavlohradskyi	48.5021	36.1158
51465	Левадки	Dnipropetrovska	Pavlohradskyi	48.3937	35.9728
51470	Булахівка	Dnipropetrovska	Pavlohradskyi	48.6017	35.6652
51471	Карабинівка	Dnipropetrovska	Pavlohradskyi	48.6056	35.5929
51472	Лиманське	Dnipropetrovska	Pavlohradskyi	48.5618	35.71
51473	Межиріч	Dnipropetrovska	Pavlohradskyi	48.5625	35.7699
51474	Оженківка	Dnipropetrovska	Pavlohradskyi	48.495	35.7066
51475	Новоселівське	Dnipropetrovska	Pavlohradskyi	48.5443	35.8157
51486	Богуслав	Dnipropetrovska	Pavlohradskyi	48.4616	36.0286
51490	Привовчанське	Dnipropetrovska	Pavlohradskyi	48.4596	35.8714
51491	Троїцьке	Dnipropetrovska	Pavlohradskyi	48.4596	35.8714
51500	Тернівка	Dnipropetrovska	Ternivka	48.5225	36.0826
51501	Тернівка	Dnipropetrovska	Ternivka	48.5225	36.0826
51502	Тернівка	Dnipropetrovska	Ternivka	48.5225	36.0826
51503	Зелена Долина (Тернівська міська рада)	Dnipropetrovska	Ternivka	48.5225	36.0826
51600	Верхньодніпровськ	Dnipropetrovska	Verkhnodniprovskyi	48.6524	34.3346
51601	Верхньодніпровськ	Dnipropetrovska	Verkhnodniprovskyi	48.6524	34.3346
51606	Пушкарівка	Dnipropetrovska	Verkhnodniprovskyi	48.6524	34.2934
51607	Авксенівка	Dnipropetrovska	Verkhnodniprovskyi	48.5643	34.2285
51609	Братське	Dnipropetrovska	Verkhnodniprovskyi	48.5389	34.3547
51610	Мишурин Ріг	Dnipropetrovska	Verkhnodniprovskyi	48.8182	33.9479
51611	Бородаївка	Dnipropetrovska	Verkhnodniprovskyi	48.7542	34.1212
51612	Дніпровокам'янка	Dnipropetrovska	Verkhnodniprovskyi	48.7957	34.015
51613	Правобережне	Dnipropetrovska	Verkhnodniprovskyi	48.7372	34.1962
51614	Василівка	Dnipropetrovska	Verkhnodniprovskyi	48.6704	34.1457
51615	Воєводівка	Dnipropetrovska	Verkhnodniprovskyi	48.5647	34.3152
51616	Гранове	Dnipropetrovska	Verkhnodniprovskyi	48.4633	34.1328
51617	Діденкове	Dnipropetrovska	Verkhnodniprovskyi	48.5666	34.105
51618	Дідове	Dnipropetrovska	Verkhnodniprovskyi	48.5598	34.0106
51619	Доброгірське	Dnipropetrovska	Verkhnodniprovskyi	48.5063	33.9788
51620	Ганнівка	Dnipropetrovska	Verkhnodniprovskyi	48.731	33.9805
51621	Заполички	Dnipropetrovska	Verkhnodniprovskyi	48.6989	34.0078
51622	Дубове	Dnipropetrovska	Verkhnodniprovskyi	48.4766	34.1092
51623	Зелене	Dnipropetrovska	Verkhnodniprovskyi	48.5936	34.1309
51624	Зуботрясівка	Dnipropetrovska	Verkhnodniprovskyi	48.6202	34.0252
51625	Івашкове	Dnipropetrovska	Verkhnodniprovskyi	48.7464	34.0526
51626	Калинівка	Dnipropetrovska	Verkhnodniprovskyi	48.4762	34.1366
51627	Калужине	Dnipropetrovska	Verkhnodniprovskyi	48.7807	33.9975
51628	Саксагань	Dnipropetrovska	Verkhnodniprovskyi	48.3432	33.8403
51629	Клин	Dnipropetrovska	Verkhnodniprovskyi	48.646	33.9804
51630	Заріччя	Dnipropetrovska	Verkhnodniprovskyi	48.6833	34.2167
51631	Домоткань	Dnipropetrovska	Verkhnodniprovskyi	48.6997	34.2533
51632	Якимівка	Dnipropetrovska	Verkhnodniprovskyi	48.6585	34.1197
51633	Водяне	Dnipropetrovska	Verkhnodniprovskyi	48.5749	34.1158
51634	Миколаївка	Dnipropetrovska	Verkhnodniprovskyi	48.6249	34.0486
51635	Андріївка	Dnipropetrovska	Verkhnodniprovskyi	48.5774	34.0517
51636	Кривоносове	Dnipropetrovska	Verkhnodniprovskyi	48.589	34.0837
51637	Кринички	Dnipropetrovska	Verkhnodniprovskyi	48.4868	33.9884
51638	Кушнарівка	Dnipropetrovska	Verkhnodniprovskyi	48.5257	33.945
51639	Мар'янівка	Dnipropetrovska	Verkhnodniprovskyi	48.6023	34.0914
51640	Перше Травня	Dnipropetrovska	Verkhnodniprovskyi	48.6122	34.2531
51641	Боровківка	Dnipropetrovska	Verkhnodniprovskyi	48.5439	34.2098
51642	Вільні Хутори	Dnipropetrovska	Verkhnodniprovskyi	48.5267	34.0596
51643	Дмитрівка	Dnipropetrovska	Verkhnodniprovskyi	48.5445	33.9622
51644	Мости	Dnipropetrovska	Verkhnodniprovskyi	48.7543	33.9963
51645	Мотронівка	Dnipropetrovska	Verkhnodniprovskyi	48.5633	33.9249
51646	Новоганнівка	Dnipropetrovska	Verkhnodniprovskyi	48.5855	33.9339
51647	Новогригорівка	Dnipropetrovska	Verkhnodniprovskyi	48.569	34.2533
51648	Новоселівка	Dnipropetrovska	Verkhnodniprovskyi	48.612	34.0117
51649	Павлівка	Dnipropetrovska	Verkhnodniprovskyi	48.7543	34.0951
51650	Дніпровське	Dnipropetrovska	Verkhnodniprovskyi	48.5999	34.4276
51651	Павло - Григорівка	Dnipropetrovska	Verkhnodniprovskyi	48.5336	34.1587
51652	Петрівка	Dnipropetrovska	Verkhnodniprovskyi	48.4762	34.1708
51653	Новомиколаївка	Dnipropetrovska	Verkhnodniprovskyi	48.5562	34.374
51654	Підлужжя	Dnipropetrovska	Verkhnodniprovskyi	48.6259	34.3007
51655	Полівське	Dnipropetrovska	Verkhnodniprovskyi	48.4454	34.1243
51656	Попівка	Dnipropetrovska	Verkhnodniprovskyi	48.6654	33.999
51657	Посуньки	Dnipropetrovska	Verkhnodniprovskyi	48.4692	34.002
51658	Самоткань	Dnipropetrovska	Verkhnodniprovskyi	48.6	34.2833
51659	Соколове	Dnipropetrovska	Verkhnodniprovskyi	48.5809	33.9505
51660	Верхівцеве	Dnipropetrovska	Verkhnodniprovskyi	48.4815	34.2496
51661	Солов'ївка	Dnipropetrovska	Verkhnodniprovskyi	48.5678	34.2166
51662	Суслівка	Dnipropetrovska	Verkhnodniprovskyi	48.7842	34.0489
51663	Соколівка	Dnipropetrovska	Verkhnodniprovskyi	48.4505	34.2261
51664	Тарасівка	Dnipropetrovska	Verkhnodniprovskyi	48.6145	34.3262
51665	Томаківка	Dnipropetrovska	Verkhnodniprovskyi	48.5845	34.1518
51666	Корнило - Наталівка	Dnipropetrovska	Verkhnodniprovskyi	48.6791	34.1396
51667	Малоолександрівка	Dnipropetrovska	Verkhnodniprovskyi	48.4334	34.1631
51668	Чепине	Dnipropetrovska	Verkhnodniprovskyi	48.5442	34.3353
51669	Чкаловка	Dnipropetrovska	Verkhnodniprovskyi	48.5381	34.3091
51670	Широке	Dnipropetrovska	Verkhnodniprovskyi	48.5229	34.2988
51671	Адалимівка	Dnipropetrovska	Verkhnodniprovskyi	48.4667	34.1667
51672	Ярок	Dnipropetrovska	Verkhnodniprovskyi	48.5586	34.0598
51673	Бородаївські хутори	Dnipropetrovska	Verkhnodniprovskyi	48.5205	34.1831
51674	Матюченкове	Dnipropetrovska	Verkhnodniprovskyi	48.5339	34.2072
51700	Вільногірськ	Dnipropetrovska	Vilnohirsk	48.4843	34.014
51800	Петриківка	Dnipropetrovska	Petrykivskyi	48.7293	34.6336
51801	Клешнівка (Іванівська сільська рада)	Dnipropetrovska	Petrykivskyi	48.7293	34.6336
51802	Куліші (Іванівська сільська рада)	Dnipropetrovska	Petrykivskyi	48.7293	34.6336
51803	Кулішеве (Петриківської селищної ради)	Dnipropetrovska	Petrykivskyi	48.7293	34.6336
51804	Плавещина (Шульгівська сільська рада)	Dnipropetrovska	Petrykivskyi	48.7293	34.6336
51805	Мала Петриківка (Петриківської селищної ради)	Dnipropetrovska	Petrykivskyi	48.7293	34.6336
51806	Судівка (Шульгівська сільська рада)	Dnipropetrovska	Petrykivskyi	48.7293	34.6336
51807	Сотницьке (Петриківська сільська рада)	Dnipropetrovska	Petrykivskyi	48.7293	34.6336
51810	Шульгівка (Шульгівська сільська рада)	Dnipropetrovska	Petrykivskyi	48.7293	34.6336
51811	Сорочине (Шульгівська сільська рада)	Dnipropetrovska	Petrykivskyi	48.7293	34.6336
51812	Іванівка (Іванівська сільська рада)	Dnipropetrovska	Petrykivskyi	48.7293	34.6336
51813	Гречане (Іванівська сільська рада)	Dnipropetrovska	Petrykivskyi	48.7293	34.6336
51814	Радісне (Іванівська сільська рада)	Dnipropetrovska	Petrykivskyi	48.7293	34.6336
51820	Чаплинка (Чаплинська сільська рада)	Dnipropetrovska	Petrykivskyi	48.7293	34.6336
51822	Хутірське (Хутірська сільська рада)	Dnipropetrovska	Petrykivskyi	48.7293	34.6336
51823	Улянівка (Чаплинська сільська рада)	Dnipropetrovska	Petrykivskyi	48.7293	34.6336
51830	Лобойківка (Лобойківська сільська рада)	Dnipropetrovska	Petrykivskyi	48.7293	34.6336
51831	Єлизаветівка (Єлизаветівська сільська рада)	Dnipropetrovska	Petrykivskyi	48.7293	34.6336
51840	Курилівка (Курилівська сільська рада)	Dnipropetrovska	Petrykivskyi	48.7293	34.6336
51842	Миколаївка (Миколаївська сільська рада)	Dnipropetrovska	Petrykivskyi	48.7293	34.6336
51900	Кам'янське	Dnipropetrovska	Kamyanske	48.5113	34.6021
51901	Кам'янське	Dnipropetrovska	Kamyanske	48.5113	34.6021
51905	Кам'янське	Dnipropetrovska	Kamyanske	48.5113	34.6021
51906	Кам'янське	Dnipropetrovska	Kamyanske	48.5113	34.6021
51909	Світле	Dnipropetrovska	Kamyanske	48.4462	34.6969
51909	Кам'янське	Dnipropetrovska	Kamyanske	48.5113	34.6021
51911	Кам'янське	Dnipropetrovska	Kamyanske	48.5113	34.6021
51912	Кам'янське	Dnipropetrovska	Kamyanske	48.5113	34.6021
51914	Кам'янське	Dnipropetrovska	Kamyanske	48.5113	34.6021
51915	Кам'янське	Dnipropetrovska	Kamyanske	48.5113	34.6021
51916	Кам'янське	Dnipropetrovska	Kamyanske	48.5113	34.6021
51917	Кам'янське	Dnipropetrovska	Kamyanske	48.5113	34.6021
51918	Кам'янське	Dnipropetrovska	Kamyanske	48.5113	34.6021
51920	Кам'янське	Dnipropetrovska	Kamyanske	48.5113	34.6021
51921	Кам'янське	Dnipropetrovska	Kamyanske	48.5113	34.6021
51922	Кам'янське	Dnipropetrovska	Kamyanske	48.5113	34.6021
51925	Кам'янське	Dnipropetrovska	Kamyanske	48.5113	34.6021
51927	Кам'янське	Dnipropetrovska	Kamyanske	48.5113	34.6021
51928	Кам'янське	Dnipropetrovska	Kamyanske	48.5113	34.6021
51931	Кам'янське	Dnipropetrovska	Kamyanske	48.5113	34.6021
51933	Кам'янське	Dnipropetrovska	Kamyanske	48.5113	34.6021
51934	Кам'янське	Dnipropetrovska	Kamyanske	48.5113	34.6021
51935	Кам'янське	Dnipropetrovska	Kamyanske	48.5113	34.6021
51937	Кам'янське	Dnipropetrovska	Kamyanske	48.5113	34.6021
51938	Кам'янське	Dnipropetrovska	Kamyanske	48.5113	34.6021
51939	Кам'янське	Dnipropetrovska	Kamyanske	48.5113	34.6021
51940	Кам'янське	Dnipropetrovska	Kamyanske	48.5113	34.6021
51990	Карнаухівка	Dnipropetrovska	Kamyanske	48.4782	34.7307
52001	Підгороднє	Dnipropetrovska	Dniprovskyi	48.5753	35.1068
52002	Підгороднє	Dnipropetrovska	Dniprovskyi	48.5753	35.1068
52005	Слобожанське	Dnipropetrovska	Dniprovskyi	48.5753	35.1068
52010	Балівка (Балівська сільська рада)	Dnipropetrovska	Dniprovskyi	48.6599	34.8112
52011	Зоря	Dnipropetrovska	Dniprovskyi	48.6599	34.8112
52012	Партизанське (Партизанська сільська рада)	Dnipropetrovska	Dniprovskyi	48.6599	34.8112
52022	Маївка (Степнянська сільська рада)	Dnipropetrovska	Dniprovskyi	48.2149	34.5452
52024	Чумаки	Dnipropetrovska	Dniprovskyi	47.9574	34.6194
52025	Майорка	Dnipropetrovska	Dniprovskyi	48.2767	35.1616
52026	Пашена балка	Dnipropetrovska	Dniprovskyi	48.3391	34.7786
52028	Виноградне	Dnipropetrovska	Dniprovskyi	48.6838	34.9344
52029	Степне	Dnipropetrovska	Dniprovskyi	47.8175	33.2322
52030	Обухівка (Кіровська сільська рада)	Dnipropetrovska	Dniprovskyi	48.5818	34.8706
52031	Обухівка (Кіровська сільська рада)	Dnipropetrovska	Dniprovskyi	48.5818	34.8706
52032	Обухівка (Кіровська сільська рада)	Dnipropetrovska	Dniprovskyi	48.5818	34.8706
52035	Горянівське	Dnipropetrovska	Dniprovskyi	48.5818	34.8706
52041	Олександрівка (Олександрівська сільська рада)	Dnipropetrovska	Dniprovskyi	48.3191	35.0818
52042	Любимівка (Любимівська сільська рада)	Dnipropetrovska	Dniprovskyi	48.3191	35.0818
52043	Волоське (Волоська сільська рада)	Dnipropetrovska	Dniprovskyi	48.3191	35.0818
52044	Василівка	Dnipropetrovska	Dniprovskyi	48.2531	34.9951
52045	Перемога	Dnipropetrovska	Dniprovskyi	48.3997	35.0905
52046	Придніпровське	Dnipropetrovska	Dniprovskyi	48.3191	35.0818
52047	Червоний Садок	Dnipropetrovska	Dniprovskyi	48.3007	35.0354
52048	Ракшівка	Dnipropetrovska	Dniprovskyi	48.3267	35.1073
52049	Перше травня	Dnipropetrovska	Dniprovskyi	48.3153	35.1806
52050	Степове	Dnipropetrovska	Dniprovskyi	48.4474	34.5327
52051	Долинське	Dnipropetrovska	Dniprovskyi	48.4058	34.6905
52052	Горького (Горьківська сельска рада)	Dnipropetrovska	Dniprovskyi	48.4058	34.6905
52053	Шевченко	Dnipropetrovska	Dniprovskyi	48.3686	34.8401
52054	Благовіщенка	Dnipropetrovska	Dniprovskyi	48.4214	34.5908
52055	Нове	Dnipropetrovska	Dniprovskyi	48.3859	34.7984
52060	Миколаївка (Орджонікідзевська сільська рада)	Dnipropetrovska	Dniprovskyi	48.3215	34.8476
52061	Миколаївка (Орджонікідзевська сільська рада)	Dnipropetrovska	Dniprovskyi	48.3215	34.8476
52062	Сурське	Dnipropetrovska	Dniprovskyi	48.31	34.5946
52063	Новотаромське (Орджонікідзевська сільська рада)	Dnipropetrovska	Dniprovskyi	48.3215	34.8476
52064	Сурсько - Литовське	Dnipropetrovska	Dniprovskyi	48.3367	34.9337
52066	Новомиколаївка (Новомиколаївська сільська рада)	Dnipropetrovska	Dniprovskyi	48.3215	34.8476
52067	Зелений Гай	Dnipropetrovska	Dniprovskyi	48.2841	34.8569
52068	Сурсько - Клевцеве	Dnipropetrovska	Dniprovskyi	48.3132	34.8863
52069	Дороге	Dnipropetrovska	Dniprovskyi	48.3636	34.9664
52070	Новоолександрівка	Dnipropetrovska	Dniprovskyi	48.3412	35.0136
52070	Дороге	Dnipropetrovska	Dniprovskyi	48.3636	34.9664
52071	Дослідне	Dnipropetrovska	Dniprovskyi	48.3737	35.0432
52072	Старі Кодаки	Dnipropetrovska	Dniprovskyi	48.3349	35.0187
52073	Братське	Dnipropetrovska	Dniprovskyi	48.3311	35.0554
52074	Дніпрове	Dnipropetrovska	Dniprovskyi	48.3395	35.1456
52075	Кам'янка	Dnipropetrovska	Dniprovskyi	48.3349	35.0187
52076	Чувилине	Dnipropetrovska	Dniprovskyi	48.2602	34.8877
52100	П'ятихатки	Dnipropetrovska	Piatykhatskyi	48.4708	33.7725
52103	П'ятихатки	Dnipropetrovska	Piatykhatskyi	48.4708	33.7725
52110	Троїцьке	Dnipropetrovska	Piatykhatskyi	48.3471	33.9766
52111	Миколаївка	Dnipropetrovska	Piatykhatskyi	47.9852	34.1539
52112	Червона Деріївка	Dnipropetrovska	Piatykhatskyi	48.7175	33.7227
52113	Біленщина	Dnipropetrovska	Piatykhatskyi	48.757	33.8151
52114	Волочаївка	Dnipropetrovska	Piatykhatskyi	48.2601	33.5494
52115	Галино-Лозуватка	Dnipropetrovska	Piatykhatskyi	48.3471	33.9766
52116	Громівка	Dnipropetrovska	Piatykhatskyi	48.3471	33.9766
52117	Григорівка	Dnipropetrovska	Piatykhatskyi	48.0124	34.7534
52118	Грушуватка	Dnipropetrovska	Piatykhatskyi	48.3608	33.7786
52119	Зоря	Dnipropetrovska	Piatykhatskyi	48.3371	34.0628
52120	Лихівка	Dnipropetrovska	Piatykhatskyi	48.6873	33.9228
52121	Новоукраїнка	Dnipropetrovska	Piatykhatskyi	48.5497	33.9201
52122	Ровеньки	Dnipropetrovska	Piatykhatskyi	48.5913	33.6972
52123	Райдужне	Dnipropetrovska	Piatykhatskyi	48.6051	33.7958
52124	Байдаківка	Dnipropetrovska	Piatykhatskyi	48.6051	33.7958
52125	Яковлівка	Dnipropetrovska	Piatykhatskyi	48.5711	33.8423
52126	Зелений Клин (Троїцька сільська рада)	Dnipropetrovska	Piatykhatskyi	48.6051	33.7958
52127	Зелений Луг	Dnipropetrovska	Piatykhatskyi	48.4467	33.7459
52128	Золотницьке	Dnipropetrovska	Piatykhatskyi	48.7842	33.6465
52129	Демурене-Варварівка	Dnipropetrovska	Piatykhatskyi	48.6051	33.7958
52130	Жовте	Dnipropetrovska	Piatykhatskyi	48.5032	33.5481
52131	Пальмирівка	Dnipropetrovska	Piatykhatskyi	48.5068	33.6639
52132	Дмитрівка	Dnipropetrovska	Piatykhatskyi	48.5599	33.6529
52133	Жовтоолександрівка	Dnipropetrovska	Piatykhatskyi	48.5576	33.5986
52134	Трудолюбівка	Dnipropetrovska	Piatykhatskyi	48.5571	33.695
52135	Кам'яне	Dnipropetrovska	Piatykhatskyi	48.5279	33.6769
52136	Касинівка	Dnipropetrovska	Piatykhatskyi	48.4186	33.7956
52137	Катеринівка	Dnipropetrovska	Piatykhatskyi	48.7338	33.8348
52138	Цівки	Dnipropetrovska	Piatykhatskyi	48.5279	33.6769
52139	Красна Воля	Dnipropetrovska	Piatykhatskyi	48.3864	33.6259
52140	Чистопіль	Dnipropetrovska	Piatykhatskyi	48.4998	33.7218
52141	Виноградівка	Dnipropetrovska	Piatykhatskyi	48.5525	33.7275
52142	Комісарівка	Dnipropetrovska	Piatykhatskyi	48.4648	33.8102
52143	Вершинне	Dnipropetrovska	Piatykhatskyi	48.4508	33.7115
52145	Кулябкіне (Вишнівська с.р.)	Dnipropetrovska	Piatykhatskyi	48.4508	33.7115
52146	Ликошине	Dnipropetrovska	Piatykhatskyi	48.5314	33.8489
52147	Липове	Dnipropetrovska	Piatykhatskyi	48.7144	33.8231
52148	Веселий Поділ	Dnipropetrovska	Piatykhatskyi	48.585	33.6319
52149	Миролюбівка	Dnipropetrovska	Piatykhatskyi	47.8078	33.417
52150	Лозуватка	Dnipropetrovska	Piatykhatskyi	48.4627	33.876
52150	Новоукраїнка	Dnipropetrovska	Piatykhatskyi	48.5497	33.9201
52151	Вишневе	Dnipropetrovska	Piatykhatskyi	48.4361	33.9156
52153	Саївка	Dnipropetrovska	Piatykhatskyi	48.3451	33.8715
52154	Долинське	Dnipropetrovska	Piatykhatskyi	48.5011	33.8046
52155	Миронівка	Dnipropetrovska	Piatykhatskyi	48.5516	33.8462
52156	Михайлівка	Dnipropetrovska	Piatykhatskyi	48.7616	33.8869
52157	Нововасилівка	Dnipropetrovska	Piatykhatskyi	48.5102	33.6854
52158	Новозалісся	Dnipropetrovska	Piatykhatskyi	48.5372	33.6548
52159	Новоіванівка	Dnipropetrovska	Piatykhatskyi	48.3558	33.5853
52160	Богдано-Надеждівка	Dnipropetrovska	Piatykhatskyi	48.4157	33.5714
52161	Мирне	Dnipropetrovska	Piatykhatskyi	48.3832	33.6041
52162	Новотроїцьке	Dnipropetrovska	Piatykhatskyi	48.5155	33.652
52163	Культура	Dnipropetrovska	Piatykhatskyi	48.425	33.6244
52164	Олександро-Григорівка	Dnipropetrovska	Piatykhatskyi	48.7703	33.8086
52165	Осиковате	Dnipropetrovska	Piatykhatskyi	48.5155	33.652
52166	Петрівка	Dnipropetrovska	Piatykhatskyi	48.4422	33.6449
52167	Плоске	Dnipropetrovska	Piatykhatskyi	48.7756	33.7565
52168	Плоске-Таранівка	Dnipropetrovska	Piatykhatskyi	48.5155	33.652
52169	Полтавобоголюбівка	Dnipropetrovska	Piatykhatskyi	48.3962	33.554
52170	Красноіванівка	Dnipropetrovska	Piatykhatskyi	48.359	33.7375
52171	Нерудсталь	Dnipropetrovska	Piatykhatskyi	48.3757	33.7107
52172	Івашинівка	Dnipropetrovska	Piatykhatskyi	48.3534	33.6629
52173	Саксагань	Dnipropetrovska	Piatykhatskyi	48.3432	33.8403
52174	Чумаки	Dnipropetrovska	Piatykhatskyi	48.3006	33.8685
52175	Семенівка	Dnipropetrovska	Piatykhatskyi	48.3364	33.678
52176	Степове	Dnipropetrovska	Piatykhatskyi	48.7046	33.9199
52177	Суханівка	Dnipropetrovska	Piatykhatskyi	48.5327	33.7735
52178	Терно-Лозуватка	Dnipropetrovska	Piatykhatskyi	48.4133	33.8791
52179	Тернувате	Dnipropetrovska	Piatykhatskyi	48.3675	33.9273
52180	Мар'янівка	Dnipropetrovska	Piatykhatskyi	48.4192	33.7163
52181	Савро	Dnipropetrovska	Piatykhatskyi	48.3213	33.6175
52182	Калинівка	Dnipropetrovska	Piatykhatskyi	48.451	33.6116
52183	Цвіле	Dnipropetrovska	Piatykhatskyi	48.5689	33.8287
52184	Червона Гірка	Dnipropetrovska	Piatykhatskyi	48.6196	33.7958
52185	Вільне	Dnipropetrovska	Piatykhatskyi	48.2976	33.6571
52186	Червона Поляна	Dnipropetrovska	Piatykhatskyi	48.3391	33.5969
52187	Червоний Яр	Dnipropetrovska	Piatykhatskyi	48.4278	33.9879
52188	Чигринівка	Dnipropetrovska	Piatykhatskyi	48.2783	33.6921
52189	Красний Луг	Dnipropetrovska	Piatykhatskyi	48.4693	33.6591
52190	Запоріжжя	Dnipropetrovska	Piatykhatskyi	48.5634	33.7402
52192	Авангард	Dnipropetrovska	Piatykhatskyi	48.4494	33.6863
52193	Байківка	Dnipropetrovska	Piatykhatskyi	48.4131	33.9525
52194	Балкове	Dnipropetrovska	Piatykhatskyi	48.2834	33.6611
52195	Березняк	Dnipropetrovska	Piatykhatskyi	48.7068	33.7185
52196	Володимирівка	Dnipropetrovska	Piatykhatskyi	48.6172	33.842
52197	Верхньокам'яниста	Dnipropetrovska	Piatykhatskyi	48.5013	33.8242
52198	Іванівка	Dnipropetrovska	Piatykhatskyi	48.3839	33.8622
52199	Зелене	Dnipropetrovska	Piatykhatskyi	48.5936	34.1309
52201	Жовті Води	Dnipropetrovska	Zhovti Vody	48.3449	33.5037
52204	Жовті Води	Dnipropetrovska	Zhovti Vody	48.3449	33.5037
52205	Жовті Води	Dnipropetrovska	Zhovti Vody	48.3449	33.5037
52210	Жовті Води	Dnipropetrovska	Zhovti Vody	48.3449	33.5037
52291	Суха Балка	Dnipropetrovska	Zhovti Vody	48.3871	33.543
52300	Червоний Яр (Криничанська сільська рада)	Dnipropetrovska	Krynychanskyi	48.3755	34.467
52300	Кринички	Dnipropetrovska	Krynychanskyi	48.3755	34.467
52300	Чернече (Криничанська сільська рада)	Dnipropetrovska	Krynychanskyi	48.3755	34.467
52300	Яблуневе (Щорська сільська рада)	Dnipropetrovska	Krynychanskyi	48.3755	34.467
52301	Андріївка (Кудашівська сільська рада)	Dnipropetrovska	Krynychanskyi	48.3755	34.467
52302	Удачне (Гуляйпільська сільська рада)	Dnipropetrovska	Krynychanskyi	48.3755	34.467
52303	Барвінок (Новоселівська сільська рада)	Dnipropetrovska	Krynychanskyi	48.3755	34.467
52304	Березине (Гуляйпільська сільська рада)	Dnipropetrovska	Krynychanskyi	48.3755	34.467
52305	Благодатне (Гуляйпільська сільська рада)	Dnipropetrovska	Krynychanskyi	48.3755	34.467
52306	Одарівка (Криничанська сільська рада)	Dnipropetrovska	Krynychanskyi	48.3755	34.467
52307	Благословенна (Покровська сільска рада)	Dnipropetrovska	Krynychanskyi	48.3755	34.467
52309	Бузулуки (Гуляйпільська сільска рада)	Dnipropetrovska	Krynychanskyi	48.3755	34.467
52310	Аули	Dnipropetrovska	Krynychanskyi	48.5666	34.4611
52311	Василівка (Биківська сільска рада)	Dnipropetrovska	Krynychanskyi	48.5666	34.4611
52312	Весела Долина (Покровська сільська рада)	Dnipropetrovska	Krynychanskyi	48.5666	34.4611
52313	Українка (Українська сільська рада)	Dnipropetrovska	Krynychanskyi	48.5666	34.4611
52314	Новоселівка (Новоселівська сільська рада)	Dnipropetrovska	Krynychanskyi	48.5666	34.4611
52315	Семенівка (Семенівська сільська рада)	Dnipropetrovska	Krynychanskyi	48.5666	34.4611
52316	Весела Роща (Семенівська сільска рада)	Dnipropetrovska	Krynychanskyi	48.5666	34.4611
52317	Веселе (Щорська сільська рада)	Dnipropetrovska	Krynychanskyi	48.5666	34.4611
52318	Високе (Гуляйпільська сільска рада)	Dnipropetrovska	Krynychanskyi	48.5666	34.4611
52319	Вишневе (Українська сільська рада)	Dnipropetrovska	Krynychanskyi	48.5666	34.4611
52320	Катеринопіль (Катеринопільська сільська рада)	Dnipropetrovska	Krynychanskyi	48.2933	34.0821
52321	Бикове (Биківська сільська рада)	Dnipropetrovska	Krynychanskyi	48.2933	34.0821
52322	Вільне (Щорська сільська рада)	Dnipropetrovska	Krynychanskyi	48.2933	34.0821
52323	Божедарівка	Dnipropetrovska	Krynychanskyi	48.3867	34.0976
52323	Божедарівка (Жовтневська сільська рада)	Dnipropetrovska	Krynychanskyi	48.3867	34.0976
52324	Водяне (Биківська сільська рада)	Dnipropetrovska	Krynychanskyi	48.2933	34.0821
52325	Володимирівка (Червонопромінська сільська рада)	Dnipropetrovska	Krynychanskyi	48.2933	34.0821
52326	Гранітне (Затишнянська сільска рада)	Dnipropetrovska	Krynychanskyi	48.2933	34.0821
52327	Гримуче (Криничанська сільська рада)	Dnipropetrovska	Krynychanskyi	48.2933	34.0821
52328	Грузинівка	Dnipropetrovska	Krynychanskyi	48.2	34.0667
52329	Грушівка (Червонопромінська сільська рада)	Dnipropetrovska	Krynychanskyi	48.2933	34.0821
52330	Червоноіванівка (Червоноіванівська сільська рада)	Dnipropetrovska	Krynychanskyi	48.3822	34.2731
52331	Улянівка (Дружбівська сільська рада)	Dnipropetrovska	Krynychanskyi	48.3822	34.2731
52331	Червоний Став (Жовтневська сільська рада)	Dnipropetrovska	Krynychanskyi	48.3822	34.2731
52331	Дружба (Дружбівська сільська рада)	Dnipropetrovska	Krynychanskyi	48.3822	34.2731
52332	Діброва (Маломихалівська сільська рада)	Dnipropetrovska	Krynychanskyi	48.3822	34.2731
52333	Сухий Хутір (Дружбівська сільська рада)	Dnipropetrovska	Krynychanskyi	48.3822	34.2731
52334	Адамівка (Адамівська сільська рада)	Dnipropetrovska	Krynychanskyi	48.3822	34.2731
52335	Єгорівка (Червонопромінська сільська рада)	Dnipropetrovska	Krynychanskyi	48.3822	34.2731
52336	Зелена Долина (Адамівська сільська рада)	Dnipropetrovska	Krynychanskyi	48.3822	34.2731
52337	Зелений Кут (Новоселівська сільська рада)	Dnipropetrovska	Krynychanskyi	48.3822	34.2731
52338	Зелений Яр (Покровська сільська рада)	Dnipropetrovska	Krynychanskyi	48.3822	34.2731
52339	Зоря (Катернопільська сільська рада)	Dnipropetrovska	Krynychanskyi	48.3822	34.2731
52340	Світлогірське (Світлогірська сільська рада)	Dnipropetrovska	Krynychanskyi	48.3822	34.2731
52341	Промінь (Червонопроміньська сільська рада)	Dnipropetrovska	Krynychanskyi	48.3822	34.2731
52342	Маломихайлівка (Маломихайлівська сільська рада)	Dnipropetrovska	Krynychanskyi	48.3822	34.2731
52342	Шмакове (Маломихайлівська сільська рада)	Dnipropetrovska	Krynychanskyi	48.3822	34.2731
52343	Іллінка (Новоселівська сільська рада)	Dnipropetrovska	Krynychanskyi	48.3822	34.2731
52344	Калинівка (Болтишківська сільська рада)	Dnipropetrovska	Krynychanskyi	48.3822	34.2731
52345	Кам'янчани (Дружбівська сільська рада)	Dnipropetrovska	Krynychanskyi	48.3822	34.2731
52346	Катеринівка (Кудашівська сільська рада)	Dnipropetrovska	Krynychanskyi	48.3822	34.2731
52347	Ковалівка (Кудашівська сільська рада)	Dnipropetrovska	Krynychanskyi	48.3822	34.2731
52348	Козаче (Гуляйпільська сільська рада)	Dnipropetrovska	Krynychanskyi	48.3822	34.2731
52349	Козодуб (Червоноіванівська сільська рада)	Dnipropetrovska	Krynychanskyi	48.3822	34.2731
52350	Кудашівка (Кудашівська сільська рада)	Dnipropetrovska	Krynychanskyi	48.3822	34.2731
52351	Покровка (Покровська сільська рада)	Dnipropetrovska	Krynychanskyi	48.3822	34.2731
52352	Коробчине (Червоноіванівска сільська рада)	Dnipropetrovska	Krynychanskyi	48.3822	34.2731
52353	Червоний Орлик (Покровська сільська рада)	Dnipropetrovska	Krynychanskyi	48.3822	34.2731
52353	Милорадівка (Покровська сільська рада)	Dnipropetrovska	Krynychanskyi	48.3822	34.2731
52354	Котлярівка (Семенівська сільська рада)	Dnipropetrovska	Krynychanskyi	48.3822	34.2731
52355	Крута Балка (Покровська сільська рада)	Dnipropetrovska	Krynychanskyi	48.3822	34.2731
52356	Лозуватка (Преображенська сільська рада)	Dnipropetrovska	Krynychanskyi	48.3822	34.2731
52357	Лозуватське (Преображенська сільська рада)	Dnipropetrovska	Krynychanskyi	48.3822	34.2731
52358	Лугове (Затишнянська сільська рада)	Dnipropetrovska	Krynychanskyi	48.3822	34.2731
52359	Любимівка (Семенівська сільська рада)	Dnipropetrovska	Krynychanskyi	48.3822	34.2731
52360	Черкаське (Преображенська сільська рада)	Dnipropetrovska	Krynychanskyi	48.3822	34.2731
52360	Червона Балка (Преображенська сільська рада)	Dnipropetrovska	Krynychanskyi	48.3822	34.2731
52360	Преображенка (Преображенська сільська рада)	Dnipropetrovska	Krynychanskyi	48.3822	34.2731
52361	Вітрівка (Преображенська сільска рада)	Dnipropetrovska	Krynychanskyi	48.3822	34.2731
52361	Червоне (Преображенська сільська рада)	Dnipropetrovska	Krynychanskyi	48.3822	34.2731
52362	Болтишка (Болтишківська сільска рада)	Dnipropetrovska	Krynychanskyi	48.3822	34.2731
52363	Затишне (Затишнянська сільська рада)	Dnipropetrovska	Krynychanskyi	48.3822	34.2731
52364	Любомирівка (Семенівська сільська рада)	Dnipropetrovska	Krynychanskyi	48.3822	34.2731
52365	Людмилівка (Щорська сільська рада)	Dnipropetrovska	Krynychanskyi	48.3822	34.2731
52366	Малярщина (Дружбівська сільська рада)	Dnipropetrovska	Krynychanskyi	48.3822	34.2731
52367	Мирне (Дружбівська сільська рада)	Dnipropetrovska	Krynychanskyi	48.3822	34.2731
52368	Михайлівка (Преображенська сільська рада)	Dnipropetrovska	Krynychanskyi	48.3822	34.2731
52369	Надія (Щорська сільська рада)	Dnipropetrovska	Krynychanskyi	48.3822	34.2731
52370	Гуляйполе (Гуляйпільська сільська рада)	Dnipropetrovska	Krynychanskyi	48.3822	34.2731
52371	Малософіївка (Гуляйпільська сільська рада)	Dnipropetrovska	Krynychanskyi	48.3822	34.2731
52371	Українське (Гуляйпільська сільська рада)	Dnipropetrovska	Krynychanskyi	48.3822	34.2731
52372	Нова Праця (Катернопільська сільська рада)	Dnipropetrovska	Krynychanskyi	48.3822	34.2731
52373	Новогурівка (Катернопільська сільська рада)	Dnipropetrovska	Krynychanskyi	48.3822	34.2731
52374	Новожитлівка (Кудашівська сільська рада)	Dnipropetrovska	Krynychanskyi	48.3822	34.2731
52375	Новокалинівка (Маломихайлівська сільська рада)	Dnipropetrovska	Krynychanskyi	48.3822	34.2731
52376	Новомилорадівка (Покровська сільська рада)	Dnipropetrovska	Krynychanskyi	48.3822	34.2731
52377	Новопідгірне (Криничанська сільська рада)	Dnipropetrovska	Krynychanskyi	48.3822	34.2731
52378	Новопушкарівка (Криничанська сільська рада)	Dnipropetrovska	Krynychanskyi	48.3822	34.2731
52379	Олександрівка (Болтишківська сільска рада)	Dnipropetrovska	Krynychanskyi	48.3822	34.2731
52380	Олексіївка (Щорська сільська рада)	Dnipropetrovska	Krynychanskyi	48.3822	34.2731
52381	Оленівка (Червонопромінська сільска рада)	Dnipropetrovska	Krynychanskyi	48.3822	34.2731
52382	Павлівка (Катернопільська сільска рада)	Dnipropetrovska	Krynychanskyi	48.3822	34.2731
52383	Первозванівка (Дружбівська сільска рада)	Dnipropetrovska	Krynychanskyi	48.3822	34.2731
52384	Первомайське (Гуляйпільська сільська рада)	Dnipropetrovska	Krynychanskyi	48.3822	34.2731
52385	Підгірне (Семенівська сільська рада)	Dnipropetrovska	Krynychanskyi	48.3822	34.2731
52386	Поляна (Кудашівська сільська рада)	Dnipropetrovska	Krynychanskyi	48.3822	34.2731
52387	Потоки (Щорська сільська рада)	Dnipropetrovska	Krynychanskyi	48.3822	34.2731
52388	Прапор (Семенівська сільська рада)	Dnipropetrovska	Krynychanskyi	48.3822	34.2731
52389	Привілля (Катернопільська сільська рада)	Dnipropetrovska	Krynychanskyi	48.3822	34.2731
52390	Рогівське (Новоселівська сільська рада)	Dnipropetrovska	Krynychanskyi	48.3822	34.2731
52391	Саксаганське (Жовтневська сільска рада)	Dnipropetrovska	Krynychanskyi	48.3822	34.2731
52392	Скелюватка (Щорська сільська рада)	Dnipropetrovska	Krynychanskyi	48.3822	34.2731
52393	Смоленка (Гуляйпільська сільська рада)	Dnipropetrovska	Krynychanskyi	48.3822	34.2731
52394	Сорокопанівка (Покровська сільська рада)	Dnipropetrovska	Krynychanskyi	48.3822	34.2731
52395	Степанівка (Новоселівська сільська рада)	Dnipropetrovska	Krynychanskyi	48.3822	34.2731
52396	Суворовське (Криничанська сільська рада)	Dnipropetrovska	Krynychanskyi	48.3822	34.2731
52397	Тарасівка (Гуляйпільська сільська рада)	Dnipropetrovska	Krynychanskyi	48.3822	34.2731
52398	Теплівка (Жовтневська сільська рада)	Dnipropetrovska	Krynychanskyi	48.3822	34.2731
52399	Трудове (Щорська селищна рада)	Dnipropetrovska	Krynychanskyi	48.3822	34.2731
52400	Перше Травня	Dnipropetrovska	Solonianskyi	48.3153	35.1806
52400	Солоне	Dnipropetrovska	Solonianskyi	48.2081	34.8721
52401	Межове	Dnipropetrovska	Solonianskyi	47.9663	38.0695
52402	Барвінок	Dnipropetrovska	Solonianskyi	48.108	34.3879
52403	Антонівка (Васильківська сільська рада)	Dnipropetrovska	Solonianskyi	48.185	35.5045
52404	Богданівка	Dnipropetrovska	Solonianskyi	48.2813	35.9412
52405	Надіївка (Солонянська селищна рада)	Dnipropetrovska	Solonianskyi	48.185	35.5045
52406	Аполлонівка (Солонянська селищна рада)	Dnipropetrovska	Solonianskyi	48.185	35.5045
52407	Безбородькове	Dnipropetrovska	Solonianskyi	48.185	35.5045
52408	Бутовичівка	Dnipropetrovska	Solonianskyi	48.016	34.5416
52409	Вільне	Dnipropetrovska	Solonianskyi	48.3999	35.5388
52410	Сурсько-Михайлівка	Dnipropetrovska	Solonianskyi	48.272	34.7276
52411	Вовніги	Dnipropetrovska	Solonianskyi	48.1328	35.0815
52412	Березнуватівка	Dnipropetrovska	Solonianskyi	48.2393	34.5104
52413	Привільне	Dnipropetrovska	Solonianskyi	44.7995	34.3424
52414	Маяк	Dnipropetrovska	Solonianskyi	47.7008	34.6593
52414	Трудолюбівка	Dnipropetrovska	Solonianskyi	48.2219	34.6891
52415	Водяне	Dnipropetrovska	Solonianskyi	48.0316	34.7066
52416	Квітуче	Dnipropetrovska	Solonianskyi	47.7814	34.6652
52417	Гаркушино	Dnipropetrovska	Solonianskyi	48.0001	34.5952
52418	Голубинівка	Dnipropetrovska	Solonianskyi	48.1786	34.4541
52419	Гончарка	Dnipropetrovska	Solonianskyi	48.2377	34.8863
52420	Новомар'ївка	Dnipropetrovska	Solonianskyi	48.2634	34.8908
52420	Станція Незабудине	Dnipropetrovska	Solonianskyi	48.2634	34.8908
52421	Іверське	Dnipropetrovska	Solonianskyi	48.6389	36.9534
52422	Миколо - Мусіївка	Dnipropetrovska	Solonianskyi	47.9838	34.3321
52423	Олександропіль (Олександроаільська сільска рада)	Dnipropetrovska	Solonianskyi	48.2634	34.8908
52424	Кринички	Dnipropetrovska	Solonianskyi	48.3755	34.467
52425	Грушівка	Dnipropetrovska	Solonianskyi	48.2895	34.5893
52426	Дальнє	Dnipropetrovska	Solonianskyi	48.1555	34.4803
52427	Долинське	Dnipropetrovska	Solonianskyi	48.2634	34.8908
52428	Дніпровське	Dnipropetrovska	Solonianskyi	48.1945	34.8175
52429	Малинівка	Dnipropetrovska	Solonianskyi	48.2057	34.5963
52430	Наталівка	Dnipropetrovska	Solonianskyi	48.1002	34.4524
52431	Промінь	Dnipropetrovska	Solonianskyi	48.1384	34.4392
52432	Незабудине (Наталівська сільська рада)	Dnipropetrovska	Solonianskyi	48.1334	34.5986
52433	Святовасилівка	Dnipropetrovska	Solonianskyi	48.1334	34.5986
52434	Павлівка	Dnipropetrovska	Solonianskyi	48.0622	34.5511
52435	Василівка (Василівська сільська рада)	Dnipropetrovska	Solonianskyi	48.1334	34.5986
52436	Дружелюбівка	Dnipropetrovska	Solonianskyi	48.0853	34.5322
52437	Звонецьке	Dnipropetrovska	Solonianskyi	48.2393	35.1754
52438	Костянтинівка	Dnipropetrovska	Solonianskyi	48.2054	34.4806
52439	Котлярівка	Dnipropetrovska	Solonianskyi	48.1028	34.5595
52440	Письмечеве	Dnipropetrovska	Solonianskyi	48.1179	34.6285
52441	Новопокровка	Dnipropetrovska	Solonianskyi	48.0592	34.6062
52442	Гроза	Dnipropetrovska	Solonianskyi	48.1584	35.0834
52443	Круте	Dnipropetrovska	Solonianskyi	48.1126	34.6906
52444	Дороганівка	Dnipropetrovska	Solonianskyi	48.2322	34.9788
52445	Широке	Dnipropetrovska	Solonianskyi	48.1192	34.8352
52446	Тритузне	Dnipropetrovska	Solonianskyi	48.1285	34.7332
52447	Любимівка	Dnipropetrovska	Solonianskyi	48.1192	34.9828
52448	Мала Калинівка	Dnipropetrovska	Solonianskyi	48.029	34.3133
52449	Малинове	Dnipropetrovska	Solonianskyi	48.1216	34.5592
52450	Багате (Мопрівська сільска рада)	Dnipropetrovska	Solonianskyi	48.091	34.7664
52451	Малозахарине	Dnipropetrovska	Solonianskyi	48.0617	34.8202
52452	Григорівка	Dnipropetrovska	Solonianskyi	48.0124	34.7534
52453	Матросове	Dnipropetrovska	Solonianskyi	48.1464	34.466
52454	Микільське	Dnipropetrovska	Solonianskyi	48.091	34.7664
52455	Карайкове	Dnipropetrovska	Solonianskyi	48.1487	34.4096
52456	Миропіль	Dnipropetrovska	Solonianskyi	48.091	34.7664
52457	Михайлівка	Dnipropetrovska	Solonianskyi	48.1942	35.4167
52458	Любов	Dnipropetrovska	Solonianskyi	48.1019	34.919
52459	Новоандріївка	Dnipropetrovska	Solonianskyi	47.9717	34.5796
52460	Мирне	Dnipropetrovska	Solonianskyi	48.0604	34.5025
52461	Панькове	Dnipropetrovska	Solonianskyi	48.2011	34.9225
52461	Новоселівка	Dnipropetrovska	Solonianskyi	48.2011	34.9225
52461	Кам'яне (Васильківська сільська рада)	Dnipropetrovska	Solonianskyi	48.2011	34.9225
52462	Башмачка (Башмачанська сілька рада)	Dnipropetrovska	Solonianskyi	48.1681	34.4777
52463	Кашкарівка	Dnipropetrovska	Solonianskyi	47.9782	34.3615
52464	Новотарасівка	Dnipropetrovska	Solonianskyi	48.2735	34.6545
52465	Новотернуватка	Dnipropetrovska	Solonianskyi	48.1892	34.6282
52466	Олександрівка	Dnipropetrovska	Solonianskyi	48.2442	34.2195
52467	Олексіївка	Dnipropetrovska	Solonianskyi	48.3451	34.1167
52468	Орлове	Dnipropetrovska	Solonianskyi	48.1803	34.517
52469	Осипенко	Dnipropetrovska	Solonianskyi	48.0413	34.3768
52470	Микільське-на-Дніпрі	Dnipropetrovska	Solonianskyi	48.2024	35.1736
52471	Оріхове (Микільска сільська рада)	Dnipropetrovska	Solonianskyi	48.1699	34.7262
52472	Військове (Військова сільська рада)	Dnipropetrovska	Solonianskyi	48.1699	34.7262
52473	Петро-Свистунове	Dnipropetrovska	Solonianskyi	48.113	35.1847
52473	Калинівка	Dnipropetrovska	Solonianskyi	48.1734	35.0731
52474	Петрівське	Dnipropetrovska	Solonianskyi	48.2347	34.7125
52475	Пропашне	Dnipropetrovska	Solonianskyi	48.0453	34.4814
52476	Пшеничне	Dnipropetrovska	Solonianskyi	48.0852	34.6661
52477	Вишневе	Dnipropetrovska	Solonianskyi	48.4982	34.4128
52478	Розтання	Dnipropetrovska	Solonianskyi	48.0083	34.2489
52479	Рясне	Dnipropetrovska	Solonianskyi	48.1687	34.5829
52480	Сергіївка	Dnipropetrovska	Solonianskyi	47.8405	34.5919
52481	Петриківка	Dnipropetrovska	Solonianskyi	47.9906	34.4462
52482	Стародніпровське	Dnipropetrovska	Solonianskyi	48.1519	34.6933
52483	Суданівка	Dnipropetrovska	Solonianskyi	48.0759	34.7051
52484	Тихе	Dnipropetrovska	Solonianskyi	47.9811	34.4662
52485	Товариський труд	Dnipropetrovska	Solonianskyi	48.0508	34.6786
52486	Томаківка	Dnipropetrovska	Solonianskyi	48.114	34.319
52487	Тракторне	Dnipropetrovska	Solonianskyi	48.023	34.7899
52488	Гайдамацьке	Dnipropetrovska	Solonianskyi	48.0323	34.5675
52489	Хижине	Dnipropetrovska	Solonianskyi	48.0626	34.4173
52490	Звонецький Хутір	Dnipropetrovska	Solonianskyi	48.2355	35.032
52491	Ганно-Мусіївка	Dnipropetrovska	Solonianskyi	48.1517	34.747
52492	Кам'яно - Зубилівка	Dnipropetrovska	Solonianskyi	48.1394	35.037
52493	Червонокам'яне	Dnipropetrovska	Solonianskyi	48.205	34.9655
52494	Чернігівка	Dnipropetrovska	Solonianskyi	48.0652	34.2409
52495	Чорнопарівка	Dnipropetrovska	Solonianskyi	48.1627	34.5692
52496	Шестипілля	Dnipropetrovska	Solonianskyi	48.1046	34.7656
52497	Широкополе	Dnipropetrovska	Solonianskyi	48.1232	34.9453
52498	Шульгівка	Dnipropetrovska	Solonianskyi	48.1517	34.747
52499	Якимівка	Dnipropetrovska	Solonianskyi	48.1779	34.4205
52500	Синельникове	Dnipropetrovska	Synelnykivskyi	48.3204	35.5179
52500	Калинівське	Dnipropetrovska	Synelnykivskyi	48.3204	35.5179
52501	Синельникове	Dnipropetrovska	Synelnykivskyi	48.3204	35.5179
52502	Синельникове	Dnipropetrovska	Synelnykivskyi	48.3204	35.5179
52503	Андріївка (Миролюбівська)	Dnipropetrovska	Synelnykivskyi	48.2605	35.2375
52504	Запорожець	Dnipropetrovska	Synelnykivskyi	48.2984	33.5955
52505	Заяче	Dnipropetrovska	Synelnykivskyi	48.2605	35.2375
52506	Бегма	Dnipropetrovska	Synelnykivskyi	48.1046	35.4517
52507	Бурханівка	Dnipropetrovska	Synelnykivskyi	48.1894	35.5134
52508	Василівка	Dnipropetrovska	Synelnykivskyi	48.2216	35.4163
52509	Вербове	Dnipropetrovska	Synelnykivskyi	48.3089	35.3694
52510	Степове	Dnipropetrovska	Synelnykivskyi	48.5247	35.4519
52510	Дерезувате	Dnipropetrovska	Synelnykivskyi	48.4865	35.4382
52510	Лугове	Dnipropetrovska	Synelnykivskyi	48.4689	35.407
52511	Новомиколаївка	Dnipropetrovska	Synelnykivskyi	48.4783	35.5868
52511	Романівка	Dnipropetrovska	Synelnykivskyi	48.423	35.5953
52511	Майське	Dnipropetrovska	Synelnykivskyi	48.4781	35.6155
52511	Максимівка (Майської сільської ради)	Dnipropetrovska	Synelnykivskyi	48.4477	35.608
52511	Козачий Гай	Dnipropetrovska	Synelnykivskyi	48.4114	35.6344
52512	Кислянка	Dnipropetrovska	Synelnykivskyi	48.4298	35.4913
52512	Хорошеве (Кислянської)	Dnipropetrovska	Synelnykivskyi	48.4298	35.4913
52513	Вільне	Dnipropetrovska	Synelnykivskyi	48.3999	35.5388
52514	Красне	Dnipropetrovska	Synelnykivskyi	48.4363	35.7483
52514	Калинівка	Dnipropetrovska	Synelnykivskyi	48.3971	35.7033
52514	Очеретувате	Dnipropetrovska	Synelnykivskyi	48.3392	36.0912
52514	Зайцеве	Dnipropetrovska	Synelnykivskyi	48.429	35.6736
52515	Лозуватка	Dnipropetrovska	Synelnykivskyi	48.4277	35.3539
52516	Дубо - Осокорівка	Dnipropetrovska	Synelnykivskyi	48.2243	35.3372
52517	Володимирівське	Dnipropetrovska	Synelnykivskyi	48.4118	35.5609
52518	Воронівка	Dnipropetrovska	Synelnykivskyi	48.2611	35.2169
52519	Водяне	Dnipropetrovska	Synelnykivskyi	48.3859	35.652
52520	Іларіонове	Dnipropetrovska	Synelnykivskyi	48.4066	35.2754
52521	Георгіївка	Dnipropetrovska	Synelnykivskyi	48.4228	39.2528
52522	Старолозуватка	Dnipropetrovska	Synelnykivskyi	48.4013	35.3564
52523	Раївка	Dnipropetrovska	Synelnykivskyi	48.3532	35.455
52524	Іванівка (Новогнідська)	Dnipropetrovska	Synelnykivskyi	48.3072	35.4879
52524	Новогніде	Dnipropetrovska	Synelnykivskyi	48.3072	35.4879
52525	Веселе (Дібровська)	Dnipropetrovska	Synelnykivskyi	48.3662	35.8281
52526	Дороге	Dnipropetrovska	Synelnykivskyi	48.5038	35.3475
52527	Дубове	Dnipropetrovska	Synelnykivskyi	48.2757	35.3887
52528	Запорізьке	Dnipropetrovska	Synelnykivskyi	48.2039	35.4998
52529	Знаменівське	Dnipropetrovska	Synelnykivskyi	48.4212	35.3895
52530	Старовишневецьке	Dnipropetrovska	Synelnykivskyi	48.3976	35.6692
52530	Новопавлоградське	Dnipropetrovska	Synelnykivskyi	48.3976	35.6692
52531	Вишневецьке (Старовишневецької сільської ради)	Dnipropetrovska	Synelnykivskyi	48.3612	35.7595
52532	Петрівка	Dnipropetrovska	Synelnykivskyi	48.4111	36.3122
52532	Роздори	Dnipropetrovska	Synelnykivskyi	48.3291	35.7048
52532	Зелений Гай	Dnipropetrovska	Synelnykivskyi	48.2983	35.7622
52533	Іванівка (Іларіонівська)	Dnipropetrovska	Synelnykivskyi	48.3612	35.7595
52534	Писарівка	Dnipropetrovska	Synelnykivskyi	48.3412	35.7756
52534	Пристень	Dnipropetrovska	Synelnykivskyi	48.3599	35.7663
52535	Кам'януватка	Dnipropetrovska	Synelnykivskyi	48.4555	35.4674
52536	Катражка	Dnipropetrovska	Synelnykivskyi	48.297	35.6182
52537	Київське	Dnipropetrovska	Synelnykivskyi	48.3612	35.7595
52538	Кодацьке	Dnipropetrovska	Synelnykivskyi	48.3612	35.7595
52539	Котлярівське	Dnipropetrovska	Synelnykivskyi	48.3612	35.7595
52540	Мар'ївка (Мар‘ївської)	Dnipropetrovska	Synelnykivskyi	48.3645	35.5048
52541	Первомайське	Dnipropetrovska	Synelnykivskyi	48.3645	35.5048
52542	Діброва	Dnipropetrovska	Synelnykivskyi	48.2903	35.1952
52543	Шахтарське	Dnipropetrovska	Synelnykivskyi	48.3225	35.3564
52544	Мар'ївка (Писарівської)	Dnipropetrovska	Synelnykivskyi	48.3645	35.5048
52545	Андріївка (Варварівська)	Dnipropetrovska	Synelnykivskyi	48.3645	35.5048
52546	Мар'ївське	Dnipropetrovska	Synelnykivskyi	48.3645	35.5048
52547	Мар'їнка	Dnipropetrovska	Synelnykivskyi	48.3645	35.5048
52548	Морозівське	Dnipropetrovska	Synelnykivskyi	48.6418	35.9203
52549	Надеждине	Dnipropetrovska	Synelnykivskyi	48.2036	35.5472
52550	Олександрополь	Dnipropetrovska	Synelnykivskyi	48.1836	35.3296
52550	Варварівка	Dnipropetrovska	Synelnykivskyi	48.1993	35.337
52550	Обоянівське	Dnipropetrovska	Synelnykivskyi	48.1425	35.3651
52550	Попове	Dnipropetrovska	Synelnykivskyi	48.2089	35.2868
52551	Василівка-на-Дніпрі	Dnipropetrovska	Synelnykivskyi	48.1983	35.2075
52551	Мар'ївка (Василівської)	Dnipropetrovska	Synelnykivskyi	48.1983	35.2075
52552	Михайлівка	Dnipropetrovska	Synelnykivskyi	48.1942	35.4167
52553	Надеждівка	Dnipropetrovska	Synelnykivskyi	48.4492	35.4445
52554	Ненаситець	Dnipropetrovska	Synelnykivskyi	48.1933	35.2523
52555	Нове	Dnipropetrovska	Synelnykivskyi	48.4711	35.6563
52556	Новий Посьолок	Dnipropetrovska	Synelnykivskyi	48.1914	35.6784
52557	Нововознесенка	Dnipropetrovska	Synelnykivskyi	48.2861	35.7511
52558	Новоіларіонівське	Dnipropetrovska	Synelnykivskyi	48.3404	35.7483
52559	Зелене	Dnipropetrovska	Synelnykivskyi	48.1878	35.3083
52560	Луб'янка	Dnipropetrovska	Synelnykivskyi	48.2889	35.5796
52560	Садове	Dnipropetrovska	Synelnykivskyi	48.2645	35.5613
52561	Новоолександрівка	Dnipropetrovska	Synelnykivskyi	48.2369	35.5185
52562	Новоолександропіль	Dnipropetrovska	Synelnykivskyi	48.1651	35.4683
52562	Гірки	Dnipropetrovska	Synelnykivskyi	48.2159	35.5094
52563	Панасівка	Dnipropetrovska	Synelnykivskyi	48.2743	35.4359
52564	Новочернігівське	Dnipropetrovska	Synelnykivskyi	48.186	35.704
52565	Носачі	Dnipropetrovska	Synelnykivskyi	48.1462	35.6705
52565	Вербки-Осокорівка	Dnipropetrovska	Synelnykivskyi	48.1462	35.6705
52566	Березнуватка	Dnipropetrovska	Synelnykivskyi	48.2468	35.6011
52567	Осокорівка	Dnipropetrovska	Synelnykivskyi	48.1248	35.3517
52568	Павлівка	Dnipropetrovska	Synelnykivskyi	48.2381	35.3775
52569	Новоолексіївка	Dnipropetrovska	Synelnykivskyi	48.3645	35.5711
52570	Миролюбівка	Dnipropetrovska	Synelnykivskyi	48.2147	35.6784
52570	Терса	Dnipropetrovska	Synelnykivskyi	48.1477	35.688
52571	Великомихайлівка	Dnipropetrovska	Synelnykivskyi	48.1538	35.623
52572	Мажари	Dnipropetrovska	Synelnykivskyi	48.1728	35.5565
52572	Шевченківське	Dnipropetrovska	Synelnykivskyi	48.1994	35.6048
52573	Парне	Dnipropetrovska	Synelnykivskyi	48.3276	35.5877
52574	Партизани	Dnipropetrovska	Synelnykivskyi	48.1666	35.7179
52575	Богуславка	Dnipropetrovska	Synelnykivskyi	48.3727	35.4532
52576	Дніпровське	Dnipropetrovska	Synelnykivskyi	48.2108	35.6077
52577	Веселе (Раївська)	Dnipropetrovska	Synelnykivskyi	48.2154	35.577
52578	Польове	Dnipropetrovska	Synelnykivskyi	48.1009	35.5541
52579	Ракове	Dnipropetrovska	Synelnykivskyi	48.3029	35.2758
52580	Новоолександрівське	Dnipropetrovska	Synelnykivskyi	48.1568	35.5147
52580	Славгород	Dnipropetrovska	Synelnykivskyi	48.1004	35.5158
52581	Роздолля	Dnipropetrovska	Synelnykivskyi	48.2693	35.7431
52582	Тургенєвка	Dnipropetrovska	Synelnykivskyi	48.1442	35.5059
52583	Рудево - Миколаївка	Dnipropetrovska	Synelnykivskyi	48.1723	35.6222
52584	Сад	Dnipropetrovska	Synelnykivskyi	48.4266	35.2479
52585	Грушувато - Криничне	Dnipropetrovska	Synelnykivskyi	48.2571	35.2416
52586	Суха Калина	Dnipropetrovska	Synelnykivskyi	48.2638	35.2658
52587	Тернове	Dnipropetrovska	Synelnykivskyi	48.4595	35.7295
52588	Токове	Dnipropetrovska	Synelnykivskyi	48.2857	35.6041
52589	Третяківка	Dnipropetrovska	Synelnykivskyi	48.167	35.5069
52590	Троїцьке	Dnipropetrovska	Synelnykivskyi	48.2631	35.4555
52591	Воронове	Dnipropetrovska	Synelnykivskyi	48.1446	35.2575
52592	Першозванівка	Dnipropetrovska	Synelnykivskyi	48.1182	35.3979
52593	Хорошеве (Мар’ївської)	Dnipropetrovska	Synelnykivskyi	48.2631	35.4555
52594	Грякувате	Dnipropetrovska	Synelnykivskyi	48.2214	35.296
52595	Циганівка	Dnipropetrovska	Synelnykivskyi	48.2808	35.5882
52596	Широкосмоленка	Dnipropetrovska	Synelnykivskyi	48.4828	35.3832
52597	Ясне	Dnipropetrovska	Synelnykivskyi	48.293	35.6209
52599	Гострий Камінь	Dnipropetrovska	Synelnykivskyi	48.3011	35.6445
52600	Васильківка	Dnipropetrovska	Vasylkivskyi	48.207	36.0236
52601	Довге	Dnipropetrovska	Vasylkivskyi	48.1741	36.3686
52602	Васильківка	Dnipropetrovska	Vasylkivskyi	48.207	36.0236
52603	Шевченко	Dnipropetrovska	Vasylkivskyi	48.2016	35.8249
52604	Бабакове (Богданівської сільської ради)	Dnipropetrovska	Vasylkivskyi	48.2002	36.0036
52605	Манвелівка	Dnipropetrovska	Vasylkivskyi	48.2305	35.8704
52606	Зоря	Dnipropetrovska	Vasylkivskyi	48.2077	35.9137
52607	Бондареве (Васильківська)	Dnipropetrovska	Vasylkivskyi	48.2002	36.0036
52608	Вовчанське	Dnipropetrovska	Vasylkivskyi	48.151	36.0407
52609	Іванівка	Dnipropetrovska	Vasylkivskyi	48.2226	35.9629
52610	Великоолександрівка	Dnipropetrovska	Vasylkivskyi	48.3754	35.9159
52611	Воскресенівка	Dnipropetrovska	Vasylkivskyi	48.339	35.9156
52612	Богданівка (Богданівська)	Dnipropetrovska	Vasylkivskyi	48.3901	35.9875
52613	Катеринівка	Dnipropetrovska	Vasylkivskyi	48.2879	35.8483
52614	Іванівське	Dnipropetrovska	Vasylkivskyi	48.1957	35.7628
52615	Каплистівка	Dnipropetrovska	Vasylkivskyi	48.0867	35.8986
52616	Колоно - Миколаївка	Dnipropetrovska	Vasylkivskyi	48.2818	35.8982
52617	Копані	Dnipropetrovska	Vasylkivskyi	48.2187	36.3148
52618	Красне	Dnipropetrovska	Vasylkivskyi	48.4363	35.7483
52619	Крутоярка	Dnipropetrovska	Vasylkivskyi	49.2897	36.5849
52620	Добровілля	Dnipropetrovska	Vasylkivskyi	48.3078	36.0938
52621	Гришаї	Dnipropetrovska	Vasylkivskyi	48.2753	36.157
52622	Миколаївка	Dnipropetrovska	Vasylkivskyi	48.2691	36.3196
52623	Дубовики	Dnipropetrovska	Vasylkivskyi	48.2423	36.2192
52624	Артемівка (Миколаївська)	Dnipropetrovska	Vasylkivskyi	48.2643	36.154
52625	Бровки (Добровільська)	Dnipropetrovska	Vasylkivskyi	48.2643	36.154
52626	Дачне	Dnipropetrovska	Vasylkivskyi	48.2724	36.2676
52627	Зелена роща	Dnipropetrovska	Vasylkivskyi	48.2478	36.2886
52628	Лиса Балка	Dnipropetrovska	Vasylkivskyi	48.299	36.1411
52629	Луб'янці	Dnipropetrovska	Vasylkivskyi	48.2005	35.7454
52630	Письменне	Dnipropetrovska	Vasylkivskyi	48.2016	35.8056
52631	Зелений Гай (Письменська селищна рада)	Dnipropetrovska	Vasylkivskyi	48.2102	35.7807
52632	Вербівське	Dnipropetrovska	Vasylkivskyi	48.1342	35.7499
52633	Возвратне	Dnipropetrovska	Vasylkivskyi	48.2849	35.7577
52634	Воронізьке	Dnipropetrovska	Vasylkivskyi	48.2591	35.7397
52635	Дібрівка	Dnipropetrovska	Vasylkivskyi	48.2129	35.7813
52636	Новоіванівка	Dnipropetrovska	Vasylkivskyi	48.1652	35.7881
52637	Довге (Павлівської сільської ради)	Dnipropetrovska	Vasylkivskyi	48.2102	35.7807
52638	Тихе (Письменської сільської ради)	Dnipropetrovska	Vasylkivskyi	48.2102	35.7807
52639	Кобзар	Dnipropetrovska	Vasylkivskyi	48.2133	35.8428
52640	Павлівка	Dnipropetrovska	Vasylkivskyi	48.1601	35.9671
52641	Аврамівка (Павлівська)	Dnipropetrovska	Vasylkivskyi	48.1825	35.9557
52642	Широке	Dnipropetrovska	Vasylkivskyi	48.1331	35.8721
52643	Новогригорівка	Dnipropetrovska	Vasylkivskyi	48.1042	35.8464
52644	Касаєве	Dnipropetrovska	Vasylkivskyi	48.1477	36.1713
52645	Криворізьке	Dnipropetrovska	Vasylkivskyi	48.0802	35.8729
52646	Медичне	Dnipropetrovska	Vasylkivskyi	48.2561	36.2151
52648	Нововасильківка	Dnipropetrovska	Vasylkivskyi	48.246	35.8629
52649	Нововоскресенівка	Dnipropetrovska	Vasylkivskyi	48.3323	35.8379
52650	Шевченкове	Dnipropetrovska	Vasylkivskyi	48.1796	36.2131
52651	Хуторо-Чаплине	Dnipropetrovska	Vasylkivskyi	48.1455	36.2684
52652	Зелений Гай (Зеленогайська сільська рада)	Dnipropetrovska	Vasylkivskyi	48.1809	36.2047
52653	Новоандріївка	Dnipropetrovska	Vasylkivskyi	48.1979	36.4073
52654	Таранове	Dnipropetrovska	Vasylkivskyi	48.1523	36.3118
52655	Краснощокове	Dnipropetrovska	Vasylkivskyi	48.1804	36.1663
52656	Новотерсянське	Dnipropetrovska	Vasylkivskyi	48.0711	35.9751
52657	Очеретувате	Dnipropetrovska	Vasylkivskyi	48.3392	36.0912
52658	Первомайське	Dnipropetrovska	Vasylkivskyi	48.1809	36.2047
52660	Григорівка	Dnipropetrovska	Vasylkivskyi	48.1039	36.117
52661	Дебальцеве	Dnipropetrovska	Vasylkivskyi	48.1127	36.0627
52662	Веселий Кут	Dnipropetrovska	Vasylkivskyi	48.0599	35.9915
52663	Чаплине	Dnipropetrovska	Vasylkivskyi	48.128	36.2293
52664	Журавлинка	Dnipropetrovska	Vasylkivskyi	48.1313	36.2028
52665	Лугове	Dnipropetrovska	Vasylkivskyi	48.0825	36.0752
52666	Охотниче	Dnipropetrovska	Vasylkivskyi	48.0911	36.0746
52667	Перевальське	Dnipropetrovska	Vasylkivskyi	48.1347	35.9856
52668	Перепеляче	Dnipropetrovska	Vasylkivskyi	48.1101	35.9769
52669	Петриківка	Dnipropetrovska	Vasylkivskyi	48.2452	35.9959
52670	Петрикове	Dnipropetrovska	Vasylkivskyi	48.1036	36.2002
52672	Правда	Dnipropetrovska	Vasylkivskyi	48.2537	35.9869
52673	Преображенське	Dnipropetrovska	Vasylkivskyi	48.302	35.9701
52674	Пришиб	Dnipropetrovska	Vasylkivskyi	48.0772	36.1198
52675	Морозівське (Павлівської сільської ради)	Dnipropetrovska	Vasylkivskyi	48.1644	36.0508
52676	Рівне	Dnipropetrovska	Vasylkivskyi	48.1027	36.2231
52677	Рубанівське	Dnipropetrovska	Vasylkivskyi	48.1442	35.7963
52678	Самарське	Dnipropetrovska	Vasylkivskyi	48.1474	35.8687
52679	Свиридове	Dnipropetrovska	Vasylkivskyi	48.1843	36.2413
52680	Солонці	Dnipropetrovska	Vasylkivskyi	48.2446	35.7803
52681	Улянівка	Dnipropetrovska	Vasylkivskyi	48.047	35.1398
52682	Хвилі	Dnipropetrovska	Vasylkivskyi	48.164	36.4366
52683	Червона Долина	Dnipropetrovska	Vasylkivskyi	48.1778	35.921
52684	Шевченківське	Dnipropetrovska	Vasylkivskyi	48.1907	35.7363
52685	Шев'якине	Dnipropetrovska	Vasylkivskyi	48.1886	35.9525
52686	Крутеньке	Dnipropetrovska	Vasylkivskyi	48.1629	36.3462
52700	Петропавлівка	Dnipropetrovska	Petropavlivskyi	48.4564	36.4367
52705	Богинівка (Брагинівська сільська рада)	Dnipropetrovska	Petropavlivskyi	48.3945	36.2364
52707	Бажани	Dnipropetrovska	Petropavlivskyi	48.4071	36.123
52708	Богдано Вербки	Dnipropetrovska	Petropavlivskyi	48.5073	36.3622
52709	Васильківка	Dnipropetrovska	Petropavlivskyi	48.207	36.0236
52710	Хороше	Dnipropetrovska	Petropavlivskyi	48.5484	36.4661
52711	Осадче	Dnipropetrovska	Petropavlivskyi	48.6141	36.4646
52712	Коханівка	Dnipropetrovska	Petropavlivskyi	48.5175	36.4393
52713	Олександропіль	Dnipropetrovska	Petropavlivskyi	48.5979	36.5517
52714	Васюківка	Dnipropetrovska	Petropavlivskyi	48.54	36.4809
52715	Відродження	Dnipropetrovska	Petropavlivskyi	48.2871	36.2795
52716	Водяне	Dnipropetrovska	Petropavlivskyi	48.7453	35.8949
52717	Добринька	Dnipropetrovska	Petropavlivskyi	48.6152	36.5472
52718	Запоріжжя	Dnipropetrovska	Petropavlivskyi	48.2973	36.4351
52719	Зелений Гай (Брагинівська сільрада)	Dnipropetrovska	Petropavlivskyi	48.5292	36.3955
52720	Українське	Dnipropetrovska	Petropavlivskyi	48.438	36.4342
52721	Вереміївка	Dnipropetrovska	Petropavlivskyi	48.5781	36.6927
52722	Самарське	Dnipropetrovska	Petropavlivskyi	48.4827	36.46
52723	Троїцьке	Dnipropetrovska	Petropavlivskyi	48.438	36.4342
52724	Зелений Гай (Українська сільрада)	Dnipropetrovska	Petropavlivskyi	48.438	36.4342
52725	Кардаші	Dnipropetrovska	Petropavlivskyi	48.3306	36.2645
52726	Катеринівка	Dnipropetrovska	Petropavlivskyi	48.4084	36.2607
52727	Кунінова	Dnipropetrovska	Petropavlivskyi	48.2747	36.4056
52728	Лугове	Dnipropetrovska	Petropavlivskyi	48.5535	36.522
52729	Мар'янка	Dnipropetrovska	Petropavlivskyi	48.438	36.4342
52730	Залізничне (Петропавлівська селищна рада)	Dnipropetrovska	Petropavlivskyi	48.3478	35.9935
52731	Шевченка	Dnipropetrovska	Petropavlivskyi	48.2016	35.8249
52732	Петрівка	Dnipropetrovska	Petropavlivskyi	48.4111	36.3122
52733	Маломиколаївка	Dnipropetrovska	Petropavlivskyi	48.4386	36.37
52734	Нововербське	Dnipropetrovska	Petropavlivskyi	48.5441	36.3319
52735	Новодмитрівка	Dnipropetrovska	Petropavlivskyi	48.5868	36.6796
52736	Новопричепилівка	Dnipropetrovska	Petropavlivskyi	48.4284	36.3628
52737	Новоселівка (Ураїнська сільрада)	Dnipropetrovska	Petropavlivskyi	48.3478	35.9935
52738	Новохорошевське	Dnipropetrovska	Petropavlivskyi	48.5083	36.6137
52739	Озерне	Dnipropetrovska	Petropavlivskyi	47.6635	33.4526
52740	Дмитрівка	Dnipropetrovska	Petropavlivskyi	48.3957	36.1933
52742	Олефірівка	Dnipropetrovska	Petropavlivskyi	48.4302	36.0958
52743	Чумаки	Dnipropetrovska	Petropavlivskyi	48.3078	36.273
52744	Миколаївка	Dnipropetrovska	Petropavlivskyi	48.381	36.3102
52746	Олександрівка	Dnipropetrovska	Petropavlivskyi	48.4935	36.3094
52747	Роздори	Dnipropetrovska	Petropavlivskyi	48.3438	36.5723
52748	Росішки	Dnipropetrovska	Petropavlivskyi	48.3679	36.5064
52749	Сидоренко	Dnipropetrovska	Petropavlivskyi	48.2858	36.4014
52750	Лозове	Dnipropetrovska	Petropavlivskyi	48.3571	36.5381
52751	Васильківське	Dnipropetrovska	Petropavlivskyi	48.4591	36.4789
52752	Русакове	Dnipropetrovska	Petropavlivskyi	48.2599	36.3815
52753	Сонцеве	Dnipropetrovska	Petropavlivskyi	48.4629	36.2848
52754	Старий Колодязь	Dnipropetrovska	Petropavlivskyi	48.5771	36.4122
52755	Товсте	Dnipropetrovska	Petropavlivskyi	48.546	36.6213
52756	Успенівка	Dnipropetrovska	Petropavlivskyi	48.5514	36.6358
52761	Мар'їна Роща	Dnipropetrovska	Petropavlivskyi	48.416	36.2104
52801	Першотравенськ	Dnipropetrovska	Pershotravensk	48.3489	36.4027
52803	Першотравенськ	Dnipropetrovska	Pershotravensk	48.3489	36.4027
52900	Межова	Dnipropetrovska	Mezhivskyi	48.2532	36.7347
52905	Українка	Dnipropetrovska	Mezhivskyi	48.3016	36.7623
52906	Андронівка	Dnipropetrovska	Mezhivskyi	48.3669	36.7835
52907	Антонівське	Dnipropetrovska	Mezhivskyi	48.2349	36.6696
52908	Красногорівка	Dnipropetrovska	Mezhivskyi	48.4593	36.6919
52909	Веселе (Українська сільрада)	Dnipropetrovska	Mezhivskyi	48.3232	36.7284
52910	Зоряне	Dnipropetrovska	Mezhivskyi	48.4981	36.8269
52911	Слов'янка	Dnipropetrovska	Mezhivskyi	48.338	36.6896
52912	Новогригорівка	Dnipropetrovska	Mezhivskyi	48.4322	36.6403
52913	Жукове	Dnipropetrovska	Mezhivskyi	48.3586	36.5996
52914	Всесвятське	Dnipropetrovska	Mezhivskyi	48.338	36.6896
52915	Дачне	Dnipropetrovska	Mezhivskyi	48.2167	36.5667
52916	Новотроїцьке	Dnipropetrovska	Mezhivskyi	48.338	36.6896
52917	Вознесенське	Dnipropetrovska	Mezhivskyi	48.3441	36.6295
52918	Запорізьке	Dnipropetrovska	Mezhivskyi	48.2723	36.7316
52919	Колона - Межова	Dnipropetrovska	Mezhivskyi	48.244	36.8326
52920	Новотроїцьке	Dnipropetrovska	Mezhivskyi	48.2767	36.5498
52920	Преображенка	Dnipropetrovska	Mezhivskyi	48.2767	36.5498
52920	Всесвятське	Dnipropetrovska	Mezhivskyi	48.2767	36.5498
52921	Демурине	Dnipropetrovska	Mezhivskyi	48.1795	36.4748
52922	Зелене	Dnipropetrovska	Mezhivskyi	48.6578	36.2663
52923	Василівка	Dnipropetrovska	Mezhivskyi	48.2333	36.5164
52924	Володимирівка	Dnipropetrovska	Mezhivskyi	48.2036	36.4913
52925	Маліївське	Dnipropetrovska	Mezhivskyi	48.4732	36.796
52926	Крутоярівка	Dnipropetrovska	Mezhivskyi	48.4194	36.8306
52927	Степове	Dnipropetrovska	Mezhivskyi	47.8884	36.4543
52928	Мала Покровка	Dnipropetrovska	Mezhivskyi	48.5227	36.7243
52929	Малієве	Dnipropetrovska	Mezhivskyi	48.5454	36.8388
52930	Веселе	Dnipropetrovska	Mezhivskyi	48.3136	36.7125
52931	Богданівка	Dnipropetrovska	Mezhivskyi	48.2227	36.5661
52932	Водолазьке	Dnipropetrovska	Mezhivskyi	48.4172	36.624
52933	Мар'ївка	Dnipropetrovska	Mezhivskyi	48.3096	36.6572
52934	Миколаївка	Dnipropetrovska	Mezhivskyi	48.2071	36.526
52935	Наталівка	Dnipropetrovska	Mezhivskyi	48.4221	36.7541
52936	Новолозуватівка	Dnipropetrovska	Mezhivskyi	48.2749	36.7604
52937	Миронове	Dnipropetrovska	Mezhivskyi	48.3096	36.6572
52940	Райполе	Dnipropetrovska	Mezhivskyi	48.2637	36.8389
52941	Новопідгородне	Dnipropetrovska	Mezhivskyi	48.2475	36.8997
52942	Олександрівка	Dnipropetrovska	Mezhivskyi	48.2405	36.6486
52944	Полтавське	Dnipropetrovska	Mezhivskyi	48.5063	36.6981
52945	Попутне	Dnipropetrovska	Mezhivskyi	48.288	36.6505
52946	Славне	Dnipropetrovska	Mezhivskyi	48.3033	36.7288
52947	Солоне	Dnipropetrovska	Mezhivskyi	48.1917	36.5197
52948	Сухарева Балка	Dnipropetrovska	Mezhivskyi	48.2825	36.8232
52949	Тарасівка	Dnipropetrovska	Mezhivskyi	48.1838	36.5889
52950	Новопавлівка	Dnipropetrovska	Mezhivskyi	48.1372	36.7885
52952	Іванівка	Dnipropetrovska	Mezhivskyi	48.0997	36.6349
52954	Федорівське	Dnipropetrovska	Mezhivskyi	48.1821	36.6761
52955	Філія	Dnipropetrovska	Mezhivskyi	48.0853	36.751
52956	Чаус	Dnipropetrovska	Mezhivskyi	48.1825	36.5204
52957	Чугуєве	Dnipropetrovska	Mezhivskyi	48.1374	36.6742
52958	Юр'ївка	Dnipropetrovska	Mezhivskyi	48.1374	36.6742
52960	Біляківка	Dnipropetrovska	Mezhivskyi	48.3016	36.9002
52961	Новоолександрівка	Dnipropetrovska	Mezhivskyi	48.3016	36.9002
53001	Глеюватка (Глеюватська сільська рада)	Dnipropetrovska	Kryvorizkyi	48.2984	33.5955
53002	Красна Балка (Глеюватська сільська рада)	Dnipropetrovska	Kryvorizkyi	48.2984	33.5955
53003	Новопілля (Новопільська сільська рада)	Dnipropetrovska	Kryvorizkyi	48.2984	33.5955
53004	Коломійцеве (Новопільська сільська рада)	Dnipropetrovska	Kryvorizkyi	48.2984	33.5955
53005	Андрусівка (Златоустівська)	Dnipropetrovska	Kryvorizkyi	48.2984	33.5955
53006	Анастасівка (Грузька сільська рада)	Dnipropetrovska	Kryvorizkyi	48.2984	33.5955
53007	Зелений Луг (Кіровська сільська рада)	Dnipropetrovska	Kryvorizkyi	48.2984	33.5955
53008	Братсько-Семенівка (Надеждівська с/р)	Dnipropetrovska	Kryvorizkyi	48.2984	33.5955
53009	Бурлацьке (Веселівська сільська рада)	Dnipropetrovska	Kryvorizkyi	48.2984	33.5955
53010	Червоне (Червоненська сільська рада)	Dnipropetrovska	Kryvorizkyi	48.2984	33.5955
53011	Калинівка (Червоненська сільська рада)	Dnipropetrovska	Kryvorizkyi	48.2984	33.5955
53012	Недайвода (Недайводська сільська рада)	Dnipropetrovska	Kryvorizkyi	48.2984	33.5955
53013	Веселий Кут (Глеюватська сільська рада)	Dnipropetrovska	Kryvorizkyi	48.2984	33.5955
53014	Високе Поле (Орджонікідзівська сільська рада)	Dnipropetrovska	Kryvorizkyi	48.2984	33.5955
53015	Вільний Посад (Широківська сільська рада)	Dnipropetrovska	Kryvorizkyi	48.2984	33.5955
53016	Вільний Табір (Широківська сільська рада)	Dnipropetrovska	Kryvorizkyi	48.2984	33.5955
53017	Водяне (Красінська сільська рада)	Dnipropetrovska	Kryvorizkyi	48.2984	33.5955
53018	Гомельське (Червоненська сільська рада)	Dnipropetrovska	Kryvorizkyi	48.2984	33.5955
53019	Грузька Григорівка (Чкалівська сільська рада)	Dnipropetrovska	Kryvorizkyi	48.2984	33.5955
53020	Лозуватка (Лозуватська сільська рада)	Dnipropetrovska	Kryvorizkyi	48.2984	33.5955
53021	Грузьке (Грузька сільська рада)	Dnipropetrovska	Kryvorizkyi	48.2984	33.5955
53022	Мар'янівка (Лозуватська с/р)	Dnipropetrovska	Kryvorizkyi	48.2984	33.5955
53023	Дружба (Чкалівська сільська рада)	Dnipropetrovska	Kryvorizkyi	48.2984	33.5955
53024	Запорожець	Dnipropetrovska	Kryvorizkyi	48.2984	33.5955
53025	Зелений Гай (Кіровська сільська рада)	Dnipropetrovska	Kryvorizkyi	48.2984	33.5955
53026	Руднічне (Червоненська сільська рада)	Dnipropetrovska	Kryvorizkyi	48.2984	33.5955
53027	Златопіль (Новопільська сільська рада)	Dnipropetrovska	Kryvorizkyi	48.2984	33.5955
53028	Золота Поляна (Новопільська сільська рада)	Dnipropetrovska	Kryvorizkyi	48.2984	33.5955
53029	Зоря (Недайводська сільська рада)	Dnipropetrovska	Kryvorizkyi	48.2984	33.5955
53030	Іванівка (Валівська сільська рада)	Dnipropetrovska	Kryvorizkyi	48.2984	33.5955
53031	Родіонівка (Чкалівська сільська рада)	Dnipropetrovska	Kryvorizkyi	48.2984	33.5955
53032	Вільне (Вільняньська сільська рада)	Dnipropetrovska	Kryvorizkyi	48.2984	33.5955
53033	Інгулець (Чкалівська сільська рада)	Dnipropetrovska	Kryvorizkyi	48.2984	33.5955
53034	Кам'яне Поле (Орджонікідзівська сільська рада)	Dnipropetrovska	Kryvorizkyi	48.2984	33.5955
53035	Кам'янське (Златоустівська)	Dnipropetrovska	Kryvorizkyi	48.2984	33.5955
53036	Лісове (Орджонікідзівська сільська рада)	Dnipropetrovska	Kryvorizkyi	48.2984	33.5955
53037	Іванівка (Гейківська сільська рада)	Dnipropetrovska	Kryvorizkyi	48.2984	33.5955
53038	Красне (Красінська сільська рада)	Dnipropetrovska	Kryvorizkyi	48.2984	33.5955
53039	Кривбас (Гейківська сільська рада)	Dnipropetrovska	Kryvorizkyi	48.2984	33.5955
53040	Шевчкнківське (Орджонікідзівська сільська рада)	Dnipropetrovska	Kryvorizkyi	48.2984	33.5955
53041	Зелене Поле (Орджонікідзівська сільська рада)	Dnipropetrovska	Kryvorizkyi	48.2984	33.5955
53042	Надеждівка (Надеждівська сільська рада)	Dnipropetrovska	Kryvorizkyi	48.2984	33.5955
53043	Кудашівка (Кіровська сільська рада)	Dnipropetrovska	Kryvorizkyi	48.2984	33.5955
53044	Садове (Красінська сільська рада)	Dnipropetrovska	Kryvorizkyi	48.2984	33.5955
53045	Лісопитомник (Новопільська сільська рада)	Dnipropetrovska	Kryvorizkyi	48.2984	33.5955
53046	Львів (Веселівська сільська рада)	Dnipropetrovska	Kryvorizkyi	48.2984	33.5955
53047	Дніпровка (Красінська сільська рада)	Dnipropetrovska	Kryvorizkyi	48.2984	33.5955
53048	Маяк (Надеждівська с/р)	Dnipropetrovska	Kryvorizkyi	48.2984	33.5955
53049	Нова Зоря (Веселівська сільська рада)	Dnipropetrovska	Kryvorizkyi	48.2984	33.5955
53050	Софіївка (Валівська сільська рада)	Dnipropetrovska	Kryvorizkyi	48.2984	33.5955
53051	Новий Мир (Кіровська сільська рада)	Dnipropetrovska	Kryvorizkyi	48.2984	33.5955
53052	Христофорівка (Христофорівська сільська рада)	Dnipropetrovska	Kryvorizkyi	48.2984	33.5955
53053	Новий Шлях (Веселівська сільська рада)	Dnipropetrovska	Kryvorizkyi	48.2984	33.5955
53054	Гейківка (Гейківська сільська рада)	Dnipropetrovska	Kryvorizkyi	48.2984	33.5955
53055	Нові Садки (Красінська сільська рада)	Dnipropetrovska	Kryvorizkyi	48.2984	33.5955
53056	Новогригорівка (Златоустівська сільська рада)	Dnipropetrovska	Kryvorizkyi	48.2984	33.5955
53057	Новоганнівка (Лозуватська с/р)	Dnipropetrovska	Kryvorizkyi	48.2984	33.5955
53058	Новоіванівка (Глеюватська сільська рада)	Dnipropetrovska	Kryvorizkyi	48.2984	33.5955
53059	Новолозуватка (Грузька сільська рада)	Dnipropetrovska	Kryvorizkyi	48.2984	33.5955
53060	Данилівка (Кіровська сільська рада)	Dnipropetrovska	Kryvorizkyi	48.2984	33.5955
53061	Мусіївка (Кіровська сільська рада)	Dnipropetrovska	Kryvorizkyi	48.2984	33.5955
53062	Новомайське (Новопільська сільська рада)	Dnipropetrovska	Kryvorizkyi	48.2984	33.5955
53063	Новомар'янівське (Веселівська сільська рада)	Dnipropetrovska	Kryvorizkyi	48.2984	33.5955
53064	Базарове (Лозуватська с/р)	Dnipropetrovska	Kryvorizkyi	48.2984	33.5955
53065	Новоселівка (Широківська сільська рада)	Dnipropetrovska	Kryvorizkyi	48.2984	33.5955
53066	Павлівка (Гейківська сільська рада)	Dnipropetrovska	Kryvorizkyi	48.2984	33.5955
53067	Пичугине (Надеждівська с/р)	Dnipropetrovska	Kryvorizkyi	48.2984	33.5955
53068	Надія (Вільняньська сільська рада)	Dnipropetrovska	Kryvorizkyi	48.2984	33.5955
53069	Раєво-Олександрівка (Лозуватська сільська рада)	Dnipropetrovska	Kryvorizkyi	48.2984	33.5955
53070	Широке (Широківська сільська рада)	Dnipropetrovska	Kryvorizkyi	48.2984	33.5955
53071	Красівське (Красінська сільська рада)	Dnipropetrovska	Kryvorizkyi	48.2984	33.5955
53072	Новожитомир (Красінська сільська рада)	Dnipropetrovska	Kryvorizkyi	48.2984	33.5955
53073	Златоустівка (Златоустівська сільська рада)	Dnipropetrovska	Kryvorizkyi	48.2984	33.5955
53074	Романівка (Широківська сільська рада)	Dnipropetrovska	Kryvorizkyi	48.2984	33.5955
53075	Новий Кременчуг (Гейківська сільська рада)	Dnipropetrovska	Kryvorizkyi	48.2984	33.5955
53076	Суворівка (Красінська сільська рада)	Dnipropetrovska	Kryvorizkyi	48.2984	33.5955
53077	Тернівка (Грузька сільська рада)	Dnipropetrovska	Kryvorizkyi	48.2984	33.5955
53078	Тернуватка (Недайводська сільська рада)	Dnipropetrovska	Kryvorizkyi	48.2984	33.5955
53079	Трудове (Красінська сільська рада)	Dnipropetrovska	Kryvorizkyi	48.2984	33.5955
53080	Веселе (Веселівська сільська рада)	Dnipropetrovska	Kryvorizkyi	48.2984	33.5955
53081	Радушне (Радушанська сільська рада)	Dnipropetrovska	Kryvorizkyi	48.2984	33.5955
53082	Новопокровка (Орджонікідзівська сільська рада)	Dnipropetrovska	Kryvorizkyi	48.2984	33.5955
53084	Чабанове (Червоненська сільська рада)	Dnipropetrovska	Kryvorizkyi	48.2984	33.5955
53085	Степове (Новопільська сільська рада)	Dnipropetrovska	Kryvorizkyi	48.2984	33.5955
53086	Червона Поляна (Кіровська сільська рада)	Dnipropetrovska	Kryvorizkyi	48.2984	33.5955
53087	Червоні Поди (Новопільська сільська рада)	Dnipropetrovska	Kryvorizkyi	48.2984	33.5955
53088	Чкаловка (Чкалівська сільська рада)	Dnipropetrovska	Kryvorizkyi	48.2984	33.5955
53089	Шевченкове (Широківська сільська рада)	Dnipropetrovska	Kryvorizkyi	48.2984	33.5955
53092	Ранній Ранок (Гейківська сільська рада)	Dnipropetrovska	Kryvorizkyi	48.2984	33.5955
53100	Софіївка (Софіївська сільська рада)	Dnipropetrovska	Sofiivskyi	47.8542	35.4075
53103	Базавлучок (Нововасилівська сільська рада)	Dnipropetrovska	Sofiivskyi	47.8542	35.4075
53104	Братське (Запорізька сільська рада)	Dnipropetrovska	Sofiivskyi	47.8542	35.4075
53105	Вербове (Першотравенська сільська рада)	Dnipropetrovska	Sofiivskyi	47.8542	35.4075
53106	Веселе Поле (Девладівська сільська рада)	Dnipropetrovska	Sofiivskyi	47.8542	35.4075
53107	Петрове (Софіївська сільська рада)	Dnipropetrovska	Sofiivskyi	47.8542	35.4075
53109	Володимирівка (Ордо-Василівська сільська рада)	Dnipropetrovska	Sofiivskyi	47.8542	35.4075
53110	Ордо-Василівка (Ордоваслівська сільська рада)	Dnipropetrovska	Sofiivskyi	47.8542	35.4075
53111	Мар'ївка (Жовтнева сільська рада)	Dnipropetrovska	Sofiivskyi	47.8542	35.4075
53112	Сергіївка (Ордоваслівська сільська рада)	Dnipropetrovska	Sofiivskyi	47.8542	35.4075
53113	Гончарове (Девладівська сільська рада)	Dnipropetrovska	Sofiivskyi	47.8542	35.4075
53114	Грушки (Девладівська сільська рада)	Dnipropetrovska	Sofiivskyi	47.8542	35.4075
53115	Довгівка (Марє-Дмитрівська сільська рада)	Dnipropetrovska	Sofiivskyi	47.8542	35.4075
53116	Зав'ялівка (Ордоваслівська сільська рада)	Dnipropetrovska	Sofiivskyi	47.8542	35.4075
53117	Мотина Балка (Ордоваслівська сільська рада)	Dnipropetrovska	Sofiivskyi	47.8542	35.4075
53118	Зелене (Миколаївська сільська рада)	Dnipropetrovska	Sofiivskyi	47.8542	35.4075
53119	Зелений Гай (Девладівська сільська рада)	Dnipropetrovska	Sofiivskyi	47.8542	35.4075
53120	Перше Травня (Першотравенська сільська рада)	Dnipropetrovska	Sofiivskyi	47.8542	35.4075
53121	Макорти (Першотравенська сільська рада)	Dnipropetrovska	Sofiivskyi	47.8542	35.4075
53122	Андріївка (Першотравенська сільська рада)	Dnipropetrovska	Sofiivskyi	47.8542	35.4075
53123	Криничувате (Першотравенська сільська рада)	Dnipropetrovska	Sofiivskyi	47.8542	35.4075
53124	Катерино -Наталівка (Миколаївська сільська рада)	Dnipropetrovska	Sofiivskyi	47.8542	35.4075
53125	Ковалеве (Марє-Дмитрівська сільська рада)	Dnipropetrovska	Sofiivskyi	47.8542	35.4075
53126	Кодак (Ордоваслівська сільська рада)	Dnipropetrovska	Sofiivskyi	47.8542	35.4075
53127	Кринички (Марє-Дмитрівська сільська рада)	Dnipropetrovska	Sofiivskyi	47.8542	35.4075
53128	Явдохівка (Жовтнева сільська рада)	Dnipropetrovska	Sofiivskyi	47.8542	35.4075
53129	Дачне (Жовтнева сільська рада)	Dnipropetrovska	Sofiivskyi	47.8542	35.4075
53130	Водяне (Девладівська сільська рада)	Dnipropetrovska	Sofiivskyi	47.8542	35.4075
53131	Червоний Яр (Марє-Дмитрівська сільська рада)	Dnipropetrovska	Sofiivskyi	47.8542	35.4075
53132	Девладове (Девладівська сільська рада)	Dnipropetrovska	Sofiivskyi	47.8542	35.4075
53133	Любе (Першотравенська сільська рада)	Dnipropetrovska	Sofiivskyi	47.8542	35.4075
53134	Нові Ковна (Нововасилівська сільська рада)	Dnipropetrovska	Sofiivskyi	47.8542	35.4075
53135	Ізлучисте (Камянська сільська рада)	Dnipropetrovska	Sofiivskyi	47.8542	35.4075
53136	Мар'є - Дмитрівка (Марє-Дмитрівська сільська рада)	Dnipropetrovska	Sofiivskyi	47.8542	35.4075
53137	Мар'є -Костянтинівка (Ордоваслівська сільська рада)	Dnipropetrovska	Sofiivskyi	47.8542	35.4075
53138	Катеринівка (Миколаївська сільська рада)	Dnipropetrovska	Sofiivskyi	47.8542	35.4075
53139	Михайлівка (Софіївська сільська рада)	Dnipropetrovska	Sofiivskyi	47.8542	35.4075
53140	Запорізьке (Запорізька сільська рада)	Dnipropetrovska	Sofiivskyi	47.8542	35.4075
53141	Любимівка (Софіївська сільська рада)	Dnipropetrovska	Sofiivskyi	47.8542	35.4075
53142	Непереможене (Миколаївська сільська рада)	Dnipropetrovska	Sofiivskyi	47.8542	35.4075
53143	Нова Зоря (Першотравенська сільська рада)	Dnipropetrovska	Sofiivskyi	47.8542	35.4075
53145	Райполе (Ордоваслівська сільська рада)	Dnipropetrovska	Sofiivskyi	47.8542	35.4075
53146	Нововітебск (Нововасилівська сільська рада)	Dnipropetrovska	Sofiivskyi	47.8542	35.4075
53147	Новомихайлівка (Ордоваслівська сільська рада)	Dnipropetrovska	Sofiivskyi	47.8542	35.4075
53149	Новопетрівка (Новоюлівська сільська рада)	Dnipropetrovska	Sofiivskyi	47.8542	35.4075
53150	Новоюлівка (Новоюлівська сільська рада)	Dnipropetrovska	Sofiivskyi	47.8542	35.4075
53151	Авдотівка (Новоюлівська сільська рада)	Dnipropetrovska	Sofiivskyi	47.8542	35.4075
53152	Новохортиця (Камянська сільська рада)	Dnipropetrovska	Sofiivskyi	47.8542	35.4075
53153	Новоподільське (Нововасилівська сільська рада)	Dnipropetrovska	Sofiivskyi	47.8542	35.4075
53154	Одрубок (Нововасилівська сільська рада)	Dnipropetrovska	Sofiivskyi	47.8542	35.4075
53155	Олександрівка (Першотравенська сільська рада)	Dnipropetrovska	Sofiivskyi	47.8542	35.4075
53156	Новоолексіївка (Жовтнева сільська рада)	Dnipropetrovska	Sofiivskyi	47.8542	35.4075
53157	Петрівка (Миколаївська сільська рада)	Dnipropetrovska	Sofiivskyi	47.8542	35.4075
53159	Павлівка (Жовтнева сільська рада)	Dnipropetrovska	Sofiivskyi	47.8542	35.4075
53160	Кам'янка (Камянська сільська рада)	Dnipropetrovska	Sofiivskyi	47.8542	35.4075
53161	Вишневе (Камянська сільська рада)	Dnipropetrovska	Sofiivskyi	47.8542	35.4075
53162	Олексіївка (Жовтнева сільська рада)	Dnipropetrovska	Sofiivskyi	47.8542	35.4075
53164	Потоцьке (Першотравенська сільська рада)	Dnipropetrovska	Sofiivskyi	47.8542	35.4075
53165	Петропавлівка (Жовтнева сільська рада)	Dnipropetrovska	Sofiivskyi	47.8542	35.4075
53166	Широке (Софіївської селищної ради)	Dnipropetrovska	Sofiivskyi	47.8542	35.4075
53167	Садове (Жовтнева сільська рада)	Dnipropetrovska	Sofiivskyi	47.8542	35.4075
53169	Спокойствіє (Софіївська сільська рада)	Dnipropetrovska	Sofiivskyi	47.8542	35.4075
53170	Нововасилівка (Нововасилівська сільська рада)	Dnipropetrovska	Sofiivskyi	47.8542	35.4075
53171	Жовте (Нововасилівська сільська рада)	Dnipropetrovska	Sofiivskyi	47.8542	35.4075
53172	Вакулове (Жовтнева сільська рада)	Dnipropetrovska	Sofiivskyi	47.8542	35.4075
53173	Мар'ївка Друга (Ордоваслівська сільська рада)	Dnipropetrovska	Sofiivskyi	47.8542	35.4075
53174	Степове (Новоюлівська сільська рада)	Dnipropetrovska	Sofiivskyi	47.8542	35.4075
53175	Тарасівка (Софіївська сільська рада)	Dnipropetrovska	Sofiivskyi	47.8542	35.4075
53176	Тернуватка (Нововасилівська сільська рада)	Dnipropetrovska	Sofiivskyi	47.8542	35.4075
53177	Трудолюбівка (Новоюлівська сільська рада)	Dnipropetrovska	Sofiivskyi	47.8542	35.4075
53178	Українка (Жовтнева сільська рада)	Dnipropetrovska	Sofiivskyi	47.8542	35.4075
53179	Червоне Поле (Марє-Дмитрівська сільська рада)	Dnipropetrovska	Sofiivskyi	47.8542	35.4075
53180	Миколаївка (Миколаївська сільська рада)	Dnipropetrovska	Sofiivskyi	47.8542	35.4075
53181	Олександро-Білівка (Миколаївська сільська рада)	Dnipropetrovska	Sofiivskyi	47.8542	35.4075
53182	Володимирівка (Миколаївська сільська рада)	Dnipropetrovska	Sofiivskyi	47.8542	35.4075
53183	Лошкарівка (Миколаївська сільська рада)	Dnipropetrovska	Sofiivskyi	47.8542	35.4075
53185	Вільне Життя (Миколаївська сільська рада)	Dnipropetrovska	Sofiivskyi	47.8542	35.4075
53186	Ганно- Миколаївка (Першотравенська сільська рада)	Dnipropetrovska	Sofiivskyi	47.8542	35.4075
53187	Калашники (Жовтнева сільська рада)	Dnipropetrovska	Sofiivskyi	47.8542	35.4075
53188	Назарівка (Миколаївська сільська рада)	Dnipropetrovska	Sofiivskyi	47.8542	35.4075
53190	Южне (Першотравенська сільська рада)	Dnipropetrovska	Sofiivskyi	47.8542	35.4075
53200	Нікополь	Dnipropetrovska	Nikopolskyi	47.5712	34.3964
53201	Нікополь	Dnipropetrovska	Nikopolskyi	47.5712	34.3964
53204	Нікополь	Dnipropetrovska	Nikopolskyi	47.5712	34.3964
53207	Нікополь	Dnipropetrovska	Nikopolskyi	47.5712	34.3964
53208	Нікополь	Dnipropetrovska	Nikopolskyi	47.5712	34.3964
53210	Нікополь	Dnipropetrovska	Nikopolskyi	47.5712	34.3964
53211	Нікополь	Dnipropetrovska	Nikopolskyi	47.5712	34.3964
53213	Нікополь	Dnipropetrovska	Nikopolskyi	47.5712	34.3964
53219	Нікополь	Dnipropetrovska	Nikopolskyi	47.5712	34.3964
53220	Нікополь	Dnipropetrovska	Nikopolskyi	47.5712	34.3964
53221	Нікополь	Dnipropetrovska	Nikopolskyi	47.5712	34.3964
53222	Нікополь	Dnipropetrovska	Nikopolskyi	47.5712	34.3964
53223	Приют (Павлопільська сідьська рада)	Dnipropetrovska	Nikopolskyi	47.6299	34.3492
53224	Путилівка	Dnipropetrovska	Nikopolskyi	47.8062	34.2078
53225	Сорочине (Лошкарівська сільська рада)	Dnipropetrovska	Nikopolskyi	47.6299	34.3492
53226	Старозаводське (Менжинська сільська рада)	Dnipropetrovska	Nikopolskyi	47.6299	34.3492
53227	Східне (Першотравенська сільська рада)	Dnipropetrovska	Nikopolskyi	47.6299	34.3492
53228	Таврійське (Кировська сільська рада)	Dnipropetrovska	Nikopolskyi	47.6299	34.3492
53229	Томаківське (Криничуватська сільська рада)	Dnipropetrovska	Nikopolskyi	47.6299	34.3492
53230	Ульянівка (Шолоховська сільська рада)	Dnipropetrovska	Nikopolskyi	47.6676	34.3488
53231	Підгірне (Кировська сільська рада)	Dnipropetrovska	Nikopolskyi	47.6676	34.3488
53232	Христофорівка (Лошкарівська сільська рада)	Dnipropetrovska	Nikopolskyi	47.6676	34.3488
53233	Шахтар (Покровська сільська рада)	Dnipropetrovska	Nikopolskyi	47.6676	34.3488
53240	Лошкарівка (Лошкарівська сільська рада)	Dnipropetrovska	Nikopolskyi	47.8951	34.2347
53241	Головкове (Криничіватська сільська рада)	Dnipropetrovska	Nikopolskyi	47.8951	34.2347
53242	Шевченкове	Dnipropetrovska	Nikopolskyi	47.8833	34.15
53243	Олександропіль (Шевченківська сільська рада)	Dnipropetrovska	Nikopolskyi	47.8951	34.2347
53244	Криничувате	Dnipropetrovska	Nikopolskyi	47.9069	34.3195
53245	Веселе (Криничуватська сільська рада)	Dnipropetrovska	Nikopolskyi	47.8951	34.2347
53246	Лукіївка (Криничуватська сільська рада)	Dnipropetrovska	Nikopolskyi	47.8951	34.2347
53247	Високопіль (Кирівська сільська рада)	Dnipropetrovska	Nikopolskyi	47.8951	34.2347
53248	Водяне (Павлопільська селищна рада)	Dnipropetrovska	Nikopolskyi	47.8951	34.2347
53249	Голубівка (Криничеватська сільська рада)	Dnipropetrovska	Nikopolskyi	47.8951	34.2347
53250	Павлопілля (Павлопільська сільська рада)	Dnipropetrovska	Nikopolskyi	47.6676	34.3488
53251	Шишкине (Павлопільська сільська рада)	Dnipropetrovska	Nikopolskyi	47.6676	34.3488
53252	Новософіївка (Новософіївська сільська рада)	Dnipropetrovska	Nikopolskyi	47.6676	34.3488
53253	Чистопіль (Кіровська сільська рада)	Dnipropetrovska	Nikopolskyi	47.6676	34.3488
53254	Шолохове (Шолохівська сільська рада)	Dnipropetrovska	Nikopolskyi	47.6676	34.3488
53255	Миронівка (Шолохівська сільська рада)	Dnipropetrovska	Nikopolskyi	47.6676	34.3488
53256	Довгівка (Криничуватська сільська рада)	Dnipropetrovska	Nikopolskyi	47.6676	34.3488
53257	Високе (Новоіванівська сільська рада)	Dnipropetrovska	Nikopolskyi	47.6676	34.3488
53258	Західне (Першотравенська сільська рада)	Dnipropetrovska	Nikopolskyi	47.6676	34.3488
53259	Звізда (Павлопільська сільська рада)	Dnipropetrovska	Nikopolskyi	47.6676	34.3488
53260	Новоіванівка (Новоіванівська сільська рада)	Dnipropetrovska	Nikopolskyi	47.9282	34.264
53261	Дмитрівка (Дмитрівська сільська рада)	Dnipropetrovska	Nikopolskyi	47.9282	34.264
53262	Привільне (Дмитрівська сільська рада)	Dnipropetrovska	Nikopolskyi	47.9282	34.264
53263	Борисівка (Дмитрівська сільська рада)	Dnipropetrovska	Nikopolskyi	47.9282	34.264
53264	Першотравневе (Першотравневська сільська рада)	Dnipropetrovska	Nikopolskyi	47.9282	34.264
53265	Південне (Південна сільська рада)	Dnipropetrovska	Nikopolskyi	47.9282	34.264
53266	Зелене	Dnipropetrovska	Nikopolskyi	47.9282	34.264
53267	Змагання (Криничуватська сільська рада)	Dnipropetrovska	Nikopolskyi	47.9282	34.264
53268	Іванівка (Павлопільська сільська рада)	Dnipropetrovska	Nikopolskyi	47.9282	34.264
53269	Хмельницьке (Новософіївська сільська рада)	Dnipropetrovska	Nikopolskyi	47.9282	34.264
53270	Приміське (Менжинська сільська рада)	Dnipropetrovska	Nikopolskyi	47.6967	34.3221
53271	Чкалове	Dnipropetrovska	Nikopolskyi	47.6967	34.3221
53272	Олексіївка (Менжинська сільська рада)	Dnipropetrovska	Nikopolskyi	47.6967	34.3221
53273	Покровське (Покровська селищна рада)	Dnipropetrovska	Nikopolskyi	47.6967	34.3221
53274	Набережне (Покровська сільська рада)	Dnipropetrovska	Nikopolskyi	47.6967	34.3221
53275	Капулівка (Покровська селищна рада)	Dnipropetrovska	Nikopolskyi	47.6967	34.3221
53276	Красне (Покровська сільська рада)	Dnipropetrovska	Nikopolskyi	47.6967	34.3221
53277	Крутий Беріг (Шевченківська сільська рада)	Dnipropetrovska	Nikopolskyi	47.6967	34.3221
53278	Лебединське (Криничуватська сільська рада)	Dnipropetrovska	Nikopolskyi	47.6967	34.3221
53279	Максимівка (Шевченківська сільська рада)	Dnipropetrovska	Nikopolskyi	47.6967	34.3221
53280	Придніпровське (Придніпровська сільська рада)	Dnipropetrovska	Nikopolskyi	47.6676	34.3488
53281	Степове (Новософіївська сільська рада)	Dnipropetrovska	Nikopolskyi	47.6676	34.3488
53282	Кам'янське (Придніпровька сільська рада)	Dnipropetrovska	Nikopolskyi	47.6676	34.3488
53283	Червоногригорівка (Червоногригорівська селищна рада)	Dnipropetrovska	Nikopolskyi	47.6676	34.3488
53284	Катеринівка (Покровська сільська рада)	Dnipropetrovska	Nikopolskyi	47.6676	34.3488
53285	Дружба (Криничуватська сільська рада)	Dnipropetrovska	Nikopolskyi	47.6676	34.3488
53286	Маринопіль (Шевченківська сільська рада)	Dnipropetrovska	Nikopolskyi	47.6676	34.3488
53287	Мусіївка (Придніпровська сільська  рада)	Dnipropetrovska	Nikopolskyi	47.6676	34.3488
53288	Межуївка (Лошкарівська сільська рада)	Dnipropetrovska	Nikopolskyi	47.6676	34.3488
53289	Мендєлєївка (Криничуватська сільська рада)	Dnipropetrovska	Nikopolskyi	47.6676	34.3488
53290	Мар'ївка (Кирівська  сільська рада)	Dnipropetrovska	Nikopolskyi	47.942	34.259
53291	Бекетівка (Кіровська сільська рада)	Dnipropetrovska	Nikopolskyi	47.942	34.259
53292	Нова - Балта	Dnipropetrovska	Nikopolskyi	47.942	34.259
53293	Новоселівка (Новоіванівська сільська рада)	Dnipropetrovska	Nikopolskyi	47.942	34.259
53294	Олександрівка (Кировська сільська рада)	Dnipropetrovska	Nikopolskyi	47.942	34.259
53297	Охотниче (Криничуватська сільська рада)	Dnipropetrovska	Nikopolskyi	47.942	34.259
53298	Пахар (Криничуватська сільська рада)	Dnipropetrovska	Nikopolskyi	47.942	34.259
53301	Покров	Dnipropetrovska	Pokrov	47.8542	35.4075
53303	Покров	Dnipropetrovska	Pokrov	47.8542	35.4075
53304	Покров	Dnipropetrovska	Pokrov	47.8542	35.4075
53391	Гірницьке	Dnipropetrovska	Pokrov	47.8542	35.4075
53393	Чертомлик	Dnipropetrovska	Pokrov	47.8542	35.4075
53400	Марганець	Dnipropetrovska	Marhanets	47.6354	34.6277
53401	Марганець	Dnipropetrovska	Marhanets	47.6354	34.6277
53403	Марганець	Dnipropetrovska	Marhanets	47.6354	34.6277
53406	Марганець	Dnipropetrovska	Marhanets	47.6354	34.6277
53407	Марганець	Dnipropetrovska	Marhanets	47.6354	34.6277
53408	Марганець	Dnipropetrovska	Marhanets	47.6354	34.6277
53479	Максимівка	Dnipropetrovska	Marhanets	47.6895	34.6339
53492	Мар'ївка	Dnipropetrovska	Marhanets	47.6444	34.6287
53500	Томаківка (Томаківська селищна рада)	Dnipropetrovska	Tomakivskyi	47.8018	34.7902
53503	Новокраснопіль	Dnipropetrovska	Tomakivskyi	47.9985	34.8552
53505	Сергіївка	Dnipropetrovska	Tomakivskyi	47.8405	34.5919
53506	Семенівка	Dnipropetrovska	Tomakivskyi	47.8053	34.6856
53507	Вільне	Dnipropetrovska	Tomakivskyi	47.6365	34.8139
53508	Ганнівка	Dnipropetrovska	Tomakivskyi	47.726	34.9411
53509	Гарбузівка	Dnipropetrovska	Tomakivskyi	47.8038	34.8535
53510	Чумаки (Чумаківська сільська рада)	Dnipropetrovska	Tomakivskyi	47.7944	34.8009
53511	Крутеньке (Чумаківська сільська рада)	Dnipropetrovska	Tomakivskyi	47.7944	34.8009
53512	Китайгородка	Dnipropetrovska	Tomakivskyi	47.9118	34.5713
53513	Грушеве	Dnipropetrovska	Tomakivskyi	47.7364	34.8877
53514	Чайки	Dnipropetrovska	Tomakivskyi	47.8507	34.8682
53515	Жмерине	Dnipropetrovska	Tomakivskyi	47.7216	34.9062
53516	Запорізька Балка	Dnipropetrovska	Tomakivskyi	47.7416	34.9476
53517	Запорізьке	Dnipropetrovska	Tomakivskyi	47.7346	34.8482
53518	Катьощине	Dnipropetrovska	Tomakivskyi	47.7899	34.7855
53519	Зелений Клин	Dnipropetrovska	Tomakivskyi	47.8686	34.5926
53520	Преображенка (Преображенська сільська рада)	Dnipropetrovska	Tomakivskyi	47.7884	34.8057
53521	Зелений Гай	Dnipropetrovska	Tomakivskyi	47.9534	34.8492
53522	Новокам'янка	Dnipropetrovska	Tomakivskyi	47.7884	34.8057
53523	Краснопіль	Dnipropetrovska	Tomakivskyi	47.9897	34.8325
53524	Маяк	Dnipropetrovska	Tomakivskyi	47.7008	34.6593
53525	Миролюбівка	Dnipropetrovska	Tomakivskyi	47.7427	34.9104
53526	Новокатьощине	Dnipropetrovska	Tomakivskyi	47.8461	34.8884
53527	Глухе	Dnipropetrovska	Tomakivskyi	47.6774	34.798
53528	Новий Мир	Dnipropetrovska	Tomakivskyi	47.7176	34.7944
53529	Прогрес	Dnipropetrovska	Tomakivskyi	47.6792	34.7135
53530	Кисличеватое (Кисличуватська сільська рада)	Dnipropetrovska	Tomakivskyi	47.7839	34.8064
53531	Михайлівка	Dnipropetrovska	Tomakivskyi	47.8525	34.8071
53534	Новомиколаївка	Dnipropetrovska	Tomakivskyi	47.7691	34.8823
53535	Новомихайлівка	Dnipropetrovska	Tomakivskyi	47.7493	34.9314
53536	Новопавлівка	Dnipropetrovska	Tomakivskyi	47.6814	34.9258
53537	Новоукраїнка	Dnipropetrovska	Tomakivskyi	47.7521	34.8087
53538	Олександрівка	Dnipropetrovska	Tomakivskyi	47.8653	34.6359
53539	Петрівка	Dnipropetrovska	Tomakivskyi	47.8172	34.6533
53540	Мирове (Мировська сільська рада)	Dnipropetrovska	Tomakivskyi	47.8031	34.8104
53541	Настасівка (Мировська сільська рада)	Dnipropetrovska	Tomakivskyi	47.8031	34.8104
53542	Зоря (Зорянська сільська рада)	Dnipropetrovska	Tomakivskyi	47.8031	34.8104
53544	Садове	Dnipropetrovska	Tomakivskyi	47.7274	34.8716
53545	Весела Федорівка	Dnipropetrovska	Tomakivskyi	47.7304	34.6806
53546	Баркове	Dnipropetrovska	Tomakivskyi	47.9385	34.7302
53547	Степанівка	Dnipropetrovska	Tomakivskyi	47.7782	34.8455
53548	Стрюківка	Dnipropetrovska	Tomakivskyi	47.6677	34.8883
53549	Тарасівка	Dnipropetrovska	Tomakivskyi	47.9765	34.8463
53550	Високе (Володимирівська сільська рада)	Dnipropetrovska	Tomakivskyi	47.8987	34.7859
53551	Урожайне	Dnipropetrovska	Tomakivskyi	47.7872	34.8713
53552	Виводове (Виводівська сільська рада)	Dnipropetrovska	Tomakivskyi	47.8987	34.7859
53553	Долинське	Dnipropetrovska	Tomakivskyi	47.8987	34.7859
53554	Червоний Яр	Dnipropetrovska	Tomakivskyi	48.0102	34.7006
53555	Веселий Яр	Dnipropetrovska	Tomakivskyi	47.8987	34.7859
53560	Новокиївка (Новокиївська сільська рада)	Dnipropetrovska	Tomakivskyi	47.593	34.6998
53561	Іллінка (Новокиївська сільська рада)	Dnipropetrovska	Tomakivskyi	47.593	34.6998
53562	Добра Надія	Dnipropetrovska	Tomakivskyi	47.593	34.6998
53563	Вищетарасівка (Вишетарасівська сільська рада)	Dnipropetrovska	Tomakivskyi	47.593	34.6998
53571	Топила	Dnipropetrovska	Tomakivskyi	47.7691	34.7226
53600	Покровське	Dnipropetrovska	Pokrovskyi	47.9785	36.2256
53601	Богодарівка	Dnipropetrovska	Pokrovskyi	47.9517	36.2118
53602	Новогеоргіївка	Dnipropetrovska	Pokrovskyi	47.869	36.5699
53603	Вербове	Dnipropetrovska	Pokrovskyi	47.8772	36.3839
53604	Відрадне	Dnipropetrovska	Pokrovskyi	47.9061	36.2482
53605	Романки	Dnipropetrovska	Pokrovskyi	48.064	36.152
53606	Водяне	Dnipropetrovska	Pokrovskyi	48.0666	36.2423
53607	Катеринівка	Dnipropetrovska	Pokrovskyi	48.0128	36.1291
53608	Вільне	Dnipropetrovska	Pokrovskyi	47.9232	36.138
53609	Вовче	Dnipropetrovska	Pokrovskyi	47.9423	36.3893
53610	Просяна	Dnipropetrovska	Pokrovskyi	48.1133	36.3712
53611	Вороне	Dnipropetrovska	Pokrovskyi	47.9283	36.5452
53612	Маломихайлівка	Dnipropetrovska	Pokrovskyi	48.0864	36.4155
53613	Гай	Dnipropetrovska	Pokrovskyi	47.9187	36.2881
53614	Гаврилівка	Dnipropetrovska	Pokrovskyi	48.0735	36.5241
53615	Підгаврилівка	Dnipropetrovska	Pokrovskyi	48.0525	36.5301
53616	Герасимівка	Dnipropetrovska	Pokrovskyi	48.0324	36.323
53617	Діброва	Dnipropetrovska	Pokrovskyi	48.0462	36.4521
53618	Єгорівка	Dnipropetrovska	Pokrovskyi	47.8686	36.2808
53619	Запорізьке	Dnipropetrovska	Pokrovskyi	48.2039	35.4998
53620	Орли	Dnipropetrovska	Pokrovskyi	48.0324	36.3857
53621	Великомихайлівка	Dnipropetrovska	Pokrovskyi	47.967	36.4717
53622	Зарічне	Dnipropetrovska	Pokrovskyi	48.0469	36.1044
53623	Новоселівка	Dnipropetrovska	Pokrovskyi	47.9568	36.5332
53623	Маліївка	Dnipropetrovska	Pokrovskyi	47.9232	36.6258
53623	Январське	Dnipropetrovska	Pokrovskyi	47.9457	36.5876
53624	Березове	Dnipropetrovska	Pokrovskyi	47.8746	36.4956
53625	Тернове	Dnipropetrovska	Pokrovskyi	48.4595	35.7295
53626	Киричкове	Dnipropetrovska	Pokrovskyi	48.0621	36.3653
53627	Кирпичне	Dnipropetrovska	Pokrovskyi	47.8702	36.306
53628	Дрозди	Dnipropetrovska	Pokrovskyi	48.0051	36.165
53629	Христофорівка	Dnipropetrovska	Pokrovskyi	47.9177	34.2098
53630	Олександрівка	Dnipropetrovska	Pokrovskyi	47.9668	36.2363
53631	Коломійці	Dnipropetrovska	Pokrovskyi	47.9655	36.345
53632	Калинівське	Dnipropetrovska	Pokrovskyi	47.9228	36.1727
53633	Данилівка	Dnipropetrovska	Pokrovskyi	47.8771	36.2393
53634	Лісне	Dnipropetrovska	Pokrovskyi	47.9919	36.5359
53635	Малинівка	Dnipropetrovska	Pokrovskyi	48.0055	36.371
53636	Маліївка	Dnipropetrovska	Pokrovskyi	47.9232	36.6258
53637	Маяк	Dnipropetrovska	Pokrovskyi	47.7008	34.6593
53638	Мечетне	Dnipropetrovska	Pokrovskyi	48.0243	36.3419
53639	Нечаївка	Dnipropetrovska	Pokrovskyi	47.85	36.2
53640	Андріївка	Dnipropetrovska	Pokrovskyi	47.8833	36.1833
53641	Братське	Dnipropetrovska	Pokrovskyi	47.9	36.1667
53642	Вишневе	Dnipropetrovska	Pokrovskyi	47.8786	36.3207
53643	Новомиколаївка	Dnipropetrovska	Pokrovskyi	47.8481	36.491
53644	Новоолександрівка	Dnipropetrovska	Pokrovskyi	47.9154	36.3281
53645	Зелена Долина	Dnipropetrovska	Pokrovskyi	47.9501	36.101
53646	Новоскелювате	Dnipropetrovska	Pokrovskyi	47.9388	36.1957
53647	Кривобокове	Dnipropetrovska	Pokrovskyi	48.0522	36.3746
53648	Олексіївка	Dnipropetrovska	Pokrovskyi	47.9199	36.3951
53649	Орестопіль	Dnipropetrovska	Pokrovskyi	47.9566	36.4647
53650	Остапівське	Dnipropetrovska	Pokrovskyi	47.8833	36.2
53651	Левадне (Покровської селищної ради)	Dnipropetrovska	Pokrovskyi	47.9366	36.2423
53652	Першотравневе	Dnipropetrovska	Pokrovskyi	47.8295	36.325
53653	Петриків	Dnipropetrovska	Pokrovskyi	48.0985	36.2403
53654	Писанці	Dnipropetrovska	Pokrovskyi	47.9512	36.1834
53655	Гапоно - Мечетне	Dnipropetrovska	Pokrovskyi	48.0193	36.3129
53656	Піщане	Dnipropetrovska	Pokrovskyi	47.8657	36.1776
53657	Привілля	Dnipropetrovska	Pokrovskyi	47.8561	36.3134
53658	Радісне	Dnipropetrovska	Pokrovskyi	47.8333	36.2
53659	Скотувате	Dnipropetrovska	Pokrovskyi	48.0921	36.2279
53660	Солоне	Dnipropetrovska	Pokrovskyi	48.0375	36.3229
53661	Соснівка	Dnipropetrovska	Pokrovskyi	47.9295	36.5017
53662	Старокасянівське	Dnipropetrovska	Pokrovskyi	47.9645	36.131
53663	Степове	Dnipropetrovska	Pokrovskyi	47.8884	36.4543
53664	Тихе	Dnipropetrovska	Pokrovskyi	47.9672	36.3711
53665	Хороше	Dnipropetrovska	Pokrovskyi	47.9345	36.5225
53666	Отрішки	Dnipropetrovska	Pokrovskyi	48.084	36.2865
53667	Добропасове	Dnipropetrovska	Pokrovskyi	47.9887	36.342
53668	Чорненкове	Dnipropetrovska	Pokrovskyi	47.974	36.1627
53669	Яблунівка	Dnipropetrovska	Pokrovskyi	48.119	36.3249
53670	Январське	Dnipropetrovska	Pokrovskyi	47.9457	36.5876
53700	Широке (Широківська сільська рада)	Dnipropetrovska	Shyrokivskyi	47.8542	35.4075
53701	Весела Дача (Чапаєвська сільська рада)	Dnipropetrovska	Shyrokivskyi	47.8542	35.4075
53702	Веселий Став (Андріївська сільська рада)	Dnipropetrovska	Shyrokivskyi	47.8542	35.4075
53703	Вишневе (Миколаївська сільська рада)	Dnipropetrovska	Shyrokivskyi	47.8542	35.4075
53704	Ганівка (Шестірнянська сільська рада)	Dnipropetrovska	Shyrokivskyi	47.8542	35.4075
53705	Городуватка (Андріївська сільська рада)	Dnipropetrovska	Shyrokivskyi	47.8542	35.4075
53706	Григорівка (Чапаєвська сільська рада)	Dnipropetrovska	Shyrokivskyi	47.8542	35.4075
53707	Свистунове (Розилюксембургська сільська рада)	Dnipropetrovska	Shyrokivskyi	47.8542	35.4075
53708	Дем'янівка (Новомалинівська сільська рада)	Dnipropetrovska	Shyrokivskyi	47.8542	35.4075
53709	Нове (Зеленобалківська сільська рада)	Dnipropetrovska	Shyrokivskyi	47.8542	35.4075
53710	Зелена Балка (Зеленобалківська сільська рада)	Dnipropetrovska	Shyrokivskyi	47.8542	35.4075
53711	Новоселівка (Новолатівська сільська рада)	Dnipropetrovska	Shyrokivskyi	47.8542	35.4075
53712	Зелений Гай (Миколаївська сільська рада)	Dnipropetrovska	Shyrokivskyi	47.8542	35.4075
53713	Зелений Став (Новомалинівська сільська рада)	Dnipropetrovska	Shyrokivskyi	47.8542	35.4075
53714	Інгулець (Новолатівська сільська рада)	Dnipropetrovska	Shyrokivskyi	47.8542	35.4075
53715	Казанківка (Новомалинівська сільська рада)	Dnipropetrovska	Shyrokivskyi	47.8542	35.4075
53716	Калинівка (Розилюксембургська сільська рада)	Dnipropetrovska	Shyrokivskyi	47.8542	35.4075
53717	Мирне (Новомалинівської сільської ради)	Dnipropetrovska	Shyrokivskyi	47.8542	35.4075
53718	Кошове (Чапаєвська сільська рада)	Dnipropetrovska	Shyrokivskyi	47.8542	35.4075
53719	Кравці (Степова сільська рада)	Dnipropetrovska	Shyrokivskyi	47.8542	35.4075
53720	Червоне (Новомалинівська сільська рада)	Dnipropetrovska	Shyrokivskyi	47.8542	35.4075
53721	Новомалинівка (Новомалинівська сільська рада)	Dnipropetrovska	Shyrokivskyi	47.8542	35.4075
53722	Явдотівка (Новомалинівська сільська рада)	Dnipropetrovska	Shyrokivskyi	47.8542	35.4075
53723	Олександрія (Новомалинівська сільська рада)	Dnipropetrovska	Shyrokivskyi	47.8542	35.4075
53724	Макарівка (Зеленобалківська сільська рада)	Dnipropetrovska	Shyrokivskyi	47.8542	35.4075
53725	Малинівка (Новомалинівська сільська рада)	Dnipropetrovska	Shyrokivskyi	47.8542	35.4075
53726	Спаське (Чапаєвської сільської ради)	Dnipropetrovska	Shyrokivskyi	47.8542	35.4075
53727	Озерне (Степова сільська рада)	Dnipropetrovska	Shyrokivskyi	47.8542	35.4075
53728	Могилівка (Андріївська сільська рада)	Dnipropetrovska	Shyrokivskyi	47.8542	35.4075
53729	Надія (Чапаєвська сільська рада)	Dnipropetrovska	Shyrokivskyi	47.8542	35.4075
53730	Олександрівка (Олександрівська сільська рада)	Dnipropetrovska	Shyrokivskyi	47.8542	35.4075
53731	Миролюбівка (Розилюксембургська сільська рада)	Dnipropetrovska	Shyrokivskyi	47.8542	35.4075
53732	Гречані Поди (Розилюксембургська сільська рада)	Dnipropetrovska	Shyrokivskyi	47.8542	35.4075
53733	Степове (Степова сільська рада)	Dnipropetrovska	Shyrokivskyi	47.8542	35.4075
53734	Водяне (Степова сільська рада)	Dnipropetrovska	Shyrokivskyi	47.8542	35.4075
53735	Нове Життя (Олександрівська сільська рада)	Dnipropetrovska	Shyrokivskyi	47.8542	35.4075
53738	Курганка (Зеленобалківська сільська рада)	Dnipropetrovska	Shyrokivskyi	47.8542	35.4075
53739	Новоукраїнка (Чапаєвська сільська рада)	Dnipropetrovska	Shyrokivskyi	47.8542	35.4075
53740	Миколаївка (Миколаївська сільська рада)	Dnipropetrovska	Shyrokivskyi	47.8542	35.4075
53741	Радевичеве (Андріївська сільська рада)	Dnipropetrovska	Shyrokivskyi	47.8542	35.4075
53742	Карпівка (Миколаївська сільська рада)	Dnipropetrovska	Shyrokivskyi	47.8542	35.4075
53743	Тихий Став (Миколаївська сільська рада)	Dnipropetrovska	Shyrokivskyi	47.8542	35.4075
53744	Подидар (Чапаєвська сільська рада)	Dnipropetrovska	Shyrokivskyi	47.8542	35.4075
53745	Подове (Степова сільська рада)	Dnipropetrovska	Shyrokivskyi	47.8542	35.4075
53746	Пологи (Степова сільська рада)	Dnipropetrovska	Shyrokivskyi	47.8542	35.4075
53747	Полтавка (Новомалинівська сільська рада)	Dnipropetrovska	Shyrokivskyi	47.8542	35.4075
53748	Червоний Під (Розилюксембургська сільська рада)	Dnipropetrovska	Shyrokivskyi	47.8542	35.4075
53749	Розівка (Миколаївська сільська рада)	Dnipropetrovska	Shyrokivskyi	47.8542	35.4075
53750	Запоріжжя (Чапаєвська сільська рада)	Dnipropetrovska	Shyrokivskyi	47.8542	35.4075
53751	Благодатне (Чапаєвська сільська рада)	Dnipropetrovska	Shyrokivskyi	47.8542	35.4075
53752	Дачне (Чапаєвська сільська рада)	Dnipropetrovska	Shyrokivskyi	47.8542	35.4075
53753	Стародобровільське (Новолатівська сільська рада)	Dnipropetrovska	Shyrokivskyi	47.8542	35.4075
53755	Червоний Ранок (Зеленобалківська сільська рада)	Dnipropetrovska	Shyrokivskyi	47.8542	35.4075
53756	Трудолюбівка (Розилюксембургська сільська рада)	Dnipropetrovska	Shyrokivskyi	47.8542	35.4075
53757	Цвіткове (Миколаївська сільська рада)	Dnipropetrovska	Shyrokivskyi	47.8542	35.4075
53759	Плугатар (Новомалинівська сільська рада)	Dnipropetrovska	Shyrokivskyi	47.8542	35.4075
53760	Андріївка (Андріївська сільська рада)	Dnipropetrovska	Shyrokivskyi	47.8542	35.4075
53761	Шестерня (Шестірнянська сільська рада)	Dnipropetrovska	Shyrokivskyi	47.8542	35.4075
53762	Новокурське (Шестірнянська сільська рада)	Dnipropetrovska	Shyrokivskyi	47.8542	35.4075
53763	Шведове (Зеленобалківська сільська рада)	Dnipropetrovska	Shyrokivskyi	47.8542	35.4075
53764	Широка Дача (Миколаївська сільська рада)	Dnipropetrovska	Shyrokivskyi	47.8542	35.4075
53765	Широка Долина (Новомалинівська сільська рада)	Dnipropetrovska	Shyrokivskyi	47.8542	35.4075
53766	Яблунівка (Новомалинівська сільська рада)	Dnipropetrovska	Shyrokivskyi	47.8542	35.4075
53768	Латівка (Новолатівська сільська рада)	Dnipropetrovska	Shyrokivskyi	47.8542	35.4075
53769	Кряжове (Степова сільська рада)	Dnipropetrovska	Shyrokivskyi	47.8542	35.4075
53770	Оленівка (Чапаєвська сільська рада)	Dnipropetrovska	Shyrokivskyi	47.8542	35.4075
53771	Одрадне (Чапаєвська сільська рада)	Dnipropetrovska	Shyrokivskyi	47.8542	35.4075
53772	Новолатівка (Новолатівська сільська рада)	Dnipropetrovska	Shyrokivskyi	47.8542	35.4075
53800	Апостолове	Dnipropetrovska	Apostolivskyi	47.66	33.7137
53801	Новосеменівка (Першотравенська)	Dnipropetrovska	Apostolivskyi	47.642	33.6842
53802	Апостолове	Dnipropetrovska	Apostolivskyi	47.66	33.7137
53803	Катеринівка (Михайлівська селищна рада)	Dnipropetrovska	Apostolivskyi	47.642	33.6842
53804	Тік (Ленінська)	Dnipropetrovska	Apostolivskyi	47.642	33.6842
53805	Українка	Dnipropetrovska	Apostolivskyi	47.606	33.6253
53810	Нива Трудова (Ниво-Трудівська)	Dnipropetrovska	Apostolivskyi	47.652	33.5565
53811	Вільне (Ниво-Трудівська селищна рада)	Dnipropetrovska	Apostolivskyi	47.652	33.5565
53812	Володимирівка	Dnipropetrovska	Apostolivskyi	47.652	33.5565
53813	Сергієвка	Dnipropetrovska	Apostolivskyi	47.652	33.5565
53814	Веселі Чумаки (Ниво-Трудовська селищна рада)	Dnipropetrovska	Apostolivskyi	47.652	33.5565
53815	Єлізаветпілля (Ниво-Трудівська селищна рада)	Dnipropetrovska	Apostolivskyi	47.652	33.5565
53816	Червона Колонка (Кам'янська)	Dnipropetrovska	Apostolivskyi	47.652	33.5565
53817	Мала Костромка (Великокостромська селищна рада)	Dnipropetrovska	Apostolivskyi	47.652	33.5565
53818	Червоний Запорожець (Кам'янська)	Dnipropetrovska	Apostolivskyi	47.652	33.5565
53819	Новомар'ївка (Володимирівська)	Dnipropetrovska	Apostolivskyi	47.652	33.5565
53820	Михайлівка (Михайлівська селищна рада)	Dnipropetrovska	Apostolivskyi	47.6289	33.6519
53821	Широчани (Михайлівська)	Dnipropetrovska	Apostolivskyi	47.6289	33.6519
53822	Михайло-Заводське (Михайлівська)	Dnipropetrovska	Apostolivskyi	47.6289	33.6519
53823	Шевченко (Володимирівська)	Dnipropetrovska	Apostolivskyi	47.6289	33.6519
53824	Новоукраїнське (Ниво-Трудівська)	Dnipropetrovska	Apostolivskyi	47.6289	33.6519
53825	Садове (Ниво-Трудівська)	Dnipropetrovska	Apostolivskyi	47.6289	33.6519
53826	Слов'янка (Кам'янська)	Dnipropetrovska	Apostolivskyi	47.6289	33.6519
53827	Солдатське (Ниво-Трудівська)	Dnipropetrovska	Apostolivskyi	47.6289	33.6519
53828	Тарасо-Григорівка (Кам'янська)	Dnipropetrovska	Apostolivskyi	47.6289	33.6519
53829	Зоряне (Ниво-Трудівська)	Dnipropetrovska	Apostolivskyi	47.6289	33.6519
53830	Кам'янка (Кам'янська селищна рада)	Dnipropetrovska	Apostolivskyi	47.6289	33.6519
53831	Новоіванівка (Кам'янська)	Dnipropetrovska	Apostolivskyi	47.6289	33.6519
53832	Жовте (Кам'янська сільська рада)	Dnipropetrovska	Apostolivskyi	47.6289	33.6519
53840	Перше Травня (Першотравенська)	Dnipropetrovska	Apostolivskyi	47.6289	33.6519
53841	Запорізьке (Першотравенська сільська рада)	Dnipropetrovska	Apostolivskyi	47.6289	33.6519
53842	Мар'янське (Мар'янська сільська рада)	Dnipropetrovska	Apostolivskyi	47.6289	33.6519
53843	Нова Січ (Першотравенська)	Dnipropetrovska	Apostolivskyi	47.6289	33.6519
53850	Грушівка (Ленінська сільська рада)	Dnipropetrovska	Apostolivskyi	47.6289	33.6519
53852	Червоний Тік (Ленінська)	Dnipropetrovska	Apostolivskyi	47.6289	33.6519
53853	Токівське (Ленінська)	Dnipropetrovska	Apostolivskyi	47.6289	33.6519
53854	Усть-Кам'янка (Ленінська)	Dnipropetrovska	Apostolivskyi	47.6289	33.6519
53855	Гранітне (Ленінська сільська рада)	Dnipropetrovska	Apostolivskyi	47.6289	33.6519
53860	Зеленодольськ	Dnipropetrovska	Apostolivskyi	47.5666	33.6505
53861	Велика Костромка (Великокостромська сільська рада)	Dnipropetrovska	Apostolivskyi	47.5666	33.6505
84000	Олександрівка	Donetska	Oleksandrivskyi	48.7084	36.9156
84005	Дмитро-Дар'ївка	Donetska	Oleksandrivskyi	48.7659	36.9603
84006	Федорівка	Donetska	Oleksandrivskyi	48.6509	37.0827
84007	Куроїдівка	Donetska	Oleksandrivskyi	48.6303	37.0602
84008	Новоандріївка	Donetska	Oleksandrivskyi	48.6793	37.0549
84009	Роздолля	Donetska	Oleksandrivskyi	48.6893	37.0086
84010	Новоолександрівка	Donetska	Oleksandrivskyi	48.7678	36.8526
84011	Микільське	Donetska	Oleksandrivskyi	49.5249	39.9571
84012	Петрівка Друга	Donetska	Oleksandrivskyi	48.678	36.78
84013	Софіїно-Лиман	Donetska	Oleksandrivskyi	48.6948	36.9783
84014	Дмитроколине	Donetska	Oleksandrivskyi	48.6873	36.9775
84015	Новостепанівка	Donetska	Oleksandrivskyi	48.8451	35.4334
84016	Варварівка	Donetska	Oleksandrivskyi	48.7733	36.9278
84017	Надеждівка	Donetska	Oleksandrivskyi	48.7353	36.9744
84018	Новоявленка	Donetska	Oleksandrivskyi	48.6384	37.201
84019	Голубівка	Donetska	Oleksandrivskyi	48.6972	37.1293
84020	Високопілля	Donetska	Oleksandrivskyi	48.7708	37.0741
84021	Некременне	Donetska	Oleksandrivskyi	48.8204	37.135
84022	Очеретине	Donetska	Oleksandrivskyi	48.742	37.1214
84023	Золоті Пруди	Donetska	Oleksandrivskyi	48.7315	37.0242
84024	Громова Балка	Donetska	Oleksandrivskyi	48.7147	37.0811
84025	Софіївка	Donetska	Oleksandrivskyi	48.7052	36.8653
84026	Новосамарське	Donetska	Oleksandrivskyi	48.6905	36.9377
84027	Львівка	Donetska	Oleksandrivskyi	48.7615	37.3128
84028	Шаврове	Donetska	Oleksandrivskyi	48.7407	37.194
84029	Новознаменівка	Donetska	Oleksandrivskyi	48.6085	36.8301
84030	Михайлівка	Donetska	Oleksandrivskyi	48.7418	37.2692
84031	Староварварівка	Donetska	Oleksandrivskyi	48.6808	37.2287
84032	Мар'ївка	Donetska	Oleksandrivskyi	48.6283	36.9492
84033	Бузинівка	Donetska	Oleksandrivskyi	48.6334	36.759
84034	Шевченко	Donetska	Oleksandrivskyi	48.6214	36.8671
84035	Новопетрівка	Donetska	Oleksandrivskyi	48.5983	36.858
84036	Катеринівка	Donetska	Oleksandrivskyi	48.5829	36.8951
84037	Новосергіївка	Donetska	Oleksandrivskyi	48.5366	36.9173
84038	Курицине	Donetska	Oleksandrivskyi	48.5632	36.9939
84039	Зелений Брід	Donetska	Oleksandrivskyi	48.6962	36.7546
84040	Беззаботівка	Donetska	Oleksandrivskyi	48.6887	37.0327
84041	Криниці	Donetska	Oleksandrivskyi	48.6587	37.1208
84042	Самарське	Donetska	Oleksandrivskyi	48.6344	37.1067
84043	Степанівка	Donetska	Oleksandrivskyi	48.6124	37.0202
84044	Левадне	Donetska	Oleksandrivskyi	48.6871	36.8203
84045	Пасічне	Donetska	Oleksandrivskyi	48.6988	36.801
84046	Новий Кавказ	Donetska	Oleksandrivskyi	48.7543	36.8608
84047	Єлизоветівка	Donetska	Oleksandrivskyi	48.6964	36.9259
84048	Новобахметьєве	Donetska	Oleksandrivskyi	48.7392	36.8362
84049	Карпівка	Donetska	Oleksandrivskyi	48.7938	36.7344
84050	Іверське	Donetska	Oleksandrivskyi	48.6389	36.9534
84051	Мирна Долина	Donetska	Oleksandrivskyi	48.599	36.8355
84051	Катеринівка	Donetska	Oleksandrivskyi	48.5829	36.8951
84052	Спасько-Михайлівка	Donetska	Oleksandrivskyi	48.579	36.9334
84053	Зелене	Donetska	Oleksandrivskyi	48.4685	36.8464
84054	Новопригоже	Donetska	Oleksandrivskyi	48.7822	36.7718
84055	Самійлівка	Donetska	Oleksandrivskyi	48.5886	36.993
84056	Новопавлівка	Donetska	Oleksandrivskyi	48.5182	37.4177
84057	Новоіверське	Donetska	Oleksandrivskyi	48.6003	36.965
84058	Яковлівка	Donetska	Oleksandrivskyi	48.7035	37.2472
84061	Весела Гора	Donetska	Oleksandrivskyi	48.6214	37.1182
84062	Запаро-Мар'ївка	Donetska	Oleksandrivskyi	48.8007	37.0464
84063	Знаменівка	Donetska	Oleksandrivskyi	48.6657	36.7299
84064	Новополтавка	Donetska	Oleksandrivskyi	48.694	36.8613
84065	Петрівка Перша	Donetska	Oleksandrivskyi	48.7017	36.8992
84066	Шостаківка	Donetska	Oleksandrivskyi	48.6646	36.9229
84100	Слов'янськ	Donetska	Slovianskyi	48.8835	37.5186
84101	Слов'янськ	Donetska	Slovianskyi	48.8835	37.5186
84102	Слов'янськ	Donetska	Slovianskyi	48.8835	37.5186
84105	Слов'янськ	Donetska	Slovianskyi	48.8835	37.5186
84107	Слов'янськ	Donetska	Slovianskyi	48.8835	37.5186
84108	Слов'янськ	Donetska	Slovianskyi	48.8835	37.5186
84109	Слов'янськ	Donetska	Slovianskyi	48.8835	37.5186
84110	Слов'янськ	Donetska	Slovianskyi	48.8835	37.5186
84111	Слов'янськ	Donetska	Slovianskyi	48.8835	37.5186
84115	Слов'янськ	Donetska	Slovianskyi	48.8835	37.5186
84116	Слов'янськ	Donetska	Slovianskyi	48.8835	37.5186
84118	Слов'янськ	Donetska	Slovianskyi	48.8835	37.5186
84121	Слов'янськ	Donetska	Slovianskyi	48.8835	37.5186
84122	Слов'янськ	Donetska	Slovianskyi	48.8835	37.5186
84130	Святогірськ	Donetska	Slovianskyi	48.933	37.4733
84136	Богородичне	Donetska	Slovianskyi	48.933	37.4733
84137	Маяки (Маяківська сільська рада)	Donetska	Slovianskyi	48.933	37.4733
84138	Хрестище	Donetska	Slovianskyi	48.9228	37.4988
84139	Адамівка	Donetska	Slovianskyi	48.9431	37.4479
84140	Долина (Долинська сільська рада)	Donetska	Slovianskyi	48.8818	37.5667
84141	Сидорове	Donetska	Slovianskyi	48.9841	37.6021
84142	Васютинське	Donetska	Slovianskyi	48.7139	37.7269
84143	Іванівка	Donetska	Slovianskyi	48.9192	37.3504
84144	Карпівка	Donetska	Slovianskyi	48.8965	37.6476
84145	Краснопілля (Долинська сільська рада)	Donetska	Slovianskyi	48.8818	37.5667
84146	Мазанівка	Donetska	Slovianskyi	48.9928	37.3544
84148	Глибока Макатиха	Donetska	Slovianskyi	48.8974	37.5493
84149	Никонорівка	Donetska	Slovianskyi	48.7691	37.7363
84150	Райгородок	Donetska	Slovianskyi	48.8985	37.7269
84151	Донецьке	Donetska	Slovianskyi	48.9372	38.0346
84152	Микільське	Donetska	Slovianskyi	49.5249	39.9571
84153	Оріхуватка	Donetska	Slovianskyi	48.8044	37.768
84154	Першомар'ївка	Donetska	Slovianskyi	48.7317	37.6976
84155	Пришиб	Donetska	Slovianskyi	49.023	37.6481
84156	Селезнівка	Donetska	Slovianskyi	48.8609	37.6645
84157	Тихонівка	Donetska	Slovianskyi	48.7173	37.7799
84158	Торець	Donetska	Slovianskyi	48.9372	38.0346
84159	Троїцьке	Donetska	Slovianskyi	48.9372	38.0346
84160	Привілля (Привільська сільська рада)	Donetska	Slovianskyi	49.1637	37.1305
84161	Прелесне	Donetska	Slovianskyi	50.0245	36.4543
84162	Черкаське	Donetska	Slovianskyi	48.8355	37.3865
84167	Новомиколаївка	Donetska	Slovianskyi	48.8879	37.375
84168	Олександрівка (Олександрівська сільська рада)	Donetska	Slovianskyi	49.1637	37.1305
84169	Шнурки	Donetska	Slovianskyi	48.9067	37.3063
84170	Билбасівка	Donetska	Slovianskyi	48.8366	37.5017
84171	Билбасівка	Donetska	Slovianskyi	48.8366	37.5017
84173	Мирне (Мирненська сільська рада)	Donetska	Slovianskyi	48.7813	37.6043
84174	Новоселівка	Donetska	Slovianskyi	48.6756	37.6125
84175	Андріївка (Андріївська селищна рада)	Donetska	Slovianskyi	48.7813	37.6043
84176	Юрківка	Donetska	Slovianskyi	48.7763	37.8013
84180	Миколаївка	Donetska	Slovianskyi	48.8543	37.7751
84182	Миколаївка	Donetska	Slovianskyi	48.8543	37.7751
84183	Пискунівка	Donetska	Slovianskyi	48.8868	37.8352
84184	Стародубівка	Donetska	Slovianskyi	48.889	37.7935
84186	Рай-Олександрівка	Donetska	Slovianskyi	48.8106	37.8518
84187	Малинівка	Donetska	Slovianskyi	48.7374	37.7736
84190	Дмитрівка	Donetska	Slovianskyi	48.754	37.3866
84191	Сергіївка	Donetska	Slovianskyi	48.3125	36.9259
84192	Андріївка (Андріївська сільська рада)	Donetska	Slovianskyi	48.7018	36.6503
84193	Варварівка (Андріївська сільська рада)	Donetska	Slovianskyi	48.7018	36.6503
84194	Новоандріївка	Donetska	Slovianskyi	48.6793	37.0549
84195	Маячка	Donetska	Slovianskyi	49.1146	34.5209
84196	Майдан (Прелесненська сільська рада)	Donetska	Slovianskyi	48.7018	36.6503
84197	Тетянівка (Маяківська сільська рада)	Donetska	Slovianskyi	48.7018	36.6503
84198	Роганське	Donetska	Slovianskyi	48.6486	37.3632
84200	Дружківка	Donetska	Druzhkivka	48.6301	37.5526
84201	Дружківка	Donetska	Druzhkivka	48.6301	37.5526
84202	Дружківка	Donetska	Druzhkivka	48.6301	37.5526
84204	Дружківка	Donetska	Druzhkivka	48.6301	37.5526
84205	Дружківка	Donetska	Druzhkivka	48.6301	37.5526
84206	Дружківка	Donetska	Druzhkivka	48.6301	37.5526
84207	Дружківка	Donetska	Druzhkivka	48.6301	37.5526
84291	Райське	Donetska	Druzhkivka	48.5962	37.6441
84292	Новогригорівка	Donetska	Druzhkivka	48.3655	38.4182
84293	Олексієво-Дружківка	Donetska	Druzhkivka	48.5791	37.6094
84294	Олексієво-Дружківка	Donetska	Druzhkivka	48.5791	37.6094
84296	Старорайське	Donetska	Druzhkivka	48.6084	37.4458
84297	Новомиколаївка	Donetska	Druzhkivka	48.8879	37.375
84298	Дружківське	Donetska	Druzhkivka	48.5962	37.6441
84299	Красний Кут	Donetska	Druzhkivka	48.557	37.4068
84300	Краматорськ	Donetska	Kramatorsk	48.7231	37.5563
84301	Краматорськ	Donetska	Kramatorsk	48.7231	37.5563
84302	Краматорськ	Donetska	Kramatorsk	48.7231	37.5563
84303	Краматорськ	Donetska	Kramatorsk	48.7231	37.5563
84305	Краматорськ	Donetska	Kramatorsk	48.7231	37.5563
84306	Краматорськ	Donetska	Kramatorsk	48.7231	37.5563
84307	Краматорськ	Donetska	Kramatorsk	48.7231	37.5563
84308	Краматорськ	Donetska	Kramatorsk	48.7231	37.5563
84311	Краматорськ	Donetska	Kramatorsk	48.7231	37.5563
84313	Краматорськ	Donetska	Kramatorsk	48.7231	37.5563
84318	Краматорськ	Donetska	Kramatorsk	48.7231	37.5563
84320	Краматорськ	Donetska	Kramatorsk	48.7231	37.5563
84322	Краматорськ	Donetska	Kramatorsk	48.7231	37.5563
84326	Ашуркове	Donetska	Kramatorsk	48.6665	37.6446
84328	Краматорськ	Donetska	Kramatorsk	48.7231	37.5563
84330	Краматорськ	Donetska	Kramatorsk	48.7231	37.5563
84331	Краматорськ	Donetska	Kramatorsk	48.7231	37.5563
84333	Краматорськ	Donetska	Kramatorsk	48.7231	37.5563
84377	Василівська Пустош	Donetska	Kramatorsk	48.7593	37.6973
84378	Комишуваха	Donetska	Kramatorsk	47.8888	36.5906
84379	Привілля	Donetska	Kramatorsk	48.7098	37.383
84380	Олександрівка	Donetska	Kramatorsk	48.7473	37.4533
84391	Ясногірка	Donetska	Kramatorsk	48.7742	37.554
84392	Біленьке	Donetska	Kramatorsk	48.7592	37.6244
84393	Шабельківка	Donetska	Kramatorsk	48.7522	37.4937
84394	Ясна Поляна	Donetska	Kramatorsk	48.7478	37.522
84395	Красноторка	Donetska	Kramatorsk	48.682	37.5327
84396	Малотаранівка	Donetska	Kramatorsk	48.6647	37.5133
84397	Софіївка	Donetska	Kramatorsk	48.7052	36.8653
84398	Семенівка	Donetska	Kramatorsk	48.6657	37.6544
84400	Лиман	Donetska	Lymanskyi	48.4088	36.8628
84401	Лиман	Donetska	Lymanskyi	48.4088	36.8628
84402	Лиман	Donetska	Lymanskyi	48.4088	36.8628
84403	Лиман	Donetska	Lymanskyi	48.4088	36.8628
84404	Лиман	Donetska	Lymanskyi	48.4088	36.8628
84406	Лиман	Donetska	Lymanskyi	48.4088	36.8628
84410	Яцьківка	Donetska	Lymanskyi	49.1555	37.5686
84411	Рубці	Donetska	Lymanskyi	49.1555	37.5686
84412	Лозове	Donetska	Lymanskyi	49.2105	37.595
84413	Коровій Яр	Donetska	Lymanskyi	49.1555	37.5686
84414	Брусівка	Donetska	Lymanskyi	48.9099	37.7815
84415	Вовчий Яр	Donetska	Lymanskyi	49.6088	36.8088
84416	Дерилове	Donetska	Lymanskyi	49.1555	37.5686
84417	Мирне (Тернівська сільська рада)	Donetska	Lymanskyi	49.1555	37.5686
84418	Діброва	Donetska	Lymanskyi	48.916	37.8541
84419	Зелена Долина	Donetska	Lymanskyi	49.132	37.8035
84420	Рідкодуб	Donetska	Lymanskyi	49.184	37.8004
84421	Карпівка	Donetska	Lymanskyi	48.7938	36.7344
84422	Нове	Donetska	Lymanskyi	48.8277	37.2628
84423	Іванівка	Donetska	Lymanskyi	48.4395	37.2285
84424	Озерне (Криволуцька сільська рада)	Donetska	Lymanskyi	48.8277	37.2628
84425	Каленики	Donetska	Lymanskyi	48.843	37.9122
84426	Катеринівка	Donetska	Lymanskyi	48.5829	36.8951
84427	Кримки	Donetska	Lymanskyi	48.8277	37.2628
84428	Липове	Donetska	Lymanskyi	48.7245	38.3016
84429	Новомихайлівка	Donetska	Lymanskyi	49.226	35.967
84430	Шандриголове	Donetska	Lymanskyi	49.2862	35.7951
84431	Новоселівка	Donetska	Lymanskyi	48.5748	35.2419
84432	Ярова	Donetska	Lymanskyi	50.6397	32.4063
84433	Олександрівка	Donetska	Lymanskyi	49.0158	35.8045
84434	Новосадове	Donetska	Lymanskyi	49.1266	37.9695
84435	Середнє	Donetska	Lymanskyi	49.2862	35.7951
84436	Соснове	Donetska	Lymanskyi	49.0742	37.5533
84437	Ямполівка	Donetska	Lymanskyi	49.2862	35.7951
84440	Терни	Donetska	Lymanskyi	48.0171	37.2113
84441	Колодязі	Donetska	Lymanskyi	48.2821	37.3152
84442	Зарічне	Donetska	Lymanskyi	48.2821	37.3152
84444	Торське	Donetska	Lymanskyi	48.5472	37.4191
84450	Дробишеве	Donetska	Lymanskyi	49.0051	37.7742
84452	Ставки	Donetska	Lymanskyi	49.0491	37.8327
84453	Щурове	Donetska	Lymanskyi	48.9611	37.7158
84460	Старий Караван	Donetska	Lymanskyi	48.9201	37.783
84461	Ямпіль	Donetska	Lymanskyi	48.897	37.8431
84463	Закітне	Donetska	Lymanskyi	48.897	37.8431
84464	Крива Лука	Donetska	Lymanskyi	48.8738	37.9033
84500	Андріївка	Donetska	Bahmutskiy	48.5008	37.968
84501	Бахмут	Donetska	Bahmutskiy	48.5956	37.9999
84502	Бахмут	Donetska	Bahmutskiy	48.5956	37.9999
84503	Підгородне (Бахмутська сільська рада)	Donetska	Bahmutskiy	48.5899	37.9918
84504	Берхівка	Donetska	Bahmutskiy	48.645	37.9668
84505	Бахмут	Donetska	Bahmutskiy	48.5956	37.9999
84506	Бахмут	Donetska	Bahmutskiy	48.5956	37.9999
84507	Бахмут	Donetska	Bahmutskiy	48.5956	37.9999
84508	Ягідне (Опитненська сільська рада)	Donetska	Bahmutskiy	48.5899	37.9918
84509	Бахмут	Donetska	Bahmutskiy	48.5956	37.9999
84510	Бахмут	Donetska	Bahmutskiy	48.5956	37.9999
84511	Бахмут	Donetska	Bahmutskiy	48.5956	37.9999
84513	Красна Гора	Donetska	Bahmutskiy	48.6593	38.0162
84514	Платонівка (Дронівська сільська рада)	Donetska	Bahmutskiy	48.6662	38.0528
84515	Івано-Дар'ївка	Donetska	Bahmutskiy	48.8141	38.1951
84516	Григорівка (Серебрянської)	Donetska	Bahmutskiy	48.6662	38.0528
84517	Оріхово-Василівка (Міньківська сільська рада)	Donetska	Bahmutskiy	48.6662	38.0528
84518	Привілля (Міньківська сільська рада)	Donetska	Bahmutskiy	48.6662	38.0528
84519	Федорівка (Васюківська сільська рада)	Donetska	Bahmutskiy	48.6662	38.0528
84520	Серебрянка (Серебрянська сільська рада)	Donetska	Bahmutskiy	48.8363	38.0658
84521	Дронівка	Donetska	Bahmutskiy	48.9195	38.041
84522	Сіверськ	Donetska	Bahmutskiy	48.867	38.1001
84522	Виїмка	Donetska	Bahmutskiy	48.8047	38.1464
84523	Сіверськ	Donetska	Bahmutskiy	48.867	38.1001
84524	Бондарне	Donetska	Bahmutskiy	48.7441	37.9309
84525	Верхньокам'янське	Donetska	Bahmutskiy	48.8363	38.0658
84525	Новоселівка (Верхньокам'янська сільська рада)	Donetska	Bahmutskiy	48.8363	38.0658
84526	Різниківка (Різниківська сільська рада)	Donetska	Bahmutskiy	48.8363	38.0658
84527	Свято-Покровське	Donetska	Bahmutskiy	48.8363	38.0658
84528	Званівка	Donetska	Bahmutskiy	48.8155	38.0761
84529	Переїзне (Званівська сільська рада)	Donetska	Bahmutskiy	48.8363	38.0658
84530	Васюківка	Donetska	Bahmutskiy	48.7409	37.9957
84531	Никифорівка (Никифорівська сільська рада)	Donetska	Bahmutskiy	48.7799	37.6467
84532	Дубово-Василівка	Donetska	Bahmutskiy	48.6481	37.9243
84532	Міньківка (Міньківська сільська рада)	Donetska	Bahmutskiy	48.6797	37.8855
84532	Голубівка	Donetska	Bahmutskiy	48.7114	37.8466
84533	Діброва	Donetska	Bahmutskiy	48.7642	37.8326
84534	Липівка	Donetska	Bahmutskiy	49.1487	36.0458
84535	Федорівка Друга (Никифорівська сільська рада)	Donetska	Bahmutskiy	48.7799	37.6467
84536	Залізнянське	Donetska	Bahmutskiy	48.7021	37.9409
84536	Парасковіївка (Парасковіївська сільська рада)	Donetska	Bahmutskiy	48.7021	37.9409
84537	Хромівка	Donetska	Bahmutskiy	48.7438	37.941
84538	Сакко і Ванцетті (Васюківська сільська рада)	Donetska	Bahmutskiy	48.7799	37.6467
84539	Пазено (Васюківська сільська рада)	Donetska	Bahmutskiy	48.7799	37.6467
84540	Роздолівка (Роздолівська сільська рада)	Donetska	Bahmutskiy	48.6058	37.7596
84541	Берестове	Donetska	Bahmutskiy	48.7549	38.2514
84541	Нагірне	Donetska	Bahmutskiy	47.9752	35.1858
84542	Яковлівка (Яковлівська сільська рада)	Donetska	Bahmutskiy	48.6058	37.7596
84543	Василівка	Donetska	Bahmutskiy	48.7253	38.2599
84544	Білогорівка	Donetska	Bahmutskiy	48.7344	38.2149
84545	Соледар	Donetska	Bahmutskiy	48.6793	38.089
84546	Соледар	Donetska	Bahmutskiy	48.6793	38.089
84547	Соледар	Donetska	Bahmutskiy	48.6793	38.089
84548	Богданівка	Donetska	Bahmutskiy	48.6184	37.8981
84549	Григорівка (Калінінської)	Donetska	Bahmutskiy	48.6058	37.7596
84550	Калинівка	Donetska	Bahmutskiy	48.3523	38.2999
84551	Часів Яр	Donetska	Bahmutskiy	48.5935	37.8572
84552	Часів Яр	Donetska	Bahmutskiy	48.5935	37.8572
84553	Часів Яр	Donetska	Bahmutskiy	48.5935	37.8572
84554	Спірне (Берестівська сільська рада)	Donetska	Bahmutskiy	48.5161	37.6463
84555	Липове	Donetska	Bahmutskiy	48.7245	38.3016
84556	Веселе	Donetska	Bahmutskiy	48.5463	37.2737
84557	Іванівське	Donetska	Bahmutskiy	48.1957	35.7628
84558	Кліщіївка	Donetska	Bahmutskiy	48.53	37.9605
84559	Нова Кам'янка (Покровська сільська рада)	Donetska	Bahmutskiy	48.5161	37.6463
84560	Володимирівка	Donetska	Bahmutskiy	47.7306	37.39
84561	Пилипчатине (Володимирівська сільська рада)	Donetska	Bahmutskiy	47.9821	37.2045
84561	Покровське (Покровська сільська рада)	Donetska	Bahmutskiy	47.9821	37.2045
84562	Клинове	Donetska	Bahmutskiy	48.562	38.1601
84562	Мідна Руда (Клинівська сільська рада)	Donetska	Bahmutskiy	48.562	38.1601
84563	Трипілля (Володимирівська сільська рада)	Donetska	Bahmutskiy	47.9821	37.2045
84564	Відродження	Donetska	Bahmutskiy	47.0806	35.2386
84565	Стряпівка (Володимирівська сільська рада)	Donetska	Bahmutskiy	47.9821	37.2045
84566	Роти (Луганська селищна рада)	Donetska	Bahmutskiy	47.9821	37.2045
84567	Одрадівка (Кодемська сільська рада)	Donetska	Bahmutskiy	47.9821	37.2045
84568	Іванград	Donetska	Bahmutskiy	48.555	38.0294
84569	Весела Долина (Зайцівська сільська рада)	Donetska	Bahmutskiy	47.9821	37.2045
84570	Вершина	Donetska	Bahmutskiy	48.5161	38.1344
84570	Миколаївка Друга	Donetska	Bahmutskiy	48.4721	38.0127
84570	Зайцеве	Donetska	Bahmutskiy	48.5257	38.0715
84571	Опитне (Опитненська сільська рада)	Donetska	Bahmutskiy	48.4721	38.1493
84572	Кодема	Donetska	Bahmutskiy	48.4729	38.0857
84573	Новолуганське (Новолуганська сільська рада)	Donetska	Bahmutskiy	48.4721	38.1493
84574	Доломітне	Donetska	Bahmutskiy	48.416	38.1346
84575	Семигір'я (Новолуганська сільська рада)	Donetska	Bahmutskiy	48.4721	38.1493
84576	Травневе (Новолуганська сільська рада)	Donetska	Bahmutskiy	48.4721	38.1493
84577	Миронівка	Donetska	Bahmutskiy	48.4839	38.2481
84578	Криничне	Donetska	Bahmutskiy	48.512	38.2666
84579	Лозове	Donetska	Bahmutskiy	48.3785	38.2413
84580	Луганське	Donetska	Bahmutskiy	48.372	38.1971
84581	Воздвиженка (Луганська селищна рада)	Donetska	Bahmutskiy	48.372	38.1971
84584	Дача	Donetska	Bahmutskiy	48.4427	38.0422
84585	Розсадки (Луганська селищна рада)	Donetska	Bahmutskiy	48.372	38.1971
84586	Краснополівка	Donetska	Bahmutskiy	48.372	38.1971
84587	Миколаївка (Роздолівська сільська рада)	Donetska	Bahmutskiy	48.372	38.1971
84588	Кузьминівка	Donetska	Bahmutskiy	48.7942	38.0642
84589	Благодатне	Donetska	Bahmutskiy	47.8793	38.4849
84591	Хромове	Donetska	Bahmutskiy	48.5687	38.026
84592	Бахмутське	Donetska	Bahmutskiy	48.6603	38.0959
84593	Зеленопілля	Donetska	Bahmutskiy	48.4772	37.9562
84597	Миколаївка (Кодемська сільська рада)	Donetska	Bahmutskiy	48.5687	38.026
84791	Миронівський (Миронівська селищна рада)	Donetska	Bahmutskiy	48.7079	37.4133
84792	Світлодарськ	Donetska	Bahmutskiy	48.7079	37.4133
85001	Добропілля (Добропільська міська рада)	Donetska	Dobropilskyi	48.4347	37.0626
85003	Добропілля (Добропільська міська рада)	Donetska	Dobropilskyi	48.4347	37.0626
85004	Добропілля (Добропільська міська рада)	Donetska	Dobropilskyi	48.4347	37.0626
85010	Новодонецьке	Donetska	Dobropilskyi	48.1486	35.2608
85013	Білозерське	Donetska	Dobropilskyi	48.8674	35.8308
85017	Нововодяне	Donetska	Dobropilskyi	47.4297	34.6907
85018	Золотий Колодязь	Donetska	Dobropilskyi	48.1486	35.2608
85019	Новотроїцьке	Donetska	Dobropilskyi	48.1486	35.2608
85020	Святогорівка	Donetska	Dobropilskyi	48.4867	37.0388
85022	Ганнівка	Donetska	Dobropilskyi	48.4865	37.1047
85023	Первомайське	Donetska	Dobropilskyi	48.3364	36.998
85024	Веселе Поле	Donetska	Dobropilskyi	48.5382	37.1004
85025	Бокове	Donetska	Dobropilskyi	48.5209	37.0298
85026	Новоукраїнка	Donetska	Dobropilskyi	48.5435	37.0203
85027	Нововікторівка	Donetska	Dobropilskyi	47.936	35.8423
85028	Копані	Donetska	Dobropilskyi	48.5441	37.0397
85029	Вікторівка	Donetska	Dobropilskyi	47.6351	37.8083
85030	Криворіжжя	Donetska	Dobropilskyi	48.4449	36.9197
85031	Новофедорівка	Donetska	Dobropilskyi	48.4333	36.9713
85032	Добропілля (Добропільська сільська рада)	Donetska	Dobropilskyi	48.4721	37.0192
85033	Шилівка	Donetska	Dobropilskyi	48.3778	36.9503
85034	Кучерів Яр	Donetska	Dobropilskyi	48.5088	37.2779
85035	Грузьке	Donetska	Dobropilskyi	48.4721	37.0192
85036	Веселе	Donetska	Dobropilskyi	48.5463	37.2737
85037	Новокриворіжжя	Donetska	Dobropilskyi	48.4886	36.8959
85038	Завидо-Кудашеве	Donetska	Dobropilskyi	48.4639	36.9372
85039	Завидо-Борзенка	Donetska	Dobropilskyi	48.5132	36.9277
85040	Водянське	Donetska	Dobropilskyi	48.3105	37.1857
85042	Зелене	Donetska	Dobropilskyi	48.2146	37.1903
85043	Білицьке	Donetska	Dobropilskyi	48.4064	37.1811
85048	Новомар'ївка	Donetska	Dobropilskyi	48.3105	37.1857
85049	Надія (Криворізька сільська рада)	Donetska	Dobropilskyi	48.3105	37.1857
85050	Шахове	Donetska	Dobropilskyi	49.8028	38.4895
85051	Володимирівка	Donetska	Dobropilskyi	48.4386	37.3485
85052	Новоторецьке	Donetska	Dobropilskyi	48.6559	37.416
85053	Нове Шахове	Donetska	Dobropilskyi	48.6559	37.416
85054	Торецьке	Donetska	Dobropilskyi	48.6559	37.416
85055	Панківка	Donetska	Dobropilskyi	48.4359	37.329
85056	Маяк	Donetska	Dobropilskyi	48.4257	37.319
85057	Ракша	Donetska	Dobropilskyi	48.4746	36.9711
85058	Мирне (Шилівська сільська рада)	Donetska	Dobropilskyi	48.6559	37.416
85059	Василівка	Donetska	Dobropilskyi	48.3575	37.039
85060	Новоолександрівка	Donetska	Dobropilskyi	48.3527	37.0718
85061	Вірівка	Donetska	Dobropilskyi	48.4815	36.9712
85062	Красноярське	Donetska	Dobropilskyi	48.4196	37.1166
85063	Новий Донбас	Donetska	Dobropilskyi	48.4504	37.1796
85064	Світле	Donetska	Dobropilskyi	48.3984	37.1153
85065	Шевченко	Donetska	Dobropilskyi	48.3823	37.1089
85066	Гуліве	Donetska	Dobropilskyi	48.3724	36.9707
85067	Кам'янка	Donetska	Dobropilskyi	48.4011	37.0925
85068	Петрівка (Золотоколодязька сільська рада)	Donetska	Dobropilskyi	48.4011	37.0925
85069	Лиман	Donetska	Dobropilskyi	48.352	37.206
85070	Новогришине	Donetska	Dobropilskyi	48.4168	37.0265
85071	Матяшеве	Donetska	Dobropilskyi	48.4092	37.0634
85072	Красноподілля	Donetska	Dobropilskyi	48.4201	37.0884
85073	Юр'ївка	Donetska	Dobropilskyi	48.4882	37.1239
85074	Рубіжне	Donetska	Dobropilskyi	48.5113	37.1959
85075	Кутузовка	Donetska	Dobropilskyi	48.4904	37.1866
85076	Благодать	Donetska	Dobropilskyi	48.5762	37.1197
85077	Весна (Нововодянська сільська рада)	Donetska	Dobropilskyi	48.4882	37.1239
85078	Петрівське (Новотроїцька)	Donetska	Dobropilskyi	48.4882	37.1239
85079	Лідине	Donetska	Dobropilskyi	48.5932	37.1867
85080	Мар'ївка	Donetska	Dobropilskyi	48.4172	37.2672
85081	Вільне	Donetska	Dobropilskyi	48.4716	37.2243
85082	Дорожнє	Donetska	Dobropilskyi	48.421	37.2256
85083	Іванівка	Donetska	Dobropilskyi	48.4395	37.2285
85084	Бойківка	Donetska	Dobropilskyi	48.4005	37.3078
85085	Коптєве	Donetska	Dobropilskyi	48.3812	37.365
85086	Никанорівка	Donetska	Dobropilskyi	48.4198	37.2597
85087	Суворове	Donetska	Dobropilskyi	48.3868	37.2593
85100	Костянтинівка	Donetska	Kostiantynivskyi	47.8665	37.407
85102	Костянтинівка	Donetska	Kostiantynivskyi	47.8665	37.407
85103	Костянтинівка	Donetska	Kostiantynivskyi	47.8665	37.407
85105	Костянтинівка	Donetska	Kostiantynivskyi	47.8665	37.407
85106	Костянтинівка	Donetska	Kostiantynivskyi	47.8665	37.407
85107	Костянтинівка	Donetska	Kostiantynivskyi	47.8665	37.407
85109	Костянтинівка	Donetska	Kostiantynivskyi	47.8665	37.407
85110	Костянтинівка	Donetska	Kostiantynivskyi	47.8665	37.407
85111	Костянтинівка	Donetska	Kostiantynivskyi	47.8665	37.407
85113	Костянтинівка	Donetska	Kostiantynivskyi	47.8665	37.407
85114	Костянтинівка	Donetska	Kostiantynivskyi	47.8665	37.407
85130	Білокузьминівка	Donetska	Kostiantynivskyi	48.5923	37.573
85131	Віролюбівка (Віролюбівська сільська рада)	Donetska	Kostiantynivskyi	48.5923	37.573
85132	Маркове (Марківська сільська рада)	Donetska	Kostiantynivskyi	48.5923	37.573
85133	Кіндратівка	Donetska	Kostiantynivskyi	48.5923	37.573
85134	Миколаївка (Миколаївська сільська рада)	Donetska	Kostiantynivskyi	48.5923	37.573
85135	Новодмитрівка (Новодмитрівська сільська рада)	Donetska	Kostiantynivskyi	48.5923	37.573
85136	Олександро-Шультине (Іванопільська сільська рада)	Donetska	Kostiantynivskyi	48.5923	37.573
85137	Біла Гора (Іванопільська сільська рада)	Donetska	Kostiantynivskyi	48.5923	37.573
85138	Ступочки (Предтеченська сільська рада)	Donetska	Kostiantynivskyi	48.5923	37.573
85139	Клебан-Бик (Катеринівська сільська рада)	Donetska	Kostiantynivskyi	48.5923	37.573
85140	Довга Балка (Артемівська сільська рада)	Donetska	Kostiantynivskyi	48.4215	37.6114
85141	Степанівка (Артемівська сільська рада)	Donetska	Kostiantynivskyi	48.4215	37.6114
85142	Олександро-Калинове (Олександро-Калинівська сільська рада)	Donetska	Kostiantynivskyi	48.4215	37.6114
85143	Іллінівка (Іллічівська сільська рада)	Donetska	Kostiantynivskyi	48.4215	37.6114
85144	Яблунівка	Donetska	Kostiantynivskyi	48.4215	37.6114
85145	Гнатівка (Правдівська сільська рада)	Donetska	Kostiantynivskyi	48.4215	37.6114
85146	Розкішне (Артемівська сільська рада)	Donetska	Kostiantynivskyi	48.4215	37.6114
85147	Майське (Марківська сільська рада)	Donetska	Kostiantynivskyi	48.4215	37.6114
85148	Новомаркове (Марківська сільська рада)	Donetska	Kostiantynivskyi	48.4215	37.6114
85149	Федорівка (Марківська сільська рада)	Donetska	Kostiantynivskyi	48.4215	37.6114
85150	Катеринівка	Donetska	Kostiantynivskyi	47.8746	37.3447
85151	Плещіївка (Катеринівська сільська рада)	Donetska	Kostiantynivskyi	47.8746	37.3447
85152	Осикове (Кіндратівська сільська рада)	Donetska	Kostiantynivskyi	47.8746	37.3447
85153	Бересток (Іллічівська сільська рада)	Donetska	Kostiantynivskyi	47.8746	37.3447
85154	Попів Яр (Полтавська сільська рада)	Donetska	Kostiantynivskyi	47.8746	37.3447
85155	Березівка (Тарасівська сільська рада)	Donetska	Kostiantynivskyi	47.8746	37.3447
85156	Водяне Друге (Тарасівська сільська рада)	Donetska	Kostiantynivskyi	47.8746	37.3447
85157	Зелене Поле (Тарасівська сільська рада)	Donetska	Kostiantynivskyi	47.8746	37.3447
85158	Романівка (Правдівська сільська рада)	Donetska	Kostiantynivskyi	47.8746	37.3447
85159	Неліпівка (Іванопільська сільська рада)	Donetska	Kostiantynivskyi	47.8746	37.3447
85160	Іванопілля (Іванопільська сільська рада)	Donetska	Kostiantynivskyi	48.8134	35.5312
85161	Предтечине (Предтеченська сільська рада)	Donetska	Kostiantynivskyi	48.8134	35.5312
85162	Диліївка (Іванопільська сільська рада)	Donetska	Kostiantynivskyi	48.8134	35.5312
85163	Червоне (Новодмитрівська сільська рада)	Donetska	Kostiantynivskyi	48.8134	35.5312
85164	Подільське (Миколаївська сільська рада)	Donetska	Kostiantynivskyi	48.8134	35.5312
85165	Молочарка (Новодмитрівська сільська рада)	Donetska	Kostiantynivskyi	48.8134	35.5312
85166	Стінки (Новодмитрівська сільська рада)	Donetska	Kostiantynivskyi	48.8134	35.5312
85167	Безім'яне (Віролюбівська сільська рада)	Donetska	Kostiantynivskyi	48.8134	35.5312
85168	Клинове (Віролюбівська сільська рада)	Donetska	Kostiantynivskyi	48.8134	35.5312
85169	Попасне	Donetska	Kostiantynivskyi	48.8134	35.5312
85170	Торське	Donetska	Kostiantynivskyi	48.5472	37.4191
85171	Софіївка	Donetska	Kostiantynivskyi	48.7052	36.8653
85172	Полтавка (Полтавська сільська рада)	Donetska	Kostiantynivskyi	48.6262	37.1422
85173	Русин Яр (Новодмитрівська сільська рада)	Donetska	Kostiantynivskyi	48.6262	37.1422
85174	Нова Полтавка (Новополтавська сільська рада)	Donetska	Kostiantynivskyi	48.6262	37.1422
85180	Тарасівка (Тарасівська сільська рада)	Donetska	Kostiantynivskyi	48.333	37.4991
85181	Новооленівка (Тарасівська сільська рада)	Donetska	Kostiantynivskyi	48.333	37.4991
85182	Олександропіль (Тарасівська сільська рада)	Donetska	Kostiantynivskyi	48.333	37.4991
85183	Стара Миколаївка (Правдівська сільська рада)	Donetska	Kostiantynivskyi	48.333	37.4991
85184	Зоря (Зорянська сільська рада)	Donetska	Kostiantynivskyi	48.333	37.4991
85185	Калинове	Donetska	Kostiantynivskyi	48.1393	37.4412
85187	Іжевка (Новодмитрівська сільська рада)	Donetska	Kostiantynivskyi	48.333	37.4991
85188	Куртівка	Donetska	Kostiantynivskyi	48.333	37.4991
85189	Миколайпілля	Donetska	Kostiantynivskyi	48.5266	37.5569
85190	Новопавлівка	Donetska	Kostiantynivskyi	48.2482	37.2177
85191	Павлівка	Donetska	Kostiantynivskyi	48.528	37.4099
85192	Петрівка	Donetska	Kostiantynivskyi	48.1711	37.2082
85193	Приют	Donetska	Kostiantynivskyi	48.7561	34.8877
85194	Райське	Donetska	Kostiantynivskyi	48.4258	36.6809
85195	Торецьке	Donetska	Kostiantynivskyi	48.4258	36.6809
85200	Торецьк	Donetska	Toretsk	48.2544	37.2246
85205	Торецьк	Donetska	Toretsk	48.2544	37.2246
85206	Торецьк	Donetska	Toretsk	48.2544	37.2246
85207	Торецьк	Donetska	Toretsk	48.2544	37.2246
85272	Кримське	Donetska	Toretsk	48.4099	37.8561
85273	Дачне (Дзержинська міська рада)	Donetska	Toretsk	48.3666	37.838
85274	Дилієвка (Кіровська селищна рада)	Donetska	Toretsk	48.3666	37.838
85275	Шуми	Donetska	Toretsk	48.3794	37.9339
85276	Озарянівка (Кіровська селищна рада)	Donetska	Toretsk	48.3666	37.838
85277	Леонідівка	Donetska	Toretsk	48.3678	37.798
85278	Юр'ївка	Donetska	Toretsk	48.3666	37.838
85279	Валентинівка	Donetska	Toretsk	48.3093	37.764
85280	Північне	Donetska	Toretsk	46.9492	35.3857
85281	Північне	Donetska	Toretsk	46.9492	35.3857
85285	Курдюмівка	Donetska	Toretsk	48.4699	37.9573
85286	Дружба (Кіровська селищна рада)	Donetska	Toretsk	47.7868	36.7456
85287	Щербинівка	Donetska	Toretsk	48.3949	37.791
85288	Петрівка	Donetska	Toretsk	48.1711	37.2082
85291	Залізне	Donetska	Toretsk	48.8839	37.205
85293	Південне	Donetska	Toretsk	49.8832	36.0678
85295	Новгородське	Donetska	Toretsk	48.8839	37.205
85296	Новгородське	Donetska	Toretsk	48.8839	37.205
85297	Новгородське	Donetska	Toretsk	48.8839	37.205
85298	Неліпівка	Donetska	Toretsk	48.4499	37.7876
85299	Суха Балка	Donetska	Toretsk	48.3187	37.7594
85300	Покровськ	Donetska	Pokrovskiy	48.2231	37.2359
85301	Покровськ	Donetska	Pokrovskiy	48.2231	37.2359
85302	Покровськ	Donetska	Pokrovskiy	48.2231	37.2359
85303	Покровськ	Donetska	Pokrovskiy	48.2231	37.2359
85305	Покровськ	Donetska	Pokrovskiy	48.2231	37.2359
85306	Покровськ	Donetska	Pokrovskiy	48.2231	37.2359
85307	Покровськ	Donetska	Pokrovskiy	48.2231	37.2359
85310	Родинське	Donetska	Pokrovskiy	48.2925	37.3046
85311	Родинське	Donetska	Pokrovskiy	48.2925	37.3046
85312	Сухецьке	Donetska	Pokrovskiy	48.3775	37.2221
85313	Красний Лиман	Donetska	Pokrovskiy	48.3425	37.2403
85314	Лисичне	Donetska	Pokrovskiy	48.275	37.46
85315	Свиридонівка	Donetska	Pokrovskiy	48.2829	37.4435
85316	Шевченко	Donetska	Pokrovskiy	48.2197	37.1447
85317	Новоторецьке	Donetska	Pokrovskiy	48.2925	37.3046
85318	Промінь	Donetska	Pokrovskiy	48.2687	37.3174
85319	Московське	Donetska	Pokrovskiy	48.2815	37.3044
85320	Мирноград	Donetska	Mirnograd	48.2573	37.2886
85321	Мирноград	Donetska	Mirnograd	48.2573	37.2886
85322	Маринівка	Donetska	Pokrovskiy	48.1813	37.348
85323	Мирноград	Donetska	Mirnograd	48.2573	37.2886
85324	Мирноград	Donetska	Mirnograd	48.2573	37.2886
85325	Мирноград	Donetska	Mirnograd	48.2573	37.2886
85326	Рівне	Donetska	Pokrovskiy	48.2989	37.2204
85327	Мирноград	Donetska	Mirnograd	48.2573	37.2886
85328	Балаган	Donetska	Pokrovskiy	48.2916	37.2973
85329	Молодецьке (Удачненська селищна рада)	Donetska	Pokrovskiy	48.2573	37.2886
85330	Гришине	Donetska	Pokrovskiy	48.328	37.0803
85331	Новосергіївка	Donetska	Pokrovskiy	48.1986	36.9674
85332	Калинівка (Сергіївська сільська рада)	Donetska	Pokrovskiy	48.2716	37.1749
85333	Сергіївка (Сергіївська сільська рада)	Donetska	Pokrovskiy	48.2716	37.1749
85334	Удачне	Donetska	Pokrovskiy	48.2405	36.9911
85335	Миколаївка (Новоекономічна селищна рада)	Donetska	Pokrovskiy	48.2716	37.1749
85336	Разіне	Donetska	Pokrovskiy	48.3665	37.3131
85337	Федорівка (Новоекономічна селищна рада)	Donetska	Pokrovskiy	48.2716	37.1749
85338	Вовче	Donetska	Pokrovskiy	48.2341	37.4886
85339	Гнатівка	Donetska	Pokrovskiy	48.2619	37.2091
85340	Новоекономічне	Donetska	Pokrovskiy	48.3322	37.3293
85341	Мирне	Donetska	Pokrovskiy	48.3353	37.3798
85342	Шевченко Перше	Donetska	Pokrovskiy	48.3709	37.4018
85343	Малинівка	Donetska	Pokrovskiy	48.7374	37.7736
85344	Миролюбівка	Donetska	Pokrovskiy	48.301	37.3762
85345	Гродівка	Donetska	Pokrovskiy	48.2618	37.3821
85346	Орлівка	Donetska	Pokrovskiy	48.2123	37.3782
85347	Миколаївка (Миколаївська сільська рада)	Donetska	Pokrovskiy	48.3366	37.4329
85348	Красний Яр	Donetska	Pokrovskiy	48.2428	37.3374
85349	Євгенівка	Donetska	Pokrovskiy	48.2353	37.5377
85350	Іванівка (Іванівська сільська рада)	Donetska	Pokrovskiy	48.2384	37.437
85350	Веселе	Donetska	Pokrovskiy	48.2384	37.437
85351	Лозуватське	Donetska	Pokrovskiy	48.2757	37.5123
85352	Баранівка	Donetska	Pokrovskiy	48.3145	37.5348
85352	Воздвиженка	Donetska	Pokrovskiy	48.3037	37.515
85352	Новоолександрівка (Новоолександрівська сільська рада)	Donetska	Pokrovskiy	48.3091	37.5249
85353	Єлизаветівка	Donetska	Pokrovskiy	48.3034	37.4492
85354	Жовте	Donetska	Pokrovskiy	48.1859	37.1465
85355	Журавка	Donetska	Pokrovskiy	48.2253	37.3692
85356	Завітне	Donetska	Pokrovskiy	48.1858	37.4416
85357	Калинове	Donetska	Pokrovskiy	48.1393	37.4412
85358	Крутий Яр	Donetska	Pokrovskiy	48.2328	37.3368
85359	Мемрик	Donetska	Pokrovskiy	48.1227	37.3982
85360	Піщане	Donetska	Pokrovskiy	48.234	37.1115
85361	Миколаївка (Гродівська селищна рада)	Donetska	Pokrovskiy	48.2012	37.1474
85362	Даченське	Donetska	Pokrovskiy	48.2128	37.2205
85362	Новий Труд	Donetska	Pokrovskiy	48.2125	37.173
85362	Зелене	Donetska	Pokrovskiy	48.2146	37.1903
85362	Сухий Яр	Donetska	Pokrovskiy	48.2336	37.2771
85362	Лисівка	Donetska	Pokrovskiy	48.2254	37.2625
85363	Новопавлівка	Donetska	Pokrovskiy	48.2482	37.2177
85364	Петрівка	Donetska	Pokrovskiy	48.1711	37.2082
85364	Пустинка	Donetska	Pokrovskiy	48.1623	37.1789
85364	Новоолексіївка	Donetska	Pokrovskiy	48.1318	37.2068
85364	Григорівка (Петрівська сільська рада)	Donetska	Pokrovskiy	48.155	37.198
85364	Юр'ївка	Donetska	Pokrovskiy	48.155	37.198
85365	Михайлівка (Новоекономічна селищна рада)	Donetska	Pokrovskiy	48.2012	37.1474
85366	Муравка	Donetska	Pokrovskiy	48.176	36.9011
85367	Нововасилівка	Donetska	Pokrovskiy	48.205	37.0421
85368	Новомиколаївка	Donetska	Pokrovskiy	48.1888	36.9271
85369	Новоолександрівка (Новотроїцька сільська рада)	Donetska	Pokrovskiy	48.2012	37.1474
85370	Новотроїцьке	Donetska	Pokrovskiy	48.1415	37.0966
85371	Успенівка	Donetska	Pokrovskiy	48.2	37.0194
85372	Пушкіне	Donetska	Pokrovskiy	48.1351	37.141
85372	Новоєлизаветівка	Donetska	Pokrovskiy	48.1368	37.0409
85372	Котлярівка	Donetska	Pokrovskiy	48.1414	36.9335
85372	Новооленівка	Donetska	Pokrovskiy	48.139	37.0866
85372	Надеждинка	Donetska	Pokrovskiy	48.1399	37.0058
85373	Українка	Donetska	Pokrovskiy	48.1153	37.0979
85373	Срібне	Donetska	Pokrovskiy	48.1055	37.0142
85373	Преображенка	Donetska	Pokrovskiy	48.116	36.9781
85373	Новоандріївка	Donetska	Pokrovskiy	48.1072	37.0405
85373	Богданівка	Donetska	Pokrovskiy	48.0931	36.9632
85374	Сонцівка	Donetska	Pokrovskiy	48.0497	37.24
85374	Берестки	Donetska	Pokrovskiy	48.0125	37.2591
85374	Новодмитрівка	Donetska	Pokrovskiy	48.0869	37.221
85375	Новопустинка	Donetska	Pokrovskiy	48.1929	37.1028
85376	Новоукраїнка	Donetska	Pokrovskiy	48.2284	37.1957
85377	Прогрес	Donetska	Pokrovskiy	48.2431	37.4931
85378	Сергіївка (Іванівська сільська рада)	Donetska	Pokrovskiy	48.1415	37.0966
85379	Солоне	Donetska	Pokrovskiy	48.2125	37.0501
85380	Михайлівка (Михайлівська сільська рада)	Donetska	Pokrovskiy	48.2364	37.2681
85381	Новожеланне	Donetska	Pokrovskiy	48.1862	37.4329
85382	Птиче	Donetska	Pokrovskiy	48.1672	37.4549
85383	Тимофіївка	Donetska	Pokrovskiy	48.2823	37.4896
85384	Чунишине	Donetska	Pokrovskiy	48.2379	37.2061
85385	Вовкове	Donetska	Pokrovskiy	48.2301	37.0806
85386	Котлине	Donetska	Pokrovskiy	48.2364	37.2681
85387	Ріг	Donetska	Pokrovskiy	48.2739	37.2064
85388	Перше Травня	Donetska	Pokrovskiy	48.2639	37.1433
85389	Звірове	Donetska	Pokrovskiy	48.25	37.1311
85391	Троянда	Donetska	Pokrovskiy	48.2636	37.1591
85392	Горіхове	Donetska	Pokrovskiy	48.1211	37.0426
85393	Троїцьке	Donetska	Pokrovskiy	48.1211	37.0426
85394	Запоріжжя	Donetska	Pokrovskiy	48.0344	36.762
85396	Ясенове	Donetska	Pokrovskiy	48.1056	37.0666
85398	Зоря	Donetska	Pokrovskiy	48.0807	37.1826
85400	Селидове	Donetska	Selydove	48.1471	37.3003
85401	Селидове	Donetska	Selydove	48.1471	37.3003
85481	Вишневе	Donetska	Selydove	48.151	37.248
85482	Комишівка	Donetska	Selydove	48.1803	37.4688
85483	Новогродівка	Donetska	Novohrodivka	48.2014	37.3393
85484	Новогродівка	Donetska	Novohrodivka	48.2014	37.3393
85485	Українськ	Donetska	Selydove	48.0982	37.3631
85486	Цукурине	Donetska	Selydove	48.0851	37.3103
85487	Гірник	Donetska	Selydove	48.0557	37.3731
85490	Курахівка	Donetska	Selydove	48.0307	37.3728
85493	Гостре	Donetska	Selydove	48.0307	37.3728
85500	Велика Новосілка	Donetska	Velykonovosilkivskyi	47.8453	36.8353
85500	Времівка (Великоновоселківська п/р)	Donetska	Velykonovosilkivskyi	47.8453	36.8353
85506	Благодатне (Великоновосілківська селищна рада)	Donetska	Velykonovosilkivskyi	47.8453	36.8353
85507	Бурлацьке	Donetska	Velykonovosilkivskyi	47.8453	36.8353
85508	Вільне Поле (Шевченковська с/р)	Donetska	Velykonovosilkivskyi	47.8453	36.8353
85509	Володине (Старомлинівська с/р)	Donetska	Velykonovosilkivskyi	47.8453	36.8353
85510	Іскра	Donetska	Velykonovosilkivskyi	48.0471	36.5906
85511	Зелений Гай	Donetska	Velykonovosilkivskyi	48.0739	36.65
85512	Піддубне	Donetska	Velykonovosilkivskyi	48.0102	36.6931
85513	Мирне (Піддубненська сільська рада)	Donetska	Velykonovosilkivskyi	48.0437	36.6446
85514	Одрадне (Роздольненська с/р)	Donetska	Velykonovosilkivskyi	48.0437	36.6446
85515	Георгіївка (Новопетриківська с/р)	Donetska	Velykonovosilkivskyi	48.0437	36.6446
85516	Грушівське (Піддубенська с/р)	Donetska	Velykonovosilkivskyi	48.0437	36.6446
85517	Дніпроенергія (Комарська)	Donetska	Velykonovosilkivskyi	48.0437	36.6446
85518	Запоріжжя (Комарська)	Donetska	Velykonovosilkivskyi	48.0437	36.6446
85519	Зелений Кут (Богатирська с/р)	Donetska	Velykonovosilkivskyi	48.0437	36.6446
85520	Комар	Donetska	Velykonovosilkivskyi	47.9774	36.7478
85521	Веселе	Donetska	Velykonovosilkivskyi	47.9338	36.762
85522	Шевченко (Шевченківська сільська рада)	Donetska	Velykonovosilkivskyi	47.9127	36.7108
85523	Воскресенка (Шевченківська с/р)	Donetska	Velykonovosilkivskyi	47.9127	36.7108
85524	Привільне (Шевченківська с/р)	Donetska	Velykonovosilkivskyi	47.9127	36.7108
85525	Зелене Поле	Donetska	Velykonovosilkivskyi	47.8269	36.6225
85526	Золота Нива (Шахтарська с/р)	Donetska	Velykonovosilkivskyi	47.9127	36.7108
85527	Ключове (Старомлинівська с/р)	Donetska	Velykonovosilkivskyi	47.9127	36.7108
85528	Комишуваха (Шевченковська с/р)	Donetska	Velykonovosilkivskyi	47.9127	36.7108
85529	Макарівка (Старомайорська с/р)	Donetska	Velykonovosilkivskyi	47.9127	36.7108
85530	Багатир	Donetska	Velykonovosilkivskyi	47.9955	36.9398
85531	Олексіївка	Donetska	Velykonovosilkivskyi	48.0184	36.9468
85532	Роздольне	Donetska	Velykonovosilkivskyi	47.9071	36.9179
85533	Малий Керменчик (Новопетриківська с/р)	Donetska	Velykonovosilkivskyi	47.9737	36.9348
85534	Новодонецьке (Октябрська с/р)	Donetska	Velykonovosilkivskyi	47.9737	36.9348
85535	Новопіль (Зеленопільська)	Donetska	Velykonovosilkivskyi	47.9737	36.9348
85536	Новосілка (Зеленопільська)	Donetska	Velykonovosilkivskyi	47.9737	36.9348
85537	Новохатське (Піддубенська с/р)	Donetska	Velykonovosilkivskyi	47.9737	36.9348
85538	Новоукраїнка (Богатирська с/р)	Donetska	Velykonovosilkivskyi	47.9737	36.9348
85539	Новоочеретувате (Комарська)	Donetska	Velykonovosilkivskyi	47.9737	36.9348
85540	Андріївка	Donetska	Velykonovosilkivskyi	48.0201	37.0606
85541	Петропавлівка (Андріївська сільська рада)	Donetska	Velykonovosilkivskyi	47.9972	37.0327
85542	Костянтинопіль	Donetska	Velykonovosilkivskyi	47.9993	37.0382
85543	Улакли (Костянтинопільська)	Donetska	Velykonovosilkivskyi	47.9972	37.0327
85544	Розлив	Donetska	Velykonovosilkivskyi	47.972	36.9995
85545	Олександроград (Шевченковська с/р)	Donetska	Velykonovosilkivskyi	47.9972	37.0327
85546	Орлинське (Старомлинівська с/р)	Donetska	Velykonovosilkivskyi	47.9972	37.0327
85547	Перебудова (Піддубненська с/р)	Donetska	Velykonovosilkivskyi	47.9972	37.0327
85548	Рівнопіль (Старомайорська с/р)	Donetska	Velykonovosilkivskyi	47.9972	37.0327
85549	Скудне (Комарська)	Donetska	Velykonovosilkivskyi	47.9972	37.0327
85550	Старомайорське	Donetska	Velykonovosilkivskyi	47.7517	36.7937
85551	Урожайне	Donetska	Velykonovosilkivskyi	47.7489	36.8187
85552	Старомлинівка	Donetska	Velykonovosilkivskyi	47.6975	36.8247
85553	Завітне Бажання (Старомлинівська с/р)	Donetska	Velykonovosilkivskyi	47.7327	36.8124
85554	Слов'янка (Андріївська сільська рада)	Donetska	Velykonovosilkivskyi	47.7327	36.8124
85555	Сторожеве (Старомайорська с/р)	Donetska	Velykonovosilkivskyi	47.7327	36.8124
85556	Толстой (Піддубнянська с/р)	Donetska	Velykonovosilkivskyi	47.7327	36.8124
85557	Федорівка (Комарська)	Donetska	Velykonovosilkivskyi	47.7327	36.8124
85558	Зірка (Комарська сільська рада)	Donetska	Velykonovosilkivskyi	47.7327	36.8124
85559	Шевченко (Андріївська сільська рада)	Donetska	Velykonovosilkivskyi	47.7327	36.8124
85560	Шахтарське	Donetska	Velykonovosilkivskyi	47.8626	37.0022
85561	Керменчик	Donetska	Velykonovosilkivskyi	47.7548	37.0421
85562	Новомайорське	Donetska	Velykonovosilkivskyi	47.7316	37.0388
85563	Євгенівка	Donetska	Velykonovosilkivskyi	47.6702	37.0853
85564	Ялинське (Новопетриківська с/р)	Donetska	Velykonovosilkivskyi	47.7548	37.0421
85565	Ялта (Комарська)	Donetska	Velykonovosilkivskyi	47.7548	37.0421
85566	Ясна Поляна (Шахтарська с/р)	Donetska	Velykonovosilkivskyi	47.7548	37.0421
85570	Новопетриківка	Donetska	Velykonovosilkivskyi	47.6322	36.9293
85571	Красна Поляна	Donetska	Velykonovosilkivskyi	47.557	37.0766
85581	Времівка (Великоновоселківська п/р)	Donetska	Velykonovosilkivskyi	47.8704	36.8749
85582	Нескучне (Великоновосілківська сільська рада)	Donetska	Velykonovosilkivskyi	47.8704	36.8749
85583	Новий Комар (Великоновосілківська сільська рада)	Donetska	Velykonovosilkivskyi	47.8704	36.8749
85600	Мар'їнка	Donetska	Marinskyi	47.903	37.3298
85604	Лісівка (Галицинівська сільська Рада)	Donetska	Marinskyi	47.903	37.3298
85605	Вовчанка	Donetska	Marinskyi	47.903	37.3298
85606	Водяне (Успенівська сільська Рада)	Donetska	Marinskyi	47.903	37.3298
85607	Вознесенка (Новоселидівська сільська Рада)	Donetska	Marinskyi	47.903	37.3298
85608	Ганнівка (Успенівська сільська Рада)	Donetska	Marinskyi	47.903	37.3298
85609	Гігант (Дачненська сільська Рада)	Donetska	Marinskyi	47.903	37.3298
85610	Новоселидівка	Donetska	Marinskyi	48.0574	37.2929
85611	Дачне	Donetska	Marinskyi	47.9926	37.1814
85612	Курахове	Donetska	Marinskyi	47.9844	37.2791
85613	Курахове	Donetska	Marinskyi	47.9844	37.2791
85614	Веселий Гай	Donetska	Marinskyi	47.8991	37.2609
85615	Іллінка (Кураховська міська Рада)	Donetska	Marinskyi	47.9836	37.2587
85616	Дальнє (Дачненьська сільська Рада)	Donetska	Marinskyi	47.9836	37.2587
85617	Долинівка (Галицинівська сільська Рада)	Donetska	Marinskyi	47.9836	37.2587
85618	Желанне Перше (Зорянська сільська Рада)	Donetska	Marinskyi	47.9836	37.2587
85619	Желанне Друге (Зорянська сільська Рада)	Donetska	Marinskyi	47.9836	37.2587
85620	Галицинівка	Donetska	Marinskyi	48.1011	37.447
85621	Зоряне (Зорянська сільська Рада)	Donetska	Marinskyi	48.0381	37.4175
85622	Максимільянівка	Donetska	Marinskyi	47.9751	37.3881
85623	Георгіївка (Максимільянівська сільська Рада)	Donetska	Marinskyi	48.0381	37.4175
85624	Зеленівка (Дачненська сільська Рада)	Donetska	Marinskyi	48.0381	37.4175
85625	Ізмайлівка (Новоселидівська сільська Рада)	Donetska	Marinskyi	48.0381	37.4175
85626	Іллінка (Єлизаветівська сільська Рада)	Donetska	Marinskyi	48.0381	37.4175
85627	Карлівка (Галицинівська сільська Рада)	Donetska	Marinskyi	48.0381	37.4175
85629	Кремінна Балка (Новоселидівська сільська Рада)	Donetska	Marinskyi	48.0381	37.4175
85630	Красногорівка	Donetska	Marinskyi	48.006	37.5097
85632	Красногорівка	Donetska	Marinskyi	48.006	37.5097
85637	Олександропіль (Зорянська сільська Рада)	Donetska	Marinskyi	48.006	37.5097
85638	Острівське (Курахівська міська Рада)	Donetska	Marinskyi	48.006	37.5097
85639	Костянтинопольське (Дачненська сільська Рада)	Donetska	Marinskyi	48.006	37.5097
85640	Новоукраїнка	Donetska	Marinskyi	47.8376	37.105
85641	Максимівка (Новоукраїнська сільська Рада)	Donetska	Marinskyi	47.8258	37.1299
85642	Пречистівка	Donetska	Marinskyi	47.7817	37.0709
85643	Богоявленка	Donetska	Marinskyi	47.858	37.2138
85644	Парасковіївка (Новомихайлівська сільська Рада)	Donetska	Marinskyi	47.8258	37.1299
85645	Побєда (Мар'їнська міська Рада)	Donetska	Marinskyi	47.8258	37.1299
85646	Романівка (Єлизаветівська сільська Рада)	Donetska	Marinskyi	47.8258	37.1299
85648	Славне (Луганська сільська Рада)	Donetska	Marinskyi	47.8258	37.1299
85649	Старі Терни (Курахівська міська Рада)	Donetska	Marinskyi	47.8258	37.1299
85650	Успенівка	Donetska	Marinskyi	47.918	37.2288
85651	Єлизаветівка	Donetska	Marinskyi	47.8875	37.2997
85652	Катеринівка	Donetska	Marinskyi	47.8746	37.3447
85653	Костянтинівка	Donetska	Marinskyi	47.8665	37.407
85654	Новомихайлівка	Donetska	Marinskyi	47.8538	37.4841
85655	Степанівка (Курахівська міська рада)	Donetska	Marinskyi	47.8801	37.3529
85656	Сухі Яли (Дачненська сільська Рада)	Donetska	Marinskyi	47.8801	37.3529
85657	Тарамчук (Степненська сільська Рада)	Donetska	Marinskyi	47.8801	37.3529
85658	Трудове (Успенівська сільська Рада)	Donetska	Marinskyi	47.8801	37.3529
85659	Янтарне (Дачненська сільська Рада)	Donetska	Marinskyi	47.8801	37.3529
85665	Степне	Donetska	Marinskyi	47.796	37.547
85670	Вугледар	Donetska	Vuhledar	47.7803	37.2506
85672	Павлівка	Donetska	Marinskyi	47.756	37.2182
85681	Антонівка	Donetska	Marinskyi	47.8815	37.357
85682	Березове	Donetska	Marinskyi	47.7672	37.5801
85683	Солодке (Степненська сільська Рада)	Donetska	Marinskyi	47.8244	37.4686
85700	Волноваха	Donetska	Volnovaskyi	47.8258	37.3118
85701	Волноваха	Donetska	Volnovaskyi	47.8258	37.3118
85702	Волноваха	Donetska	Volnovaskyi	47.8258	37.3118
85703	Волноваха	Donetska	Volnovaskyi	47.8258	37.3118
85705	Благовіщенка	Donetska	Volnovaskyi	47.6807	37.3831
85707	Новогригорівка (м. Волноваха)	Donetska	Volnovaskyi	47.7777	37.3269
85708	Новопавлівка	Donetska	Volnovaskyi	47.5612	37.4406
85709	Трудове	Donetska	Volnovaskyi	47.8986	37.2171
85713	Новогнатівка	Donetska	Volnovaskyi	47.6432	37.6948
85714	Веселе	Donetska	Volnovaskyi	47.4819	37.3655
85715	Голубицьке	Donetska	Volnovaskyi	47.5806	37.6016
85716	Малинівка	Donetska	Volnovaskyi	47.5127	37.383
85717	Новомиколаївка (Златоустівська сільська рада)	Donetska	Volnovaskyi	47.5806	37.6016
85718	Богданівка	Donetska	Volnovaskyi	47.6299	37.7564
85719	Вікторівка	Donetska	Volnovaskyi	47.6351	37.8083
85720	Микільське	Donetska	Volnovaskyi	49.5249	39.9571
85721	Володимирівка	Donetska	Volnovaskyi	48.4386	37.3485
85722	Володимирівка	Donetska	Volnovaskyi	48.4386	37.3485
85723	Шевченко (Єгорівська сільська рада)	Donetska	Volnovaskyi	48.362	37.8593
85724	Єгорівка	Donetska	Volnovaskyi	47.7076	37.2232
85725	Благодатне	Donetska	Volnovaskyi	47.7001	37.419
85727	Графське	Donetska	Volnovaskyi	48.362	37.8593
85730	Ольгинка	Donetska	Volnovaskyi	47.6963	37.5124
85731	Трудівське	Donetska	Volnovaskyi	47.5831	37.6575
85732	Новотроїцьке	Donetska	Volnovaskyi	47.6353	37.5828
85733	Новотроїцьке	Donetska	Volnovaskyi	47.6353	37.5828
85734	Миколаївка	Donetska	Volnovaskyi	47.6545	37.6802
85735	Рибинське	Donetska	Volnovaskyi	47.5788	37.5829
85736	Ближнє	Donetska	Volnovaskyi	47.6029	37.5473
85737	Лісне	Donetska	Volnovaskyi	47.6691	37.4901
85738	Пільне	Donetska	Volnovaskyi	47.7219	37.5148
85739	Василівка	Donetska	Volnovaskyi	47.576	37.6771
85750	Петрівське (Петрівська сільська рада)	Donetska	Volnovaskyi	47.627	37.2661
85751	Степне	Donetska	Volnovaskyi	47.6142	37.1346
85752	Новоандріївка	Donetska	Volnovaskyi	47.6477	37.3474
85753	Кирилівка	Donetska	Volnovaskyi	47.6539	37.302
85754	Валер'янівка	Donetska	Volnovaskyi	47.627	37.2661
85755	Зелений Гай	Donetska	Volnovaskyi	47.6559	37.436
85756	Кропивницьке	Donetska	Volnovaskyi	47.6217	37.2153
85759	Передове	Donetska	Volnovaskyi	47.5689	37.1612
85760	Рівнопіль	Donetska	Volnovaskyi	47.556	37.2338
85761	Зачатівка	Donetska	Volnovaskyi	47.4732	37.199
85762	Вільне	Donetska	Volnovaskyi	47.5299	37.1851
85763	Іванівка	Donetska	Volnovaskyi	47.5795	37.3198
85764	Бугас	Donetska	Volnovaskyi	47.6369	37.5622
85765	Златоустівка	Donetska	Volnovaskyi	47.4906	37.3267
85766	Хлібодарівка	Donetska	Volnovaskyi	47.4784	37.4044
85767	Зачатівка 1	Donetska	Volnovaskyi	47.5354	37.3237
85768	Затишне	Donetska	Volnovaskyi	47.5205	37.3251
85769	Новотатарівка	Donetska	Volnovaskyi	47.5533	37.3574
85770	Свободне	Donetska	Volnovaskyi	47.5313	37.5637
85771	Дмитрівка	Donetska	Volnovaskyi	47.5466	37.5201
85772	Донське	Donetska	Volnovaskyi	47.5136	37.5373
85773	Прохорівка	Donetska	Volnovaskyi	47.5274	37.6708
85774	Шевченко (Октябрська сільська рада)	Donetska	Volnovaskyi	47.5303	37.6023
85775	Малогнатівка	Donetska	Volnovaskyi	47.5127	37.6728
85776	Тарасівка	Donetska	Volnovaskyi	47.5502	37.6487
85777	Новоапостолівка	Donetska	Volnovaskyi	47.5303	37.6023
85780	Стрітенка	Donetska	Volnovaskyi	48.0964	37.2115
85781	Калинове	Donetska	Volnovaskyi	48.1393	37.4412
85782	Сонячне	Donetska	Volnovaskyi	48.0964	37.2115
85783	Діанівка	Donetska	Volnovaskyi	48.0964	37.2115
85784	Привільне	Donetska	Volnovaskyi	48.0964	37.2115
85785	Знаменівка	Donetska	Volnovaskyi	48.6657	36.7299
85786	Лазарівка	Donetska	Volnovaskyi	47.4841	37.4633
85787	Петрівка (Октябрська сільська рада)	Donetska	Volnovaskyi	48.0964	37.2115
85790	Анадоль	Donetska	Volnovaskyi	47.4524	37.581
85791	Новоолексіївка	Donetska	Volnovaskyi	47.3821	37.5853
85792	Полкове	Donetska	Volnovaskyi	47.4391	37.5238
85793	Лідине	Donetska	Volnovaskyi	47.4137	37.5952
86020	Очеретине	Donetska	Yasynuvatskyi	48.2452	37.6162
86022	Керамік	Donetska	Yasynuvatskyi	48.253	37.6816
86025	Архангельське	Donetska	Yasynuvatskyi	48.237	37.6108
86026	Соловйове	Donetska	Yasynuvatskyi	48.2241	37.5999
86027	Сокіл	Donetska	Yasynuvatskyi	48.2323	37.5523
86028	Новокалинове	Donetska	Yasynuvatskyi	48.2413	37.6858
86029	Восход	Donetska	Yasynuvatskyi	48.226	37.5292
86032	Новобахмутівка (Соловйовська сільска рада)	Donetska	Yasynuvatskyi	48.2046	37.6547
86060	Авдіївка	Donetska	Avdiivka	48.1399	37.7425
86062	Авдіївка	Donetska	Avdiivka	48.1399	37.7425
86065	Авдіївка	Donetska	Avdiivka	48.1399	37.7425
87000	Нікольське	Donetska	Nikolskiy	47.2298	37.2856
87005	Новоянисоль	Donetska	Nikolskiy	47.2932	37.2685
87006	Лісне	Donetska	Nikolskiy	47.1663	37.3027
87010	Малоянісоль	Donetska	Nikolskiy	47.3731	37.3362
87011	Труженка	Donetska	Nikolskiy	47.3815	37.2261
87020	Темрюк	Donetska	Nikolskiy	47.2686	36.9811
87021	Республіка	Donetska	Nikolskiy	47.2519	37.2016
87022	Новокраснівка	Donetska	Nikolskiy	47.3161	37.1563
87023	Зелений Яр	Donetska	Nikolskiy	47.203	37.0521
87024	Федорівка	Donetska	Nikolskiy	47.2088	37.1216
87030	Касянівка	Donetska	Nikolskiy	47.2977	37.5318
87031	Кременівка	Donetska	Nikolskiy	47.3363	37.4766
87032	Македонівка	Donetska	Nikolskiy	47.2434	37.5543
87038	Сергіївка	Donetska	Nikolskiy	47.2712	37.2094
87039	Ксенівка	Donetska	Nikolskiy	47.2682	37.1826
87040	Кальчик	Donetska	Nikolskiy	47.5029	37.102
87041	Кирилівка	Donetska	Nikolskiy	47.6539	37.302
87042	Зоря	Donetska	Nikolskiy	48.0807	37.1826
87043	Веселе	Donetska	Nikolskiy	47.9338	36.762
87044	Садове	Donetska	Nikolskiy	47.1906	36.9349
87045	Лугове	Donetska	Nikolskiy	47.1791	36.881
87046	Паннівка	Donetska	Nikolskiy	47.1956	37.2468
87047	Перемога	Donetska	Nikolskiy	47.2868	37.4044
87048	Первомайське	Donetska	Nikolskiy	47.5029	37.102
87049	Криничне (Тополинська сільська рада)	Donetska	Nikolskiy	47.5029	37.102
87050	Тополине	Donetska	Nikolskiy	47.237	37.3895
87051	Шевченко	Donetska	Nikolskiy	47.253	37.4536
87052	Ключове	Donetska	Nikolskiy	47.2646	37.5182
87053	Асланове	Donetska	Nikolskiy	47.2474	37.5797
87054	Херсонес	Donetska	Nikolskiy	47.2291	37.5502
87057	Новороманівка	Donetska	Nikolskiy	47.2206	37.1775
87059	Катеринівка	Donetska	Nikolskiy	47.4329	37.2483
87060	Бойове	Donetska	Nikolskiy	47.1683	37.1821
87061	Новогригорівка	Donetska	Nikolskiy	47.5617	37.3942
87062	Малинівка	Donetska	Nikolskiy	47.5127	37.383
87063	Новоукраїнка	Donetska	Nikolskiy	47.8376	37.105
87064	Назарівка	Donetska	Nikolskiy	47.3285	37.1127
87065	Кальчинівка	Donetska	Nikolskiy	47.4102	37.3804
87066	Гранітне	Donetska	Nikolskiy	47.3213	37.5519
87067	Келерівка (Кальчицька сільська рада)	Donetska	Nikolskiy	47.4102	37.3804
87068	Водяне	Donetska	Nikolskiy	47.2947	37.6794
87069	Приовражне	Donetska	Nikolskiy	47.2568	37.6346
87070	Суженка	Donetska	Nikolskiy	47.1476	37.0969
87110	Старогнатівка	Donetska	Volnovaskyi	47.5414	37.7817
87120	Андріївка (Андріївська селищна рада)	Donetska	Volnovaskyi	47.4513	37.7264
87122	Бахчовик	Donetska	Volnovaskyi	47.4769	37.6831
87123	Гранітне	Donetska	Volnovaskyi	47.4574	37.8682
87124	Мирне	Donetska	Volnovaskyi	47.4263	37.7327
87126	Дружне	Donetska	Volnovaskyi	47.4426	37.6278
87127	Обільне	Donetska	Volnovaskyi	47.4531	37.7203
87140	Новоселівка	Donetska	Volnovaskyi	47.4025	37.7314
87141	Кам'янка	Donetska	Volnovaskyi	47.368	37.7114
87142	Чермалик	Donetska	Volnovaskyi	47.316	37.8086
87143	Новоселівка Друга	Donetska	Volnovaskyi	47.3813	37.7569
87144	Маловодне	Donetska	Volnovaskyi	47.3698	37.6776
87145	Запорізьке	Donetska	Volnovaskyi	47.381	37.6514
87146	Степанівка	Donetska	Volnovaskyi	47.366	37.634
87147	Федорівка	Donetska	Volnovaskyi	47.3592	37.7203
87149	Новогригорівка (Старогнатівська сільська рада)	Donetska	Volnovaskyi	47.368	37.7114
87180	Орловське	Donetska	Volnovaskyi	47.4133	37.7226
87400	Мангуш	Donetska	Mangushkyi	47.0558	37.3107
87410	Стародубівка	Donetska	Mangushkyi	47.1042	37.0386
87411	Захарівка	Donetska	Mangushkyi	47.1398	36.9834
87419	Українка (Комишуватська сільська рада)	Donetska	Mangushkyi	47.122	37.011
87420	Комишувате	Donetska	Mangushkyi	47.0856	37.167
87421	Дем'янівка	Donetska	Mangushkyi	47.0974	37.3453
87427	Агробаза	Donetska	Mangushkyi	47.0932	37.4476
87428	Шевченко	Donetska	Mangushkyi	47.1133	37.4212
87429	Приміське	Donetska	Mangushkyi	47.0974	37.3453
87430	Бердянське	Donetska	Mangushkyi	47.0043	37.3829
87431	Приазовське	Donetska	Mangushkyi	47.0043	37.3829
87438	Глибоке	Donetska	Mangushkyi	46.9972	37.3964
87439	Огороднє	Donetska	Mangushkyi	47.0114	37.3693
87440	Покровське	Donetska	Mangushkyi	48.6315	38.1392
87441	Мелекине	Donetska	Mangushkyi	46.9596	37.3998
87442	Портівське	Donetska	Mangushkyi	47.0041	37.4225
87443	Білосарайська Коса	Donetska	Mangushkyi	46.903	37.3467
87444	Червоне	Donetska	Mangushkyi	47.0186	37.4451
87445	Широка Балка	Donetska	Mangushkyi	47.0565	37.4114
87446	Рибацьке	Donetska	Mangushkyi	47.007	37.453
87447	Бурякова Балка	Donetska	Mangushkyi	46.9727	37.3981
87450	Ялта	Donetska	Mangushkyi	46.9628	37.2737
87453	Азовське	Donetska	Mangushkyi	46.9575	37.3422
87454	Юр'ївка	Donetska	Mangushkyi	46.9324	37.2002
87455	Урзуф	Donetska	Mangushkyi	46.9156	37.0996
87456	Бабах-Тарама	Donetska	Mangushkyi	46.8936	37.0854
87500	Маріуполь	Donetska	Mariupol	47.0951	37.5413
87501	Маріуполь	Donetska	Mariupol	47.0951	37.5413
87502	Маріуполь	Donetska	Mariupol	47.0951	37.5413
87503	Маріуполь	Donetska	Mariupol	47.0951	37.5413
87504	Маріуполь	Donetska	Mariupol	47.0951	37.5413
87505	Маріуполь	Donetska	Mariupol	47.0951	37.5413
87506	Маріуполь	Donetska	Mariupol	47.0951	37.5413
87507	Маріуполь	Donetska	Mariupol	47.0951	37.5413
87509	Маріуполь	Donetska	Mariupol	47.0951	37.5413
87510	Маріуполь	Donetska	Mariupol	47.0951	37.5413
87512	Маріуполь	Donetska	Mariupol	47.0951	37.5413
87513	Маріуполь	Donetska	Mariupol	47.0951	37.5413
87514	Маріуполь	Donetska	Mariupol	47.0951	37.5413
87515	Маріуполь	Donetska	Mariupol	47.0951	37.5413
87516	Маріуполь	Donetska	Mariupol	47.0951	37.5413
87517	Маріуполь	Donetska	Mariupol	47.0951	37.5413
87519	Маріуполь	Donetska	Mariupol	47.0951	37.5413
87520	Маріуполь	Donetska	Mariupol	47.0951	37.5413
87521	Маріуполь	Donetska	Mariupol	47.0951	37.5413
87522	Маріуполь	Donetska	Mariupol	47.0951	37.5413
87524	Маріуполь	Donetska	Mariupol	47.0951	37.5413
87525	Маріуполь	Donetska	Mariupol	47.0951	37.5413
87526	Маріуполь	Donetska	Mariupol	47.0951	37.5413
87527	Маріуполь	Donetska	Mariupol	47.0951	37.5413
87528	Маріуполь	Donetska	Mariupol	47.0951	37.5413
87529	Маріуполь	Donetska	Mariupol	47.0951	37.5413
87531	Маріуполь	Donetska	Mariupol	47.0951	37.5413
87533	Маріуполь	Donetska	Mariupol	47.0951	37.5413
87534	Маріуполь	Donetska	Mariupol	47.0951	37.5413
87535	Маріуполь	Donetska	Mariupol	47.0951	37.5413
87537	Маріуполь	Donetska	Mariupol	47.0951	37.5413
87538	Маріуполь	Donetska	Mariupol	47.0951	37.5413
87539	Маріуполь	Donetska	Mariupol	47.0951	37.5413
87541	Маріуполь	Donetska	Mariupol	47.0951	37.5413
87543	Маріуполь	Donetska	Mariupol	47.0951	37.5413
87545	Маріуполь	Donetska	Mariupol	47.0951	37.5413
87547	Маріуполь	Donetska	Mariupol	47.0951	37.5413
87548	Маріуполь	Donetska	Mariupol	47.0951	37.5413
87549	Маріуполь	Donetska	Mariupol	47.0951	37.5413
87550	Маріуполь	Donetska	Mariupol	47.0951	37.5413
87551	Маріуполь	Donetska	Mariupol	47.0951	37.5413
87552	Маріуполь	Donetska	Mariupol	47.0951	37.5413
87553	Маріуполь	Donetska	Mariupol	47.0951	37.5413
87554	Маріуполь	Donetska	Mariupol	47.0951	37.5413
87555	Маріуполь	Donetska	Mariupol	47.0951	37.5413
87557	Маріуполь	Donetska	Mariupol	47.0951	37.5413
87584	Гнутове	Donetska	Mariupol	47.2103	37.7527
87585	Ломакине	Donetska	Mariupol	47.1702	37.7152
87591	Старий Крим	Donetska	Mariupol	47.1615	37.4893
87592	Сартана	Donetska	Mariupol	47.1744	37.6927
87594	Талаківка	Donetska	Mariupol	47.1925	37.7252
87642	Виноградне	Donetska	Mariupol	47.0938	37.6886
87644	Приморське (Виноградненська сільська рада)	Donetska	Mariupol	47.0938	37.6886
87663	Калинівка	Donetska	Volnovaskyi	47.1476	37.6677
76000	Івано-Франківськ	Ivano-Frankivska	Ivano-Frankivska	48.9215	24.7097
76002	Івано-Франківськ	Ivano-Frankivska	Ivano-Frankivska	48.9215	24.7097
76004	Івано-Франківськ	Ivano-Frankivska	Ivano-Frankivska	48.9215	24.7097
76005	Івано-Франківськ	Ivano-Frankivska	Ivano-Frankivska	48.9215	24.7097
76006	Івано-Франківськ	Ivano-Frankivska	Ivano-Frankivska	48.9215	24.7097
76008	Івано-Франківськ	Ivano-Frankivska	Ivano-Frankivska	48.9215	24.7097
76009	Івано-Франківськ	Ivano-Frankivska	Ivano-Frankivska	48.9215	24.7097
76010	Івано-Франківськ	Ivano-Frankivska	Ivano-Frankivska	48.9215	24.7097
76011	Івано-Франківськ	Ivano-Frankivska	Ivano-Frankivska	48.9215	24.7097
76014	Івано-Франківськ	Ivano-Frankivska	Ivano-Frankivska	48.9215	24.7097
76015	Івано-Франківськ	Ivano-Frankivska	Ivano-Frankivska	48.9215	24.7097
76016	Івано-Франківськ	Ivano-Frankivska	Ivano-Frankivska	48.9215	24.7097
76018	Івано-Франківськ	Ivano-Frankivska	Ivano-Frankivska	48.9215	24.7097
76019	Івано-Франківськ	Ivano-Frankivska	Ivano-Frankivska	48.9215	24.7097
76026	Івано-Франківськ	Ivano-Frankivska	Ivano-Frankivska	48.9215	24.7097
76491	Вовчинець	Ivano-Frankivska	Ivano-Frankivsk	49.7495	28.5616
76492	Угорники	Ivano-Frankivska	Ivano-Frankivsk	48.9214	24.7628
76493	Крихівці	Ivano-Frankivska	Ivano-Frankivsk	49.3355	26.6622
76494	Микитинці	Ivano-Frankivska	Ivano-Frankivsk	49.3355	26.6622
76495	Хриплин	Ivano-Frankivska	Ivano-Frankivsk	49.3355	26.6622
77001	Рогатин	Ivano-Frankivska	Rohatynskyi	49.409	24.6093
77005	Вербилівці	Ivano-Frankivska	Rohatynskyi	49.0426	24.0603
77006	Залужжя	Ivano-Frankivska	Rohatynskyi	48.3586	22.8525
77008	Григорівська Слобода	Ivano-Frankivska	Rohatynskyi	49.0426	24.0603
77009	Данильче	Ivano-Frankivska	Rohatynskyi	49.3603	24.7191
77010	Виспа	Ivano-Frankivska	Rohatynskyi	49.2627	24.5434
77011	Фрага	Ivano-Frankivska	Rohatynskyi	49.4648	24.4383
77012	Дички	Ivano-Frankivska	Rohatynskyi	49.4731	24.5088
77013	Малий Заланів	Ivano-Frankivska	Rohatynskyi	49.2627	24.5434
77014	Підкамінь	Ivano-Frankivska	Rohatynskyi	49.4503	24.4803
77015	Черче	Ivano-Frankivska	Rohatynskyi	49.4278	24.5504
77016	Потік	Ivano-Frankivska	Rohatynskyi	48.4977	24.7391
77017	Долиняни	Ivano-Frankivska	Rohatynskyi	49.2627	24.5434
77018	Приозерне	Ivano-Frankivska	Rohatynskyi	49.2627	24.5434
77019	Дегова	Ivano-Frankivska	Rohatynskyi	49.2627	24.5434
77020	Липівка	Ivano-Frankivska	Rohatynskyi	49.4647	24.6423
77021	Кліщівна	Ivano-Frankivska	Rohatynskyi	49.4647	24.6423
77022	Стратин	Ivano-Frankivska	Rohatynskyi	49.468	24.7048
77023	Підгороддя	Ivano-Frankivska	Rohatynskyi	49.4647	24.6423
77024	Руда	Ivano-Frankivska	Rohatynskyi	49.4614	24.5797
77025	Добринів	Ivano-Frankivska	Rohatynskyi	49.4647	24.6423
77026	Журавеньки	Ivano-Frankivska	Rohatynskyi	49.4647	24.6423
77027	Заланів	Ivano-Frankivska	Rohatynskyi	49.4647	24.6423
77028	Заливки	Ivano-Frankivska	Rohatynskyi	49.4647	24.6423
77029	Залип'я	Ivano-Frankivska	Rohatynskyi	49.4647	24.6423
77030	Княгиничі	Ivano-Frankivska	Rohatynskyi	50.3002	24.5962
77031	Загір'я	Ivano-Frankivska	Rohatynskyi	50.3002	24.5962
77032	Помонята	Ivano-Frankivska	Rohatynskyi	50.3002	24.5962
77033	Васючин	Ivano-Frankivska	Rohatynskyi	50.3002	24.5962
77034	Воскресинці	Ivano-Frankivska	Rohatynskyi	50.3002	24.5962
77035	Явче	Ivano-Frankivska	Rohatynskyi	50.3002	24.5962
77036	Конюшки	Ivano-Frankivska	Rohatynskyi	50.3002	24.5962
77037	Бабухів	Ivano-Frankivska	Rohatynskyi	50.3002	24.5962
77038	Зруб	Ivano-Frankivska	Rohatynskyi	50.3002	24.5962
77039	Йосипівка	Ivano-Frankivska	Rohatynskyi	50.3002	24.5962
77040	Путятинці	Ivano-Frankivska	Rohatynskyi	49.3813	24.7139
77041	Пуків	Ivano-Frankivska	Rohatynskyi	49.3955	24.696
77042	Чесники	Ivano-Frankivska	Rohatynskyi	49.3881	24.7265
77043	Верхня Липиця	Ivano-Frankivska	Rohatynskyi	49.3813	24.7139
77044	Лопушня	Ivano-Frankivska	Rohatynskyi	49.3813	24.7139
77045	Жовчів	Ivano-Frankivska	Rohatynskyi	49.3603	24.7191
77046	Лучинці	Ivano-Frankivska	Rohatynskyi	49.3813	24.7139
77047	Обельниця	Ivano-Frankivska	Rohatynskyi	49.3813	24.7139
77048	Кам'янка	Ivano-Frankivska	Rohatynskyi	49.3813	24.7139
77049	Корчунок	Ivano-Frankivska	Rohatynskyi	49.3813	24.7139
77050	Підмихайлівці	Ivano-Frankivska	Rohatynskyi	49.2999	24.3446
77051	Журів	Ivano-Frankivska	Rohatynskyi	49.3183	24.4566
77052	Луковець-Вишнівський	Ivano-Frankivska	Rohatynskyi	49.2999	24.3446
77053	Григорів	Ivano-Frankivska	Rohatynskyi	49.2999	24.3446
77054	Кривня	Ivano-Frankivska	Rohatynskyi	49.2999	24.3446
77055	Кутці	Ivano-Frankivska	Rohatynskyi	49.2999	24.3446
77056	Луковець-Журівський	Ivano-Frankivska	Rohatynskyi	49.2999	24.3446
77057	Луковище	Ivano-Frankivska	Rohatynskyi	49.2999	24.3446
77058	Любша	Ivano-Frankivska	Rohatynskyi	49.2816	24.2326
77059	Малинівка	Ivano-Frankivska	Rohatynskyi	49.2999	24.3446
77060	Колоколин	Ivano-Frankivska	Rohatynskyi	49.3058	24.4942
77061	Чагрів	Ivano-Frankivska	Rohatynskyi	49.9167	24.3239
77062	Чернів	Ivano-Frankivska	Rohatynskyi	49.9167	24.3239
77063	Вишнів	Ivano-Frankivska	Rohatynskyi	51.198	24.0293
77064	Козарі	Ivano-Frankivska	Rohatynskyi	49.2462	24.4481
77065	Букачівці	Ivano-Frankivska	Rohatynskyi	49.9167	24.3239
77066	Межигаїї	Ivano-Frankivska	Rohatynskyi	49.9167	24.3239
77067	Мельна	Ivano-Frankivska	Rohatynskyi	49.9167	24.3239
77068	Пилипівці	Ivano-Frankivska	Rohatynskyi	49.9167	24.3239
77069	Підбір'я	Ivano-Frankivska	Rohatynskyi	49.9167	24.3239
77070	Юнашків	Ivano-Frankivska	Rohatynskyi	49.2993	24.7548
77071	Нижня Липиця	Ivano-Frankivska	Rohatynskyi	49.2993	24.7548
77072	Сарники	Ivano-Frankivska	Rohatynskyi	49.3123	24.7363
77073	Діброва	Ivano-Frankivska	Rohatynskyi	49.2912	24.7335
77074	Світанок	Ivano-Frankivska	Rohatynskyi	49.2945	24.7946
77075	Погребівка	Ivano-Frankivska	Rohatynskyi	49.2993	24.7548
77076	Посвірж	Ivano-Frankivska	Rohatynskyi	49.2993	24.7548
77077	Стефанівка	Ivano-Frankivska	Rohatynskyi	49.2993	24.7548
77078	Уїзд	Ivano-Frankivska	Rohatynskyi	49.2993	24.7548
77079	Яглуш	Ivano-Frankivska	Rohatynskyi	49.2993	24.7548
77080	Лісова	Ivano-Frankivska	Rohatynskyi	48.796	24.3191
77081	Перенівка	Ivano-Frankivska	Rohatynskyi	48.796	24.3191
77082	Підвиння	Ivano-Frankivska	Rohatynskyi	48.796	24.3191
77083	Беньківці	Ivano-Frankivska	Rohatynskyi	48.796	24.3191
77084	Березівка	Ivano-Frankivska	Rohatynskyi	48.8256	24.6955
77085	Бойки	Ivano-Frankivska	Rohatynskyi	48.6289	24.3452
77086	Букачівська Слобода	Ivano-Frankivska	Rohatynskyi	48.796	24.3191
77087	Вигода	Ivano-Frankivska	Rohatynskyi	48.9333	23.9167
77088	Витань	Ivano-Frankivska	Rohatynskyi	48.796	24.3191
77089	Вільхова	Ivano-Frankivska	Rohatynskyi	48.796	24.3191
77090	Воронів	Ivano-Frankivska	Rohatynskyi	49.4914	24.5699
77091	Гоноратівка	Ivano-Frankivska	Rohatynskyi	49.4914	24.5699
77092	Городиська	Ivano-Frankivska	Rohatynskyi	49.4914	24.5699
77093	Зеленів	Ivano-Frankivska	Rohatynskyi	49.4914	24.5699
77101	Галич	Ivano-Frankivska	Halytskyi	49.1218	24.7258
77110	Насташине	Ivano-Frankivska	Halytskyi	49.3133	24.6997
77111	Бурштин	Ivano-Frankivska	Burshtyh	49.2587	24.6278
77112	Бурштин	Ivano-Frankivska	Burshtyh	49.2587	24.6278
77113	Вигівка	Ivano-Frankivska	Burshtyh	49.3133	24.6997
77114	Куничі	Ivano-Frankivska	Halytskyi	49.3133	24.6997
77116	Тенетники	Ivano-Frankivska	Halytskyi	49.2306	24.533
77119	Куропатники	Ivano-Frankivska	Halytskyi	49.5051	25.0104
77120	Озеряни	Ivano-Frankivska	Halytskyi	48.8043	25.106
77121	Слобода	Ivano-Frankivska	Halytskyi	48.4569	24.813
77122	Коростовичі	Ivano-Frankivska	Halytskyi	49.2582	24.662
77123	Нові Скоморохи	Ivano-Frankivska	Halytskyi	49.2554	24.7811
77124	Старі Скоморохи	Ivano-Frankivska	Halytskyi	49.2523	24.7896
77125	Кінашів	Ivano-Frankivska	Halytskyi	49.2304	24.7377
77126	Жалибори	Ivano-Frankivska	Halytskyi	49.0429	24.8149
77127	Курів	Ivano-Frankivska	Halytskyi	49.0429	24.8149
77128	Поділля	Ivano-Frankivska	Halytskyi	49.0429	24.8149
77129	Новий Мартинів	Ivano-Frankivska	Halytskyi	49.0429	24.8149
77130	Старий Мартинів	Ivano-Frankivska	Halytskyi	49.494	24.9368
77131	Дем'янів	Ivano-Frankivska	Halytskyi	49.494	24.9368
77132	Бовшів	Ivano-Frankivska	Halytskyi	49.494	24.9368
77133	Задністрянське	Ivano-Frankivska	Halytskyi	49.494	24.9368
77134	Демешківці	Ivano-Frankivska	Halytskyi	49.494	24.9368
77135	Німшин	Ivano-Frankivska	Halytskyi	49.494	24.9368
77139	Загір'я Кукільницьке	Ivano-Frankivska	Halytskyi	49.494	24.9368
77140	Дитятин	Ivano-Frankivska	Halytskyi	48.9158	24.8513
77141	Набережне	Ivano-Frankivska	Halytskyi	48.9158	24.8513
77142	Хохонів	Ivano-Frankivska	Halytskyi	48.9158	24.8513
77143	Кукільники	Ivano-Frankivska	Halytskyi	49.1939	24.802
77144	Яблунів	Ivano-Frankivska	Halytskyi	48.4042	24.9387
77145	Медуха	Ivano-Frankivska	Halytskyi	49.1493	24.8131
77146	Більшівці	Ivano-Frankivska	Halytskyi	48.9158	24.8513
77147	Слобідка Більшівцівська	Ivano-Frankivska	Halytskyi	48.9158	24.8513
77148	Ворониця	Ivano-Frankivska	Halytskyi	48.9158	24.8513
77150	Перлівці	Ivano-Frankivska	Halytskyi	49.8413	24.118
77151	Острів	Ivano-Frankivska	Halytskyi	50.3905	24.1659
77152	Дорогів	Ivano-Frankivska	Halytskyi	49.8413	24.118
77153	Колодіїв	Ivano-Frankivska	Halytskyi	49.8413	24.118
77155	Суботів	Ivano-Frankivska	Halytskyi	49.8413	24.118
77156	Темерівці	Ivano-Frankivska	Halytskyi	49.8413	24.118
77157	Пукасівці	Ivano-Frankivska	Halytskyi	49.8413	24.118
77158	Курипів	Ivano-Frankivska	Halytskyi	49.8413	24.118
77159	Ганнівці	Ivano-Frankivska	Halytskyi	49.2921	24.0701
77160	Залуква	Ivano-Frankivska	Halytskyi	49.1191	24.7101
77161	Блюдники	Ivano-Frankivska	Halytskyi	49.6684	24.4714
77162	Крилос	Ivano-Frankivska	Halytskyi	49.0856	24.6891
77163	Мединя	Ivano-Frankivska	Halytskyi	49.6684	24.4714
77164	Комарів	Ivano-Frankivska	Halytskyi	50.4011	24.3172
77165	Бринь	Ivano-Frankivska	Halytskyi	49.0523	24.5645
77166	Вікторів	Ivano-Frankivska	Halytskyi	49.052	24.6334
77167	Височанка	Ivano-Frankivska	Halytskyi	49.6684	24.4714
77168	Сокіл	Ivano-Frankivska	Halytskyi	51.3	23.9142
77169	Сапогів	Ivano-Frankivska	Halytskyi	49.6684	24.4714
77170	Тустань	Ivano-Frankivska	Halytskyi	49.1325	24.7649
77171	Межигірці	Ivano-Frankivska	Halytskyi	50.1502	25.6686
77172	Дубівці	Ivano-Frankivska	Halytskyi	50.1502	25.6686
77173	Делієве	Ivano-Frankivska	Halytskyi	50.1502	25.6686
77174	Лани	Ivano-Frankivska	Halytskyi	50.1502	25.6686
77175	Бишів	Ivano-Frankivska	Halytskyi	50.3871	24.5222
77176	Водники	Ivano-Frankivska	Halytskyi	49.704	24.2321
77177	Садки	Ivano-Frankivska	Halytskyi	50.7092	29.4756
77178	Озерце	Ivano-Frankivska	Halytskyi	50.818	25.3482
77179	Кремидів	Ivano-Frankivska	Halytskyi	50.1502	25.6686
77180	Кінчаки	Ivano-Frankivska	Halytskyi	49.1042	24.9336
77181	Маріямпіль	Ivano-Frankivska	Halytskyi	49.0946	24.9117
77182	Тумир	Ivano-Frankivska	Halytskyi	49.0849	24.8898
77183	Підшумлянці	Ivano-Frankivska	Halytskyi	49.0946	24.9117
77184	Поплавники	Ivano-Frankivska	Halytskyi	49.0946	24.9117
77185	Придністров'я	Ivano-Frankivska	Halytskyi	49.0946	24.9117
77186	Різдвяни	Ivano-Frankivska	Halytskyi	49.0946	24.9117
77187	Шевченкове (Залукв'янська)	Ivano-Frankivska	Halytskyi	49.0946	24.9117
77191	Нараївка	Ivano-Frankivska	Halytskyi	50.8062	27.9048
77202	Болехів	Ivano-Frankivska	Bolekhiv	49.0661	23.8644
77205	Сукіль	Ivano-Frankivska	Bolekhiv	48.9915	23.6232
77206	Танява	Ivano-Frankivska	Bolekhiv	49.1093	23.764
77207	Бубнище	Ivano-Frankivska	Bolekhiv	49.0428	23.7121
77208	Буковець	Ivano-Frankivska	Bolekhiv	48.6244	23.3574
77209	Заріччя	Ivano-Frankivska	Bolekhiv	49.0973	23.9573
77210	Міжріччя	Ivano-Frankivska	Bolekhiv	49.1127	23.9456
77211	Гузіїв	Ivano-Frankivska	Bolekhiv	49.071	23.9061
77212	Підбережжя	Ivano-Frankivska	Bolekhiv	49.0557	23.9134
77220	Тисів	Ivano-Frankivska	Bolekhiv	49.0491	23.7694
77221	Поляниця	Ivano-Frankivska	Bolekhiv	49.0234	23.7013
77222	Козаківка	Ivano-Frankivska	Bolekhiv	48.9844	23.6511
77300	Калуш	Ivano-Frankivska	Kaluskyi	49.0119	24.3731
77301	Калуш	Ivano-Frankivska	Kaluskyi	49.0119	24.3731
77303	Калуш	Ivano-Frankivska	Kaluskyi	49.0119	24.3731
77304	Калуш	Ivano-Frankivska	Kaluskyi	49.0119	24.3731
77306	Калуш	Ivano-Frankivska	Kaluskyi	49.0119	24.3731
77307	Калуш	Ivano-Frankivska	Kaluskyi	49.0119	24.3731
77310	Калуш	Ivano-Frankivska	Kaluskyi	49.0119	24.3731
77311	Калуш	Ivano-Frankivska	Kaluskyi	49.0119	24.3731
77312	Калуш	Ivano-Frankivska	Kaluskyi	49.0119	24.3731
77315	Довпотів	Ivano-Frankivska	Kaluskyi	49.0409	24.4033
77316	Войнилів	Ivano-Frankivska	Kaluskyi	49.1281	24.494
77320	Довгий Войнилів	Ivano-Frankivska	Kaluskyi	49.1166	24.2702
77321	Станькова	Ivano-Frankivska	Kaluskyi	49.1473	24.3016
77322	Збора	Ivano-Frankivska	Kaluskyi	49.1207	24.2517
77323	Завадка	Ivano-Frankivska	Kaluskyi	49.1	24.2333
77324	Верхня	Ivano-Frankivska	Kaluskyi	49.0985	24.2942
77325	Негівці	Ivano-Frankivska	Kaluskyi	49.1166	24.2702
77326	Гуменів	Ivano-Frankivska	Kaluskyi	49.1166	24.2702
77327	Томашівці	Ivano-Frankivska	Kaluskyi	49.1166	24.2702
77328	Перекоси	Ivano-Frankivska	Kaluskyi	49.1166	24.2702
77330	Копанки	Ivano-Frankivska	Kaluskyi	49.0814	24.3908
77331	Мостище	Ivano-Frankivska	Kaluskyi	51.6634	24.8271
77332	Перевозець	Ivano-Frankivska	Kaluskyi	49.929	24.561
77333	Слобідка	Ivano-Frankivska	Kaluskyi	49.929	24.561
77334	Студінка	Ivano-Frankivska	Kaluskyi	49.0422	24.4652
77335	Середній Бабин	Ivano-Frankivska	Kaluskyi	49.929	24.561
77340	Кропивник	Ivano-Frankivska	Kaluskyi	49.0351	24.2705
77341	Кадобна	Ivano-Frankivska	Kaluskyi	49.0381	24.2124
77342	Сівка-Калуська	Ivano-Frankivska	Kaluskyi	49.0246	24.2907
77343	Голинь	Ivano-Frankivska	Kaluskyi	49.014	24.2443
77344	Пійло	Ivano-Frankivska	Kaluskyi	49.0012	24.3026
77345	Довге-Калуське	Ivano-Frankivska	Kaluskyi	48.9887	24.309
77346	Тужилів	Ivano-Frankivska	Kaluskyi	48.986	24.2494
77350	Боднарів	Ivano-Frankivska	Kaluskyi	49.0303	24.5364
77351	Вістова	Ivano-Frankivska	Kaluskyi	49.0236	24.4805
77352	Підмихайля	Ivano-Frankivska	Kaluskyi	48.7517	24.6213
77353	Бережниця	Ivano-Frankivska	Kaluskyi	48.2012	24.8469
77354	Ріп'янка	Ivano-Frankivska	Kaluskyi	48.7517	24.6213
77355	Мислів	Ivano-Frankivska	Kaluskyi	48.7517	24.6213
77356	Завій	Ivano-Frankivska	Kaluskyi	48.7517	24.6213
77357	Грабівка	Ivano-Frankivska	Kaluskyi	48.7517	24.6213
77360	Новиця	Ivano-Frankivska	Kaluskyi	48.9634	24.3354
77361	Добровляни	Ivano-Frankivska	Kaluskyi	49.0283	24.2951
77362	Старий Угринів	Ivano-Frankivska	Kaluskyi	49.0283	24.2951
77363	Середній Угринів	Ivano-Frankivska	Kaluskyi	48.9232	24.3511
77364	Цвітова	Ivano-Frankivska	Kaluskyi	49.0283	24.2951
77365	Сівка-Войнилівська	Ivano-Frankivska	Kaluskyi	49.0283	24.2951
77366	Бабин Зарічний	Ivano-Frankivska	Kaluskyi	49.0283	24.2951
77368	Болохів	Ivano-Frankivska	Kaluskyi	49.0951	24.193
77369	Вилки	Ivano-Frankivska	Kaluskyi	49.1316	24.3008
77370	Діброва	Ivano-Frankivska	Kaluskyi	49.0069	23.9817
77371	Довжка	Ivano-Frankivska	Kaluskyi	49.0834	24.2715
77372	Дубовиця	Ivano-Frankivska	Kaluskyi	49.0834	24.2715
77373	Зелений Яр	Ivano-Frankivska	Kaluskyi	48.9429	24.3108
77374	Іванкова	Ivano-Frankivska	Kaluskyi	49.1122	24.3116
77375	Кудлатівка	Ivano-Frankivska	Kaluskyi	49.0834	24.2715
77376	Кулинка	Ivano-Frankivska	Kaluskyi	49.1449	24.2476
77377	Лука	Ivano-Frankivska	Kaluskyi	49.21	24.5057
77378	Мошківці	Ivano-Frankivska	Kaluskyi	49.0834	24.2715
77379	Павликівка	Ivano-Frankivska	Kaluskyi	49.0834	24.2715
77380	Середня	Ivano-Frankivska	Kaluskyi	50.3363	27.5583
77381	Степанівка	Ivano-Frankivska	Kaluskyi	49.073	24.2443
77382	Яворівка	Ivano-Frankivska	Kaluskyi	50.4568	27.8611
77401	Тисмениця	Ivano-Frankivska	Tysmenytskyi	48.9022	24.8448
77406	Погоня	Ivano-Frankivska	Tysmenytskyi	48.8901	24.86
77407	Пшеничники	Ivano-Frankivska	Tysmenytskyi	48.8781	24.8752
77408	Хом'яківка	Ivano-Frankivska	Tysmenytskyi	48.8901	24.86
77410	Козина	Ivano-Frankivska	Tysmenytskyi	49.2986	26.2389
77411	Єзупіль	Ivano-Frankivska	Tysmenytskyi	49.5305	25.0049
77412	Рибне	Ivano-Frankivska	Tysmenytskyi	49.5305	25.0049
77414	Сілець	Ivano-Frankivska	Tysmenytskyi	50.2971	24.2046
77415	Тязів	Ivano-Frankivska	Tysmenytskyi	49.5305	25.0049
77419	Нова Гута	Ivano-Frankivska	Tysmenytskyi	48.9958	24.5712
77420	Майдан	Ivano-Frankivska	Tysmenytskyi	48.6031	23.4741
77421	Павлівка	Ivano-Frankivska	Tysmenytskyi	48.995	24.6583
77422	Ямниця	Ivano-Frankivska	Tysmenytskyi	48.9897	24.7075
77423	Угринів	Ivano-Frankivska	Tysmenytskyi	48.9552	24.6929
77424	Клузів	Ivano-Frankivska	Tysmenytskyi	48.8858	24.3832
77430	Побережжя	Ivano-Frankivska	Tysmenytskyi	49.3309	25.2787
77431	Ганнусівка	Ivano-Frankivska	Tysmenytskyi	49.3309	25.2787
77432	Стриганці	Ivano-Frankivska	Tysmenytskyi	49.3072	23.9899
77433	Довге	Ivano-Frankivska	Tysmenytskyi	48.9887	24.309
77434	Узин	Ivano-Frankivska	Tysmenytskyi	48.9847	24.8135
77435	Колодіївка	Ivano-Frankivska	Tysmenytskyi	50.3805	28.3777
77436	Рошнів	Ivano-Frankivska	Tysmenytskyi	48.9935	24.9033
77437	Милування	Ivano-Frankivska	Tysmenytskyi	49.3309	25.2787
77438	Добровляни	Ivano-Frankivska	Tysmenytskyi	49.3309	25.2787
77440	Вільшаниця	Ivano-Frankivska	Tysmenytskyi	49.2919	24.5582
77441	Підпечери	Ivano-Frankivska	Tysmenytskyi	49.2919	24.5582
77442	Підлужжя	Ivano-Frankivska	Tysmenytskyi	50.3453	25.6931
77443	Клубівці	Ivano-Frankivska	Tysmenytskyi	49.2919	24.5582
77449	Посіч	Ivano-Frankivska	Tysmenytskyi	48.2384	23.4233
77450	Загвіздя	Ivano-Frankivska	Tysmenytskyi	48.9184	24.6528
77451	Підлісся	Ivano-Frankivska	Tysmenytskyi	48.842	24.121
77452	Старий Лисець	Ivano-Frankivska	Tysmenytskyi	48.9762	24.2481
77453	Стебник	Ivano-Frankivska	Tysmenytskyi	49.2942	23.5636
77454	Драгомирчани	Ivano-Frankivska	Tysmenytskyi	48.9762	24.2481
77455	Лисець	Ivano-Frankivska	Tysmenytskyi	48.9762	24.2481
77457	Радча	Ivano-Frankivska	Tysmenytskyi	48.8502	24.655
77458	Чукалівка	Ivano-Frankivska	Tysmenytskyi	48.9762	24.2481
77459	Студинець	Ivano-Frankivska	Tysmenytskyi	48.9762	24.2481
77460	Черніїв	Ivano-Frankivska	Tysmenytskyi	48.8566	24.7139
77461	Березівка	Ivano-Frankivska	Tysmenytskyi	48.8256	24.6955
77462	Братківці	Ivano-Frankivska	Tysmenytskyi	49.2201	23.8365
77463	Липівка	Ivano-Frankivska	Tysmenytskyi	48.9674	24.4153
77464	Нова Липівка	Ivano-Frankivska	Tysmenytskyi	48.9674	24.4153
77469	Одаї	Ivano-Frankivska	Tysmenytskyi	48.9674	24.4153
77470	Марківці	Ivano-Frankivska	Tysmenytskyi	49.1287	24.6963
77471	Чорнолізці	Ivano-Frankivska	Tysmenytskyi	49.1287	24.6963
77472	Слобідка	Ivano-Frankivska	Tysmenytskyi	49.1287	24.6963
77473	Нові Кривотули	Ivano-Frankivska	Tysmenytskyi	49.1287	24.6963
77474	Старі Кривотули	Ivano-Frankivska	Tysmenytskyi	49.1287	24.6963
77475	Красилівка	Ivano-Frankivska	Tysmenytskyi	49.1287	24.6963
77476	Терновиця	Ivano-Frankivska	Tysmenytskyi	49.1287	24.6963
77502	Долина	Ivano-Frankivska	Dolynskyi	48.9733	24.0094
77503	Долина	Ivano-Frankivska	Dolynskyi	48.9733	24.0094
77504	Долина	Ivano-Frankivska	Dolynskyi	48.9733	24.0094
77510	Велика Тур'я	Ivano-Frankivska	Dolynskyi	49.1332	24.0726
77511	Белеїв	Ivano-Frankivska	Dolynskyi	49.0966	24.0247
77512	Тростянець	Ivano-Frankivska	Dolynskyi	49.0684	24.0108
77513	Слобода Долинська	Ivano-Frankivska	Dolynskyi	49.0332	24.0259
77514	Рахиня	Ivano-Frankivska	Dolynskyi	49.0013	24.0354
77515	Надіїв	Ivano-Frankivska	Dolynskyi	49.0011	24.0802
77516	Раків	Ivano-Frankivska	Dolynskyi	49.0017	24.1055
77517	Новичка	Ivano-Frankivska	Dolynskyi	48.9868	24.024
77520	Гошів	Ivano-Frankivska	Dolynskyi	49.031	23.8891
77521	Гериня	Ivano-Frankivska	Dolynskyi	49.0279	23.8782
77522	Тяпче	Ivano-Frankivska	Dolynskyi	49.0274	23.9025
77523	Солуків	Ivano-Frankivska	Dolynskyi	49.0365	23.9657
77524	Яворів	Ivano-Frankivska	Dolynskyi	49.0125	23.9481
77525	Якубів	Ivano-Frankivska	Dolynskyi	49.0576	23.9653
77530	Слобода Болехівська	Ivano-Frankivska	Dolynskyi	48.9753	23.7383
77531	Станківці	Ivano-Frankivska	Dolynskyi	48.9971	23.8002
77532	Церкoвна	Ivano-Frankivska	Dolynskyi	49.0049	23.7717
77533	Витвиця	Ivano-Frankivska	Dolynskyi	48.9929	23.8432
77534	Кальна	Ivano-Frankivska	Dolynskyi	48.9653	23.8164
77535	Розточки	Ivano-Frankivska	Dolynskyi	48.9732	23.7902
77540	Княжолука	Ivano-Frankivska	Dolynskyi	48.9966	23.9058
77541	Новоселиця	Ivano-Frankivska	Dolynskyi	48.9445	23.9153
77542	Кропивник	Ivano-Frankivska	Dolynskyi	48.9339	23.8412
77543	Старий Мізунь	Ivano-Frankivska	Dolynskyi	48.9213	23.874
77550	Оболоння	Ivano-Frankivska	Dolynskyi	48.9523	24.0281
77551	Мала Тур'я	Ivano-Frankivska	Dolynskyi	48.9536	23.9683
77552	Вигода	Ivano-Frankivska	Dolynskyi	48.9333	23.9167
77553	Пациків	Ivano-Frankivska	Dolynskyi	48.9245	23.9197
77554	Новошин	Ivano-Frankivska	Dolynskyi	48.8959	23.9006
77555	Пшеничники	Ivano-Frankivska	Dolynskyi	48.8944	23.8671
77556	Шевченкове (Шевченківська)	Ivano-Frankivska	Dolynskyi	48.9058	23.9104
77557	Мислівка	Ivano-Frankivska	Dolynskyi	48.7865	23.7726
77560	Лолин	Ivano-Frankivska	Dolynskyi	48.875	23.9414
77561	Підліски	Ivano-Frankivska	Dolynskyi	48.8517	23.9236
77562	Максимівка	Ivano-Frankivska	Dolynskyi	48.8851	23.9317
77563	Вишків	Ivano-Frankivska	Dolynskyi	48.7277	23.6547
77564	Сенечів	Ivano-Frankivska	Dolynskyi	48.7332	23.5914
77565	Ангелівка	Ivano-Frankivska	Dolynskyi	48.8691	23.9247
77566	Вигодівка	Ivano-Frankivska	Dolynskyi	48.9978	23.8857
77567	Діброва	Ivano-Frankivska	Dolynskyi	49.0069	23.9817
77568	Липа	Ivano-Frankivska	Dolynskyi	48.9462	23.7165
77569	Лужки	Ivano-Frankivska	Dolynskyi	48.9648	23.7
77570	Новий Мізунь	Ivano-Frankivska	Dolynskyi	48.8901	23.8372
77601	Рожнятів	Ivano-Frankivska	Rozhniativskyi	48.9358	24.1638
77605	Сваричів	Ivano-Frankivska	Rozhniativskyi	48.9622	24.1966
77610	Креховичі	Ivano-Frankivska	Rozhniativskyi	49.0078	24.1517
77611	Брошнів-Осада	Ivano-Frankivska	Rozhniativskyi	48.9962	24.1975
77614	Брошнів	Ivano-Frankivska	Rozhniativskyi	48.9962	24.1975
77620	Нижній Струтинь	Ivano-Frankivska	Rozhniativskyi	48.941	24.1194
77621	Верхній Струтинь	Ivano-Frankivska	Rozhniativskyi	48.9178	24.0742
77622	Лоп'янка	Ivano-Frankivska	Rozhniativskyi	48.9055	24.0409
77623	Грабів	Ivano-Frankivska	Rozhniativskyi	48.9054	24.0082
77624	Спас	Ivano-Frankivska	Rozhniativskyi	48.8899	24.0629
77625	Підсухи	Ivano-Frankivska	Rozhniativskyi	48.8591	24.0606
77626	Погорілець	Ivano-Frankivska	Rozhniativskyi	48.8771	24.0715
77627	Крива	Ivano-Frankivska	Rozhniativskyi	48.9289	23.9884
77630	Берлоги	Ivano-Frankivska	Rozhniativskyi	48.968	24.2469
77631	Рівня	Ivano-Frankivska	Rozhniativskyi	48.9235	24.2211
77632	Слобода-Рівнянська	Ivano-Frankivska	Rozhniativskyi	48.8912	24.2163
77633	Камінь	Ivano-Frankivska	Rozhniativskyi	48.9191	24.2623
77634	Вербівка	Ivano-Frankivska	Rozhniativskyi	48.8965	24.2618
77635	Петранка	Ivano-Frankivska	Rozhniativskyi	48.9025	24.3035
77636	Топільське	Ivano-Frankivska	Rozhniativskyi	48.9253	24.2332
77640	Цінева	Ivano-Frankivska	Rozhniativskyi	48.8833	24.1667
77641	Ясеновець	Ivano-Frankivska	Rozhniativskyi	48.8891	24.1216
77642	Князівське	Ivano-Frankivska	Rozhniativskyi	48.8664	24.1466
77643	Іванівка	Ivano-Frankivska	Rozhniativskyi	48.8786	24.1168
77644	Дуба	Ivano-Frankivska	Rozhniativskyi	48.8496	24.158
77645	Дубшара	Ivano-Frankivska	Rozhniativskyi	48.8623	24.1426
77646	Лецівка	Ivano-Frankivska	Rozhniativskyi	48.8231	24.1098
77647	Підлісся	Ivano-Frankivska	Rozhniativskyi	48.842	24.121
77648	Рoшняте	Ivano-Frankivska	Rozhniativskyi	48.8667	24.2
77650	Ілемня	Ivano-Frankivska	Rozhniativskyi	48.8532	23.9711
77651	Луги	Ivano-Frankivska	Rozhniativskyi	48.8458	24.0306
77652	Суходіл	Ivano-Frankivska	Rozhniativskyi	48.7935	24.0168
77653	Липовиця	Ivano-Frankivska	Rozhniativskyi	48.7626	24.0574
77660	Красне	Ivano-Frankivska	Rozhniativskyi	48.8563	24.2784
77661	Ріпне	Ivano-Frankivska	Rozhniativskyi	48.8279	24.1462
77662	Перегінське	Ivano-Frankivska	Rozhniativskyi	48.8163	24.1903
77665	Закерничне	Ivano-Frankivska	Rozhniativskyi	48.7697	24.1849
77666	Вільхівка	Ivano-Frankivska	Rozhniativskyi	48.8515	24.187
77669	Ловаги	Ivano-Frankivska	Rozhniativskyi	48.8581	24.2278
77670	Небилів	Ivano-Frankivska	Rozhniativskyi	48.8153	24.2166
77671	Сливки	Ivano-Frankivska	Rozhniativskyi	48.7756	24.2023
77672	Осмолода	Ivano-Frankivska	Rozhniativskyi	48.6514	24.0202
77673	Ясень	Ivano-Frankivska	Rozhniativskyi	48.7431	24.1694
77674	Бабське	Ivano-Frankivska	Rozhniativskyi	48.7214	24.1537
77675	Гриньків	Ivano-Frankivska	Rozhniativskyi	48.6952	24.1167
77676	Черепина	Ivano-Frankivska	Rozhniativskyi	48.7325	24.1953
77677	Турівка	Ivano-Frankivska	Rozhniativskyi	48.7206	24.2161
77678	Погар	Ivano-Frankivska	Rozhniativskyi	48.7494	24.2144
77679	Кузьминець	Ivano-Frankivska	Rozhniativskyi	48.6788	24.0532
77680	Лази	Ivano-Frankivska	Rozhniativskyi	48.7089	24.1418
77681	Слобода- Небилівська	Ivano-Frankivska	Rozhniativskyi	48.8276	24.259
77701	Богородчани	Ivano-Frankivska	Bohorodchanskyi	48.807	24.5383
77706	Підгір'я	Ivano-Frankivska	Bohorodchanskyi	48.807	24.5383
77710	Нивочин	Ivano-Frankivska	Bohorodchanskyi	48.8689	24.5138
77711	Гринівка	Ivano-Frankivska	Bohorodchanskyi	48.8416	24.5048
77712	Старі Богородчани	Ivano-Frankivska	Bohorodchanskyi	48.8336	24.5243
77713	Скобичівка	Ivano-Frankivska	Bohorodchanskyi	48.8416	24.5048
77714	Іваниківка	Ivano-Frankivska	Bohorodchanskyi	48.8416	24.5048
77716	Похівка	Ivano-Frankivska	Bohorodchanskyi	48.8416	24.5048
77717	Саджава	Ivano-Frankivska	Bohorodchanskyi	48.8223	24.4764
77718	Глибівка	Ivano-Frankivska	Bohorodchanskyi	48.8416	24.5048
77720	Глибока	Ivano-Frankivska	Bohorodchanskyi	48.0897	25.9293
77721	Хмелівка	Ivano-Frankivska	Bohorodchanskyi	50.7773	26.9893
77722	Росільна	Ivano-Frankivska	Bohorodchanskyi	48.7751	24.3826
77730	Міжгір'я	Ivano-Frankivska	Bohorodchanskyi	48.7674	24.3026
77731	Космач	Ivano-Frankivska	Bohorodchanskyi	48.7509	24.3673
77732	Раковець	Ivano-Frankivska	Bohorodchanskyi	49.6505	24.0205
77733	Кривець	Ivano-Frankivska	Bohorodchanskyi	49.2285	24.4579
77734	Бойки	Ivano-Frankivska	Bohorodchanskyi	48.6289	24.3452
77735	Діброва	Ivano-Frankivska	Bohorodchanskyi	49.2912	24.7335
77736	Копачівка	Ivano-Frankivska	Bohorodchanskyi	50.8803	25.2262
77737	Ластівці	Ivano-Frankivska	Bohorodchanskyi	49.2285	24.4579
77738	Лесівка	Ivano-Frankivska	Bohorodchanskyi	49.2285	24.4579
77739	Стара Гута	Ivano-Frankivska	Bohorodchanskyi	48.6305	24.21
77740	Луквиця	Ivano-Frankivska	Bohorodchanskyi	48.7426	24.2532
77741	Богрівка	Ivano-Frankivska	Bohorodchanskyi	48.7192	24.2645
77742	Яблунька	Ivano-Frankivska	Bohorodchanskyi	48.6971	24.2654
77743	Пороги	Ivano-Frankivska	Bohorodchanskyi	48.6876	24.2632
77744	Кричка	Ivano-Frankivska	Bohorodchanskyi	48.6788	24.3294
77745	Гута	Ivano-Frankivska	Bohorodchanskyi	48.6574	24.2169
77750	Дзвиняч	Ivano-Frankivska	Bohorodchanskyi	48.7184	24.4469
77751	Жураки	Ivano-Frankivska	Bohorodchanskyi	48.7347	24.4717
77752	Монастирчани	Ivano-Frankivska	Bohorodchanskyi	48.7184	24.4469
77753	Солотвин	Ivano-Frankivska	Bohorodchanskyi	48.7021	24.4221
77760	Горохолина	Ivano-Frankivska	Bohorodchanskyi	48.7691	24.5894
77761	Горохолин Ліс	Ivano-Frankivska	Bohorodchanskyi	48.7691	24.5894
77762	Грабовець	Ivano-Frankivska	Bohorodchanskyi	48.7691	24.5894
77763	Старуня	Ivano-Frankivska	Bohorodchanskyi	48.7691	24.5894
77770	Маркова	Ivano-Frankivska	Bohorodchanskyi	48.6758	24.4138
77771	Бабче	Ivano-Frankivska	Bohorodchanskyi	48.6722	24.4607
77772	Манява	Ivano-Frankivska	Bohorodchanskyi	48.6554	24.3754
77781	Забережжя	Ivano-Frankivska	Bohorodchanskyi	48.9307	24.5848
78001	Тлумач	Ivano-Frankivska	Tlumatskyi	48.864	25.0032
78005	Колінці	Ivano-Frankivska	Tlumatskyi	49.3753	26.3743
78006	Гринівці	Ivano-Frankivska	Tlumatskyi	49.8867	27.7453
78007	Новосілка	Ivano-Frankivska	Tlumatskyi	49.3753	26.3743
78008	Буківна	Ivano-Frankivska	Tlumatskyi	49.3753	26.3743
78009	Антонівка	Ivano-Frankivska	Tlumatskyi	49.3753	26.3743
78010	Петрилів	Ivano-Frankivska	Tlumatskyi	48.91	24.9733
78011	Олешів	Ivano-Frankivska	Tlumatskyi	48.9451	24.9856
78012	Остриня	Ivano-Frankivska	Tlumatskyi	48.91	24.9733
78013	Нижнів	Ivano-Frankivska	Tlumatskyi	48.91	24.9733
78014	Братишів	Ivano-Frankivska	Tlumatskyi	48.91	24.9733
78015	Палагичі	Ivano-Frankivska	Tlumatskyi	48.9026	24.9945
78016	Надорожна	Ivano-Frankivska	Tlumatskyi	48.8823	24.9398
78018	Загір'я	Ivano-Frankivska	Tlumatskyi	48.91	24.9733
78019	Золота Липа	Ivano-Frankivska	Tlumatskyi	48.91	24.9733
78020	Кутище	Ivano-Frankivska	Tlumatskyi	49.9539	27.8463
78021	Вікняни	Ivano-Frankivska	Tlumatskyi	49.255	25.7523
78022	Будзин	Ivano-Frankivska	Tlumatskyi	49.255	25.7523
78023	Делева	Ivano-Frankivska	Tlumatskyi	48.9124	25.2225
78024	Долина	Ivano-Frankivska	Tlumatskyi	48.8625	25.2068
78025	Вільне	Ivano-Frankivska	Tlumatskyi	49.255	25.7523
78026	Діброва	Ivano-Frankivska	Tlumatskyi	49.2912	24.7335
78027	Купелів	Ivano-Frankivska	Tlumatskyi	49.255	25.7523
78028	Смерклів	Ivano-Frankivska	Tlumatskyi	49.255	25.7523
78029	Бушкалик	Ivano-Frankivska	Tlumatskyi	49.255	25.7523
78030	Королівка	Ivano-Frankivska	Tlumatskyi	48.8081	25.0037
78031	Прибилів	Ivano-Frankivska	Tlumatskyi	48.6295	24.9362
78032	Гостів	Ivano-Frankivska	Tlumatskyi	48.6295	24.9362
78033	Бортники	Ivano-Frankivska	Tlumatskyi	48.7616	25.0269
78034	Пужники	Ivano-Frankivska	Tlumatskyi	48.7675	25.0607
78035	Грабичанка	Ivano-Frankivska	Tlumatskyi	48.6295	24.9362
78036	Лиса Гора	Ivano-Frankivska	Tlumatskyi	48.6295	24.9362
78037	Луг	Ivano-Frankivska	Tlumatskyi	48.5167	24.5833
78038	Соколівка	Ivano-Frankivska	Tlumatskyi	48.2936	25.0063
78039	Одаїв	Ivano-Frankivska	Tlumatskyi	48.6295	24.9362
78040	Олеша	Ivano-Frankivska	Tlumatskyi	48.8335	25.1366
78041	Петрів	Ivano-Frankivska	Tlumatskyi	48.8058	24.8081
78042	Ісаків	Ivano-Frankivska	Tlumatskyi	48.8058	24.8081
78043	Грушка	Ivano-Frankivska	Tlumatskyi	48.8146	25.0478
78044	Живачів	Ivano-Frankivska	Tlumatskyi	48.8058	24.8081
78045	Озеряни	Ivano-Frankivska	Tlumatskyi	48.8043	25.106
78046	Підвербці	Ivano-Frankivska	Tlumatskyi	48.8058	24.8081
78047	Сокирчин	Ivano-Frankivska	Tlumatskyi	48.8058	24.8081
78048	Мельники	Ivano-Frankivska	Tlumatskyi	48.7833	24.7333
78049	Суходіл	Ivano-Frankivska	Tlumatskyi	48.7935	24.0168
78050	Хотимир	Ivano-Frankivska	Tlumatskyi	48.757	25.1063
78051	Гарасимів	Ivano-Frankivska	Tlumatskyi	48.74	25.1232
78052	Гавриляк	Ivano-Frankivska	Tlumatskyi	48.74	25.1232
78053	Жуків	Ivano-Frankivska	Tlumatskyi	48.7095	25.0994
78054	Гончарівка	Ivano-Frankivska	Tlumatskyi	48.74	25.1232
78055	Локітка	Ivano-Frankivska	Tlumatskyi	48.74	25.1232
78056	Попелів	Ivano-Frankivska	Tlumatskyi	48.74	25.1232
78057	Тарасівка	Ivano-Frankivska	Tlumatskyi	48.74	25.1232
78058	Жабокруки	Ivano-Frankivska	Tlumatskyi	48.7535	25.1639
78060	Обертин	Ivano-Frankivska	Tlumatskyi	48.7003	25.1701
78063	Гончарів (Обертинська сільська рада)	Ivano-Frankivska	Tlumatskyi	48.7003	25.1701
78064	Яківка	Ivano-Frankivska	Tlumatskyi	48.7003	25.1701
78065	Мостище (Будзин)	Ivano-Frankivska	Tlumatskyi	48.7003	25.1701
78066	Олещин	Ivano-Frankivska	Tlumatskyi	48.7003	25.1701
78102	Городенка	Ivano-Frankivska	Horodenkivskyi	48.6727	25.5016
78103	Городенка	Ivano-Frankivska	Horodenkivskyi	48.6727	25.5016
78106	Котиківка	Ivano-Frankivska	Horodenkivskyi	48.6727	25.5016
78110	Копачинці	Ivano-Frankivska	Horodenkivskyi	49.0815	24.8211
78111	Кунисівці	Ivano-Frankivska	Horodenkivskyi	49.0815	24.8211
78112	Чернелиця	Ivano-Frankivska	Horodenkivskyi	48.8121	25.4248
78113	Вільхівці	Ivano-Frankivska	Horodenkivskyi	49.3593	24.0543
78114	Раковець	Ivano-Frankivska	Horodenkivskyi	49.6505	24.0205
78115	Семенівка	Ivano-Frankivska	Horodenkivskyi	49.0815	24.8211
78116	Корнів	Ivano-Frankivska	Horodenkivskyi	48.7993	25.3392
78117	Лука	Ivano-Frankivska	Horodenkivskyi	48.7864	25.2665
78118	Незвисько	Ivano-Frankivska	Horodenkivskyi	49.0815	24.8211
78119	Воронів (Незвиська)	Ivano-Frankivska	Horodenkivskyi	49.0815	24.8211
78120	Олієво-Королівка	Ivano-Frankivska	Horodenkivskyi	48.9772	26.0554
78121	Олієво-Корнів	Ivano-Frankivska	Horodenkivskyi	48.9772	26.0554
78122	Рашків	Ivano-Frankivska	Horodenkivskyi	48.9772	26.0554
78123	Чортовець	Ivano-Frankivska	Horodenkivskyi	48.7076	25.2755
78124	Тишківці	Ivano-Frankivska	Horodenkivskyi	48.9772	26.0554
78125	Вікно	Ivano-Frankivska	Horodenkivskyi	48.5729	25.9738
78126	Чернятин	Ivano-Frankivska	Horodenkivskyi	48.6603	25.4483
78127	Глушків	Ivano-Frankivska	Horodenkivskyi	48.9772	26.0554
78128	Білка	Ivano-Frankivska	Horodenkivskyi	48.7732	25.5412
78129	Монастирок	Ivano-Frankivska	Horodenkivskyi	50.1718	28.0383
78130	Далешове	Ivano-Frankivska	Horodenkivskyi	48.7439	25.5572
78131	Дубка	Ivano-Frankivska	Horodenkivskyi	48.786	25.4578
78132	Колінки	Ivano-Frankivska	Horodenkivskyi	48.7439	25.5572
78133	Семаківці	Ivano-Frankivska	Horodenkivskyi	48.7439	25.5572
78134	Михальче	Ivano-Frankivska	Horodenkivskyi	48.7833	25.6
78135	Поточище	Ivano-Frankivska	Horodenkivskyi	48.7414	25.5852
78136	Новоселівка	Ivano-Frankivska	Horodenkivskyi	48.7439	25.5572
78137	Передівання	Ivano-Frankivska	Horodenkivskyi	48.7439	25.5572
78138	Пробабин	Ivano-Frankivska	Horodenkivskyi	48.6648	25.5857
78139	Репужинці	Ivano-Frankivska	Horodenkivskyi	48.7439	25.5572
78140	Городниця	Ivano-Frankivska	Horodenkivskyi	50.807	27.3168
78141	Стрільче	Ivano-Frankivska	Horodenkivskyi	50.5118	24.5765
78142	Серафинці	Ivano-Frankivska	Horodenkivskyi	49.5239	25.6501
78143	Ясенів-Пільний	Ivano-Frankivska	Horodenkivskyi	48.6256	25.5243
78144	Рогиня	Ivano-Frankivska	Horodenkivskyi	49.5239	25.6501
78145	Уніж	Ivano-Frankivska	Horodenkivskyi	48.8093	25.3514
78146	Хвалибога	Ivano-Frankivska	Horodenkivskyi	49.5239	25.6501
78147	Хмелева	Ivano-Frankivska	Horodenkivskyi	48.8659	25.4814
78148	Якубівка	Ivano-Frankivska	Horodenkivskyi	49.5239	25.6501
78150	Острівець	Ivano-Frankivska	Horodenkivskyi	48.5177	26.4502
78151	Росохач	Ivano-Frankivska	Horodenkivskyi	48.9505	25.8151
78152	Прикмище	Ivano-Frankivska	Horodenkivskyi	48.5177	26.4502
78153	Виноград	Ivano-Frankivska	Horodenkivskyi	48.6189	25.2739
78154	Сороки	Ivano-Frankivska	Horodenkivskyi	48.6147	25.3656
78155	Слобідка	Ivano-Frankivska	Horodenkivskyi	47.8869	29.3461
78160	Вербівці	Ivano-Frankivska	Horodenkivskyi	49.9794	27.0128
78161	Торговиця	Ivano-Frankivska	Horodenkivskyi	50.555	25.3953
78162	Топорівці	Ivano-Frankivska	Horodenkivskyi	50.2672	26.204
78203	Коломия	Ivano-Frankivska	Kolomyiskyi	48.5312	25.0365
78206	Коломия	Ivano-Frankivska	Kolomyiskyi	48.5312	25.0365
78213	Воскресинці	Ivano-Frankivska	Kolomyiskyi	48.5895	25.0495
78214	Королівка	Ivano-Frankivska	Kolomyiskyi	48.8081	25.0037
78215	Корнич	Ivano-Frankivska	Kolomyiskyi	48.5113	25.0995
78216	Верхній Вербіж	Ivano-Frankivska	Kolomyiskyi	48.5895	25.0495
78217	Сопів	Ivano-Frankivska	Kolomyiskyi	48.5895	25.0495
78218	Нижній Вербіж	Ivano-Frankivska	Kolomyiskyi	48.5895	25.0495
78219	Спас	Ivano-Frankivska	Kolomyiskyi	48.4492	25.0453
78220	Виноград	Ivano-Frankivska	Kolomyiskyi	48.7413	24.7661
78221	Нижня Велесниця	Ivano-Frankivska	Kolomyiskyi	49.0411	24.9254
78222	Ворона	Ivano-Frankivska	Kolomyiskyi	48.7651	24.805
78223	Отинія	Ivano-Frankivska	Kolomyiskyi	48.7377	24.8611
78225	Грабич	Ivano-Frankivska	Kolomyiskyi	48.7386	24.9008
78226	Торговиця	Ivano-Frankivska	Kolomyiskyi	50.555	25.3953
78227	Струпків	Ivano-Frankivska	Kolomyiskyi	48.7087	24.8238
78228	Баб'янка	Ivano-Frankivska	Kolomyiskyi	49.0411	24.9254
78229	Берем'яни	Ivano-Frankivska	Kolomyiskyi	49.0411	24.9254
78230	Угорники	Ivano-Frankivska	Kolomyiskyi	48.9214	24.7628
78231	Голосків	Ivano-Frankivska	Kolomyiskyi	48.8076	24.8669
78232	Молодилів	Ivano-Frankivska	Kolomyiskyi	48.8076	24.8669
78233	Сідлище	Ivano-Frankivska	Kolomyiskyi	48.8076	24.8669
78234	Лісний Хлібичин	Ivano-Frankivska	Kolomyiskyi	48.8076	24.8669
78235	Скопівка	Ivano-Frankivska	Kolomyiskyi	48.8076	24.8669
78236	Черемхів	Ivano-Frankivska	Kolomyiskyi	48.6853	24.9582
78237	Жукотин	Ivano-Frankivska	Kolomyiskyi	48.6833	25.0628
78238	Богородичин	Ivano-Frankivska	Kolomyiskyi	48.7179	25.0144
78239	Боднарів	Ivano-Frankivska	Kolomyiskyi	49.0303	24.5364
78240	Коршів	Ivano-Frankivska	Kolomyiskyi	48.6589	25.0183
78241	Казанів	Ivano-Frankivska	Kolomyiskyi	48.4642	25.3312
78242	Ліски	Ivano-Frankivska	Kolomyiskyi	48.6441	25.0458
78243	Глибока	Ivano-Frankivska	Kolomyiskyi	48.0897	25.9293
78244	Велика Кам'янка	Ivano-Frankivska	Kolomyiskyi	48.4642	25.3312
78245	Фатівці	Ivano-Frankivska	Kolomyiskyi	48.4642	25.3312
78246	Годи-Добровідка	Ivano-Frankivska	Kolomyiskyi	48.4642	25.3312
78247	Мала Кам'янка	Ivano-Frankivska	Kolomyiskyi	48.4642	25.3312
78248	Раківчик	Ivano-Frankivska	Kolomyiskyi	48.4642	25.3312
78249	Шепарівці	Ivano-Frankivska	Kolomyiskyi	48.4642	25.3312
78250	Товмачик	Ivano-Frankivska	Kolomyiskyi	48.5833	24.8926
78251	Іванівці	Ivano-Frankivska	Kolomyiskyi	49.3885	24.1022
78252	Джурків	Ivano-Frankivska	Kolomyiskyi	48.6342	25.1998
78253	Турка	Ivano-Frankivska	Kolomyiskyi	48.5911	25.1404
78254	П'ядики	Ivano-Frankivska	Kolomyiskyi	48.7993	24.8338
78255	Ценява	Ivano-Frankivska	Kolomyiskyi	48.7993	24.8338
78256	Підгайчики	Ivano-Frankivska	Kolomyiskyi	48.7993	24.8338
78257	Лісна Слобідка	Ivano-Frankivska	Kolomyiskyi	48.7993	24.8338
78258	Закрівці	Ivano-Frankivska	Kolomyiskyi	48.7993	24.8338
78259	Кринички	Ivano-Frankivska	Kolomyiskyi	48.7993	24.8338
78260	Гвіздець	Ivano-Frankivska	Kolomyiskyi	48.4898	26.0369
78261	Старий Гвіздець	Ivano-Frankivska	Kolomyiskyi	48.4898	26.0369
78262	Остапківці	Ivano-Frankivska	Kolomyiskyi	48.8805	28.832
78263	Малий Гвіздець	Ivano-Frankivska	Kolomyiskyi	48.4898	26.0369
78264	Загайпіль	Ivano-Frankivska	Kolomyiskyi	48.4898	26.0369
78265	Назірна	Ivano-Frankivska	Kolomyiskyi	48.5303	25.2072
78266	Кобилець	Ivano-Frankivska	Kolomyiskyi	48.0586	24.0715
78267	Матеївці	Ivano-Frankivska	Kolomyiskyi	48.4898	26.0369
78268	Перерив	Ivano-Frankivska	Kolomyiskyi	48.4898	26.0369
78269	Липники	Ivano-Frankivska	Kolomyiskyi	48.4898	26.0369
78270	Кийданці	Ivano-Frankivska	Kolomyiskyi	48.4839	24.8811
78271	Молодятин	Ivano-Frankivska	Kolomyiskyi	48.4839	24.8811
78272	Рунгури	Ivano-Frankivska	Kolomyiskyi	48.4839	24.8811
78273	Марківка	Ivano-Frankivska	Kolomyiskyi	48.5032	24.839
78274	Печеніжин	Ivano-Frankivska	Kolomyiskyi	48.5155	24.8942
78276	Великий Ключів	Ivano-Frankivska	Kolomyiskyi	48.4709	24.9468
78277	Малий Ключів	Ivano-Frankivska	Kolomyiskyi	48.4728	24.9125
78278	Слобода	Ivano-Frankivska	Kolomyiskyi	48.4569	24.813
78279	Михалків	Ivano-Frankivska	Kolomyiskyi	48.4839	24.8811
78280	Мишин	Ivano-Frankivska	Kolomyiskyi	50.0584	25.6901
78281	Пилипи	Ivano-Frankivska	Kolomyiskyi	49.7097	26.8251
78282	Кропивище	Ivano-Frankivska	Kolomyiskyi	50.0584	25.6901
78283	Ганнів	Ivano-Frankivska	Kolomyiskyi	50.0584	25.6901
78284	Залуччя	Ivano-Frankivska	Kolomyiskyi	50.0584	25.6901
78285	Грушів	Ivano-Frankivska	Kolomyiskyi	49.4698	23.5876
78286	Тростянка	Ivano-Frankivska	Kolomyiskyi	50.8745	24.1925
78287	Пищаче	Ivano-Frankivska	Kolomyiskyi	50.0584	25.6901
78288	Станіславівка	Ivano-Frankivska	Kolomyiskyi	50.1795	28.1552
78289	Студлів	Ivano-Frankivska	Kolomyiskyi	50.0584	25.6901
78290	Дебеславці	Ivano-Frankivska	Kolomyiskyi	48.5139	25.142
78291	Семаківці	Ivano-Frankivska	Kolomyiskyi	48.5139	25.142
78292	Замулинці	Ivano-Frankivska	Kolomyiskyi	48.5139	25.142
78293	Ковалівка	Ivano-Frankivska	Kolomyiskyi	48.4297	25.0119
78294	Княждвір	Ivano-Frankivska	Kolomyiskyi	48.5139	25.142
78295	Хоросна	Ivano-Frankivska	Kolomyiskyi	48.5139	25.142
78296	Чехова	Ivano-Frankivska	Kolomyiskyi	48.5981	25.2721
78297	Ясінки	Ivano-Frankivska	Kolomyiskyi	48.5139	25.142
78301	Снятин	Ivano-Frankivska	Sniatynskyi	48.4469	25.5694
78302	Хутір-Будилів	Ivano-Frankivska	Sniatynskyi	48.4469	25.5694
78305	Запруття	Ivano-Frankivska	Sniatynskyi	48.4469	25.5694
78310	Кулачківці	Ivano-Frankivska	Sniatynskyi	48.6028	25.5404
78311	Хом'яківка	Ivano-Frankivska	Sniatynskyi	48.6028	25.5404
78312	Балинці	Ivano-Frankivska	Sniatynskyi	48.6028	25.5404
78313	Бучачки	Ivano-Frankivska	Sniatynskyi	48.5346	25.2921
78314	Трофанівка	Ivano-Frankivska	Sniatynskyi	48.6028	25.5404
78315	Заболотів	Ivano-Frankivska	Sniatynskyi	48.4705	25.2857
78316	Борщівська Турка	Ivano-Frankivska	Sniatynskyi	48.6028	25.5404
78317	Борщів	Ivano-Frankivska	Sniatynskyi	48.8033	26.0435
78318	Хлібичин	Ivano-Frankivska	Sniatynskyi	48.6028	25.5404
78319	Вишнівка	Ivano-Frankivska	Sniatynskyi	48.6028	25.5404
78320	Ганьківці	Ivano-Frankivska	Sniatynskyi	50.3229	25.4124
78321	Підвисоке	Ivano-Frankivska	Sniatynskyi	50.3229	25.4124
78322	Шевченкове (Шевченківська)	Ivano-Frankivska	Sniatynskyi	50.3229	25.4124
78324	Зібранівка	Ivano-Frankivska	Sniatynskyi	50.3229	25.4124
78325	Рожневі поля	Ivano-Frankivska	Sniatynskyi	50.3229	25.4124
78330	Красноставці	Ivano-Frankivska	Sniatynskyi	48.5277	25.5757
78331	Задубрівці	Ivano-Frankivska	Sniatynskyi	48.5277	25.5757
78332	Белелуя	Ivano-Frankivska	Sniatynskyi	48.5277	25.5757
78333	Стецева	Ivano-Frankivska	Sniatynskyi	48.5277	25.5757
78334	Потічок	Ivano-Frankivska	Sniatynskyi	48.5277	25.5757
78335	Русів	Ivano-Frankivska	Sniatynskyi	48.5277	25.5757
78336	Стецівка	Ivano-Frankivska	Sniatynskyi	48.5277	25.5757
78339	Келихів	Ivano-Frankivska	Sniatynskyi	48.5277	25.5757
78340	Тулуків	Ivano-Frankivska	Sniatynskyi	48.4656	25.3205
78341	Вовчківці	Ivano-Frankivska	Sniatynskyi	50.2983	26.2924
78342	Олешків	Ivano-Frankivska	Sniatynskyi	50.2983	26.2924
78343	Любківці	Ivano-Frankivska	Sniatynskyi	50.2983	26.2924
78344	Устя	Ivano-Frankivska	Sniatynskyi	50.7956	27.2084
78345	Орелець	Ivano-Frankivska	Sniatynskyi	50.2983	26.2924
78346	Будилів	Ivano-Frankivska	Sniatynskyi	50.2983	26.2924
78347	Тулова	Ivano-Frankivska	Sniatynskyi	51.6167	24.6
78348	Прутівка	Ivano-Frankivska	Sniatynskyi	50.3154	28.0407
78349	Видинів	Ivano-Frankivska	Sniatynskyi	50.2983	26.2924
78350	Троїця	Ivano-Frankivska	Sniatynskyi	48.6026	25.9162
78351	Іллінці	Ivano-Frankivska	Sniatynskyi	49.1048	29.2177
78352	Рудники	Ivano-Frankivska	Sniatynskyi	48.4348	25.338
78353	Тростянець	Ivano-Frankivska	Sniatynskyi	49.0684	24.0108
78354	Джурів	Ivano-Frankivska	Sniatynskyi	48.3983	25.3167
78355	Новоселиця	Ivano-Frankivska	Sniatynskyi	48.2193	26.2653
78356	Попельники	Ivano-Frankivska	Sniatynskyi	48.39	25.3486
78357	Тучапи	Ivano-Frankivska	Sniatynskyi	48.6026	25.9162
78360	Княже	Ivano-Frankivska	Sniatynskyi	50.4348	24.5712
78361	Драгасимів	Ivano-Frankivska	Sniatynskyi	50.4348	24.5712
78362	Горішнє Залуччя	Ivano-Frankivska	Sniatynskyi	50.4348	24.5712
78363	Долішнє Залуччя	Ivano-Frankivska	Sniatynskyi	50.4348	24.5712
78364	Завалля	Ivano-Frankivska	Sniatynskyi	50.4348	24.5712
78405	Надвірна	Ivano-Frankivska	Nadvirnianskyi	48.6348	24.5694
78410	Тисменичани	Ivano-Frankivska	Nadvirnianskyi	48.7717	24.6663
78411	Камінне	Ivano-Frankivska	Nadvirnianskyi	48.7577	24.7095
78412	Волосів	Ivano-Frankivska	Nadvirnianskyi	48.7312	24.6764
78413	Цуцилів	Ivano-Frankivska	Nadvirnianskyi	49.3065	25.2294
78414	Гаврилівка	Ivano-Frankivska	Nadvirnianskyi	48.6947	24.7294
78415	Мирне	Ivano-Frankivska	Nadvirnianskyi	50.6026	24.9238
78416	Млини	Ivano-Frankivska	Nadvirnianskyi	51.1376	28.6668
78417	Мозолівка	Ivano-Frankivska	Nadvirnianskyi	49.3065	25.2294
78418	Постоята	Ivano-Frankivska	Nadvirnianskyi	49.3065	25.2294
78419	Причіл	Ivano-Frankivska	Nadvirnianskyi	48.45	24.2333
78420	Перерісль	Ivano-Frankivska	Nadvirnianskyi	48.6984	24.6406
78421	Фитьків	Ivano-Frankivska	Nadvirnianskyi	48.6612	24.5163
78422	Лісна Тарновиця	Ivano-Frankivska	Nadvirnianskyi	48.6612	24.5163
78423	Гвізд	Ivano-Frankivska	Nadvirnianskyi	48.6852	24.5506
78424	Молодків	Ivano-Frankivska	Nadvirnianskyi	48.6616	24.4952
78425	Назавизів	Ivano-Frankivska	Nadvirnianskyi	48.6612	24.5163
78426	Парище	Ivano-Frankivska	Nadvirnianskyi	48.6612	24.5163
78427	Соколовиця	Ivano-Frankivska	Nadvirnianskyi	48.6612	24.5163
78428	Білозорина	Ivano-Frankivska	Nadvirnianskyi	48.6612	24.5163
78429	Букове	Ivano-Frankivska	Nadvirnianskyi	48.5997	24.379
78430	Битків	Ivano-Frankivska	Nadvirnianskyi	48.6297	24.474
78431	Пнів	Ivano-Frankivska	Nadvirnianskyi	48.6178	24.5287
78432	Пасічна	Ivano-Frankivska	Nadvirnianskyi	48.5715	24.43
78433	Зелена	Ivano-Frankivska	Nadvirnianskyi	48.0435	24.7534
78434	Максимець	Ivano-Frankivska	Nadvirnianskyi	48.5061	24.2957
78435	Черник	Ivano-Frankivska	Nadvirnianskyi	48.4922	24.3522
78436	Бистриця	Ivano-Frankivska	Nadvirnianskyi	48.4593	24.2454
78437	Вишнівці	Ivano-Frankivska	Nadvirnianskyi	48.4906	24.4499
78438	Глинки	Ivano-Frankivska	Nadvirnianskyi	48.6589	24.7656
78439	Згари	Ivano-Frankivska	Nadvirnianskyi	48.4367	24.2044
78440	Лоєва	Ivano-Frankivska	Nadvirnianskyi	48.6846	24.2668
78441	Стримба	Ivano-Frankivska	Nadvirnianskyi	48.6846	24.2668
78442	Делятин	Ivano-Frankivska	Nadvirnianskyi	48.5235	24.6247
78443	Климпуші	Ivano-Frankivska	Nadvirnianskyi	48.4331	24.2184
78444	Кубаївка	Ivano-Frankivska	Nadvirnianskyi	48.6846	24.2668
78445	Заріччя	Ivano-Frankivska	Nadvirnianskyi	49.0973	23.9573
78446	Лісна Велесниця	Ivano-Frankivska	Nadvirnianskyi	48.6846	24.2668
78450	Середній Майдан	Ivano-Frankivska	Nadvirnianskyi	48.5665	24.7482
78451	Красна	Ivano-Frankivska	Nadvirnianskyi	48.5757	24.7003
78452	Верхній Майдан	Ivano-Frankivska	Nadvirnianskyi	48.5665	24.7482
78453	Саджавка	Ivano-Frankivska	Nadvirnianskyi	48.566	24.7882
78454	Добротів	Ivano-Frankivska	Nadvirnianskyi	48.5665	24.7482
78455	Ланчин	Ivano-Frankivska	Nadvirnianskyi	48.5578	24.7562
78460	Білі Ослави	Ivano-Frankivska	Nadvirnianskyi	48.4872	24.7008
78461	Чорний Потік	Ivano-Frankivska	Nadvirnianskyi	48.1828	22.9019
78462	Чорні Ослави	Ivano-Frankivska	Nadvirnianskyi	48.335	23.8013
78501	Яремче	Ivano-Frankivska	Yaremche	48.4516	24.5544
78590	Микуличин	Ivano-Frankivska	Yaremche	48.4051	24.5997
78591	Вороненко	Ivano-Frankivska	Yaremche	48.2944	24.4983
78592	Яблуниця	Ivano-Frankivska	Yaremche	48.3174	24.4845
78593	Поляниця	Ivano-Frankivska	Yaremche	49.0234	23.7013
78595	Ворохта	Ivano-Frankivska	Yaremche	48.2846	24.5654
78596	Татарів	Ivano-Frankivska	Yaremche	48.3456	24.5784
78601	Косів	Ivano-Frankivska	Kosivskyi	48.3107	25.0958
78605	Вербовець	Ivano-Frankivska	Kosivskyi	48.1697	22.8997
78606	Старий Косів	Ivano-Frankivska	Kosivskyi	48.2653	24.3775
78607	Смодна	Ivano-Frankivska	Kosivskyi	48.3154	25.137
78610	Баня-Березів	Ivano-Frankivska	Kosivskyi	48.4223	24.7682
78612	Лючки	Ivano-Frankivska	Kosivskyi	48.4353	24.7473
78613	Вижній Березів	Ivano-Frankivska	Kosivskyi	48.4107	24.7839
78614	Середній Березів	Ivano-Frankivska	Kosivskyi	48.4342	24.7963
78615	Нижній Березів	Ivano-Frankivska	Kosivskyi	48.4031	24.8666
78616	Люча	Ivano-Frankivska	Kosivskyi	48.4015	24.8989
78617	Текуче	Ivano-Frankivska	Kosivskyi	48.3891	24.8036
78618	Акрешори	Ivano-Frankivska	Kosivskyi	48.3608	24.8214
78620	Стопчатів	Ivano-Frankivska	Kosivskyi	48.4117	24.9733
78621	Яблунів	Ivano-Frankivska	Kosivskyi	48.4042	24.9387
78622	Уторопи	Ivano-Frankivska	Kosivskyi	48.386	24.9823
78623	Шешори	Ivano-Frankivska	Kosivskyi	48.332	24.9833
78625	Прокурава	Ivano-Frankivska	Kosivskyi	48.3276	24.9006
78626	Гуцулівка	Ivano-Frankivska	Kosivskyi	48.3723	24.9556
78627	Корости	Ivano-Frankivska	Kosivskyi	48.3723	24.9556
78628	Кривоброди	Ivano-Frankivska	Kosivskyi	48.3723	24.9556
78629	Цуцулин	Ivano-Frankivska	Kosivskyi	48.3723	24.9556
78631	Трач	Ivano-Frankivska	Kosivskyi	48.4263	25.1337
78632	Химчин	Ivano-Frankivska	Kosivskyi	48.3864	25.148
78633	Пістинь	Ivano-Frankivska	Kosivskyi	48.358	25.0272
78634	Микитинці	Ivano-Frankivska	Kosivskyi	48.3842	25.1337
78635	Рожнів	Ivano-Frankivska	Kosivskyi	48.366	25.2258
78640	Космач	Ivano-Frankivska	Kosivskyi	48.3299	24.8205
78641	Брустурів	Ivano-Frankivska	Kosivskyi	48.3047	24.8814
78642	Шепіт	Ivano-Frankivska	Kosivskyi	48.2647	24.8609
78643	Річка	Ivano-Frankivska	Kosivskyi	48.2803	24.9333
78644	Яворів	Ivano-Frankivska	Kosivskyi	49.0125	23.9481
78645	Снідавка	Ivano-Frankivska	Kosivskyi	48.2469	24.8965
78650	Соколівка	Ivano-Frankivska	Kosivskyi	48.2936	25.0063
78651	Бабин	Ivano-Frankivska	Kosivskyi	48.283	25.0424
78652	Город	Ivano-Frankivska	Kosivskyi	48.3018	25.0398
78653	Тюдів	Ivano-Frankivska	Kosivskyi	48.238	24.84
78654	Великий Рожин	Ivano-Frankivska	Kosivskyi	48.238	24.84
78655	Малий Рожин	Ivano-Frankivska	Kosivskyi	48.238	24.84
78656	Розтоки	Ivano-Frankivska	Kosivskyi	48.0736	24.2713
78660	Кобаки	Ivano-Frankivska	Kosivskyi	48.5	25.35
78661	Рибне	Ivano-Frankivska	Kosivskyi	48.2291	26.2621
78662	Слобідка	Ivano-Frankivska	Kosivskyi	47.8869	29.3461
78663	Старі Кути	Ivano-Frankivska	Kosivskyi	48.2709	25.1729
78664	Черганівка	Ivano-Frankivska	Kosivskyi	48.2291	26.2621
78665	Кути	Ivano-Frankivska	Kosivskyi	48.2587	25.1795
78701	Верховина	Ivano-Frankivska	Verkhovynskyi	48.1557	24.7911
78704	Ільці	Ivano-Frankivska	Verkhovynskyi	48.1553	24.76
78705	Красник	Ivano-Frankivska	Verkhovynskyi	48.1366	24.7354
78706	Кривопілля	Ivano-Frankivska	Verkhovynskyi	48.1952	24.6962
78707	Бистрець	Ivano-Frankivska	Verkhovynskyi	48.1224	24.7747
78708	Біла Річка	Ivano-Frankivska	Verkhovynskyi	47.9694	24.8909
78709	Барвінків	Ivano-Frankivska	Verkhovynskyi	48.1224	24.7747
78710	Криворівня	Ivano-Frankivska	Verkhovynskyi	48.178	24.8876
78711	Буковець	Ivano-Frankivska	Verkhovynskyi	48.6244	23.3574
78712	Верхній Ясенів	Ivano-Frankivska	Verkhovynskyi	48.1843	24.6233
78713	Білоберізка	Ivano-Frankivska	Verkhovynskyi	48.1843	24.6233
78714	Хороцеве	Ivano-Frankivska	Verkhovynskyi	48.1843	24.6233
78715	Устеріки	Ivano-Frankivska	Verkhovynskyi	48.127	24.9807
78716	Красноїлля	Ivano-Frankivska	Verkhovynskyi	48.1106	24.9145
78717	Бережниця	Ivano-Frankivska	Verkhovynskyi	48.2012	24.8469
78718	Дземброня	Ivano-Frankivska	Verkhovynskyi	48.107	24.6782
78719	Буркут	Ivano-Frankivska	Verkhovynskyi	47.9418	24.6981
78720	Замагора	Ivano-Frankivska	Verkhovynskyi	48.1027	24.852
78721	Великий Ходак	Ivano-Frankivska	Verkhovynskyi	48.1843	24.6849
78722	Стебні	Ivano-Frankivska	Verkhovynskyi	48.101	24.9823
78723	Голови	Ivano-Frankivska	Verkhovynskyi	48.0624	24.9138
78724	Вигода	Ivano-Frankivska	Verkhovynskyi	48.1319	24.9666
78725	Довгополе	Ivano-Frankivska	Verkhovynskyi	48.0712	24.9655
78726	Полянки	Ivano-Frankivska	Verkhovynskyi	48.064	24.9568
78727	Віпче	Ivano-Frankivska	Verkhovynskyi	48.178	24.798
78728	Волова	Ivano-Frankivska	Verkhovynskyi	48.2379	24.7012
78729	Кохан	Ivano-Frankivska	Verkhovynskyi	48.0838	24.95
78730	Зелене	Ivano-Frankivska	Verkhovynskyi	48.0435	24.7534
78731	Яблуниця	Ivano-Frankivska	Verkhovynskyi	48.0319	24.9172
78732	Черемошна	Ivano-Frankivska	Verkhovynskyi	48.0396	24.9277
78733	Явірник	Ivano-Frankivska	Verkhovynskyi	48.0173	24.7305
78734	Гринява	Ivano-Frankivska	Verkhovynskyi	47.9839	24.8758
78735	Голошина	Ivano-Frankivska	Verkhovynskyi	47.9328	24.9353
78736	Пробійнівка	Ivano-Frankivska	Verkhovynskyi	47.975	24.8252
78737	Грамотне	Ivano-Frankivska	Verkhovynskyi	47.9522	24.877
78738	Перехресне	Ivano-Frankivska	Verkhovynskyi	48.0989	24.9238
78739	Рівня	Ivano-Frankivska	Verkhovynskyi	48.1447	24.9359
78740	Сеньківське	Ivano-Frankivska	Verkhovynskyi	48.0445	24.884
78741	Стаїще	Ivano-Frankivska	Verkhovynskyi	48.1865	24.7333
78742	Стовпні	Ivano-Frankivska	Verkhovynskyi	47.9873	24.8136
78743	Топільче	Ivano-Frankivska	Verkhovynskyi	48.0888	24.7411
78744	Черетів	Ivano-Frankivska	Verkhovynskyi	48.1984	24.9624
78745	Чорна Річка	Ivano-Frankivska	Verkhovynskyi	48.099	24.8656
61000	Харків	Kharkivska	Kharkivska	49.9808	36.2527
61001	Харків	Kharkivska	Kharkivska	49.9808	36.2527
61002	Харків	Kharkivska	Kharkivska	49.9808	36.2527
61003	Харків	Kharkivska	Kharkivska	49.9808	36.2527
61004	Харків	Kharkivska	Kharkivska	49.9808	36.2527
61007	Харків	Kharkivska	Kharkivska	49.9808	36.2527
61009	Харків	Kharkivska	Kharkivska	49.9808	36.2527
61010	Харків	Kharkivska	Kharkivska	49.9808	36.2527
61013	Харків	Kharkivska	Kharkivska	49.9808	36.2527
61016	Харків	Kharkivska	Kharkivska	49.9808	36.2527
61017	Харків	Kharkivska	Kharkivska	49.9808	36.2527
61019	Харків	Kharkivska	Kharkivska	49.9808	36.2527
61020	Харків	Kharkivska	Kharkivska	49.9808	36.2527
61022	Харків	Kharkivska	Kharkivska	49.9808	36.2527
61023	Харків	Kharkivska	Kharkivska	49.9808	36.2527
61024	Харків	Kharkivska	Kharkivska	49.9808	36.2527
61026	Харків	Kharkivska	Kharkivska	49.9808	36.2527
61027	Харків	Kharkivska	Kharkivska	49.9808	36.2527
61028	Харків	Kharkivska	Kharkivska	49.9808	36.2527
61029	Харків	Kharkivska	Kharkivska	49.9808	36.2527
61030	Харків	Kharkivska	Kharkivska	49.9808	36.2527
61031	Харків	Kharkivska	Kharkivska	49.9808	36.2527
61032	Харків	Kharkivska	Kharkivska	49.9808	36.2527
61033	Харків	Kharkivska	Kharkivska	49.9808	36.2527
61036	Харків	Kharkivska	Kharkivska	49.9808	36.2527
61037	Харків	Kharkivska	Kharkivska	49.9808	36.2527
61038	Харків	Kharkivska	Kharkivska	49.9808	36.2527
61039	Харків	Kharkivska	Kharkivska	49.9808	36.2527
61040	Харків	Kharkivska	Kharkivska	49.9808	36.2527
61044	Харків	Kharkivska	Kharkivska	49.9808	36.2527
61045	Харків	Kharkivska	Kharkivska	49.9808	36.2527
61046	Харків	Kharkivska	Kharkivska	49.9808	36.2527
61047	Харків	Kharkivska	Kharkivska	49.9808	36.2527
61051	Харків	Kharkivska	Kharkivska	49.9808	36.2527
61052	Харків	Kharkivska	Kharkivska	49.9808	36.2527
61054	Харків	Kharkivska	Kharkivska	49.9808	36.2527
61057	Харків	Kharkivska	Kharkivska	49.9808	36.2527
61058	Харків	Kharkivska	Kharkivska	49.9808	36.2527
61060	Харків	Kharkivska	Kharkivska	49.9808	36.2527
61064	Харків	Kharkivska	Kharkivska	49.9808	36.2527
61066	Харків	Kharkivska	Kharkivska	49.9808	36.2527
61067	Харків	Kharkivska	Kharkivska	49.9808	36.2527
61068	Харків	Kharkivska	Kharkivska	49.9808	36.2527
61070	Харків	Kharkivska	Kharkivska	49.9808	36.2527
61071	Харків	Kharkivska	Kharkivska	49.9808	36.2527
61072	Харків	Kharkivska	Kharkivska	49.9808	36.2527
61075	Харків	Kharkivska	Kharkivska	49.9808	36.2527
61080	Харків	Kharkivska	Kharkivska	49.9808	36.2527
61082	Харків	Kharkivska	Kharkivska	49.9808	36.2527
61085	Харків	Kharkivska	Kharkivska	49.9808	36.2527
61089	Харків	Kharkivska	Kharkivska	49.9808	36.2527
61090	Харків	Kharkivska	Kharkivska	49.9808	36.2527
61091	Харків	Kharkivska	Kharkivska	49.9808	36.2527
61093	Харків	Kharkivska	Kharkivska	49.9808	36.2527
61096	Харків	Kharkivska	Kharkivska	49.9808	36.2527
61098	Харків	Kharkivska	Kharkivska	49.9808	36.2527
61099	Харків	Kharkivska	Kharkivska	49.9808	36.2527
61100	Харків	Kharkivska	Kharkivska	49.9808	36.2527
61103	Харків	Kharkivska	Kharkivska	49.9808	36.2527
61105	Харків	Kharkivska	Kharkivska	49.9808	36.2527
61106	Харків	Kharkivska	Kharkivska	49.9808	36.2527
61107	Харків	Kharkivska	Kharkivska	49.9808	36.2527
61108	Харків	Kharkivska	Kharkivska	49.9808	36.2527
61109	Харків	Kharkivska	Kharkivska	49.9808	36.2527
61110	Харків	Kharkivska	Kharkivska	49.9808	36.2527
61111	Харків	Kharkivska	Kharkivska	49.9808	36.2527
61112	Харків	Kharkivska	Kharkivska	49.9808	36.2527
61115	Харків	Kharkivska	Kharkivska	49.9808	36.2527
61118	Харків	Kharkivska	Kharkivska	49.9808	36.2527
61120	Харків	Kharkivska	Kharkivska	49.9808	36.2527
61121	Харків	Kharkivska	Kharkivska	49.9808	36.2527
61122	Харків	Kharkivska	Kharkivska	49.9808	36.2527
61123	Харків	Kharkivska	Kharkivska	49.9808	36.2527
61124	Харків	Kharkivska	Kharkivska	49.9808	36.2527
61128	Харків	Kharkivska	Kharkivska	49.9808	36.2527
61129	Харків	Kharkivska	Kharkivska	49.9808	36.2527
61135	Харків	Kharkivska	Kharkivska	49.9808	36.2527
61138	Харків	Kharkivska	Kharkivska	49.9808	36.2527
61140	Харків	Kharkivska	Kharkivska	49.9808	36.2527
61143	Харків	Kharkivska	Kharkivska	49.9808	36.2527
61144	Харків	Kharkivska	Kharkivska	49.9808	36.2527
61145	Харків	Kharkivska	Kharkivska	49.9808	36.2527
61146	Харків	Kharkivska	Kharkivska	49.9808	36.2527
61153	Харків	Kharkivska	Kharkivska	49.9808	36.2527
61157	Харків	Kharkivska	Kharkivska	49.9808	36.2527
61158	Харків	Kharkivska	Kharkivska	49.9808	36.2527
61161	Харків	Kharkivska	Kharkivska	49.9808	36.2527
61162	Харків	Kharkivska	Kharkivska	49.9808	36.2527
61166	Харків	Kharkivska	Kharkivska	49.9808	36.2527
61168	Харків	Kharkivska	Kharkivska	49.9808	36.2527
61170	Харків	Kharkivska	Kharkivska	49.9808	36.2527
61171	Харків	Kharkivska	Kharkivska	49.9808	36.2527
61172	Харків	Kharkivska	Kharkivska	49.9808	36.2527
61174	Харків	Kharkivska	Kharkivska	49.9808	36.2527
61176	Харків	Kharkivska	Kharkivska	49.9808	36.2527
61177	Харків	Kharkivska	Kharkivska	49.9808	36.2527
61183	Харків	Kharkivska	Kharkivska	49.9808	36.2527
61184	Харків	Kharkivska	Kharkivska	49.9808	36.2527
61195	Харків	Kharkivska	Kharkivska	49.9808	36.2527
61202	Харків	Kharkivska	Kharkivska	49.9808	36.2527
61204	Харків	Kharkivska	Kharkivska	49.9808	36.2527
62002	Краснокутськ	Kharkivska	Krasnokutskyi	50.066	35.1628
62008	Чернещина	Kharkivska	Krasnokutskyi	50.0869	35.1977
62009	Степанівка	Kharkivska	Krasnokutskyi	50.0964	35.0721
62010	Каплунівка	Kharkivska	Krasnokutskyi	50.1675	35.107
62011	Козіївка	Kharkivska	Krasnokutskyi	50.1471	35.2218
62012	Городнє	Kharkivska	Krasnokutskyi	48.9731	36.5177
62013	Пархомівка	Kharkivska	Krasnokutskyi	50.123	35.0056
62014	Пархомівка	Kharkivska	Krasnokutskyi	50.123	35.0056
62015	Основинці	Kharkivska	Krasnokutskyi	50.0818	35.162
62016	Лучки	Kharkivska	Krasnokutskyi	50.1437	35.1615
62017	Ходунаївка	Kharkivska	Krasnokutskyi	50.2258	35.204
62018	Прокопенкове	Kharkivska	Krasnokutskyi	50.2347	35.1507
62019	Степове	Kharkivska	Krasnokutskyi	49.9031	35.1462
62020	Мурафа	Kharkivska	Krasnokutskyi	50.0467	35.3292
62021	Мурафа	Kharkivska	Krasnokutskyi	50.0467	35.3292
62022	Павлівка	Kharkivska	Krasnokutskyi	50.1557	35.4404
62023	Володимирівка	Kharkivska	Krasnokutskyi	50.0752	35.2859
62024	Мирне	Kharkivska	Krasnokutskyi	50.0346	35.3808
62025	Качалівка	Kharkivska	Krasnokutskyi	50.018	35.2082
62026	Бузова	Kharkivska	Krasnokutskyi	49.5022	34.783
62027	Карайкозівка	Kharkivska	Krasnokutskyi	50.0095	35.1393
62028	Кусторівка	Kharkivska	Krasnokutskyi	49.9842	35.2754
62029	Михайлівське	Kharkivska	Krasnokutskyi	49.9859	35.2413
62030	Колонтаїв	Kharkivska	Krasnokutskyi	49.9798	34.9596
62031	Гаркавець	Kharkivska	Krasnokutskyi	50.1533	35.0812
62032	Любівка	Kharkivska	Krasnokutskyi	50.0193	35.0647
62033	Рябоконеве	Kharkivska	Krasnokutskyi	49.9479	34.9944
62034	Ковалівка	Kharkivska	Krasnokutskyi	49.9365	35.0173
62035	Слобідка	Kharkivska	Krasnokutskyi	49.9652	35.0478
62036	Березівка	Kharkivska	Krasnokutskyi	49.9462	34.9489
62037	Зубівка	Kharkivska	Krasnokutskyi	49.9747	34.9953
62038	Капранське	Kharkivska	Krasnokutskyi	49.9619	34.8937
62039	Комарівка	Kharkivska	Krasnokutskyi	49.9665	34.9748
62040	В'язова	Kharkivska	Krasnokutskyi	49.8839	35.1166
62041	Хутірське	Kharkivska	Krasnokutskyi	49.9333	35.1369
62042	Костянтинівка	Kharkivska	Krasnokutskyi	49.9498	35.1125
62043	Китченківка	Kharkivska	Krasnokutskyi	49.9622	35.2096
62044	Благодатне	Kharkivska	Krasnokutskyi	49.9559	35.1696
62045	Гринів Яр	Kharkivska	Krasnokutskyi	49.9059	34.9901
62046	Кам'яно-Хутірське	Kharkivska	Krasnokutskyi	49.9333	35.1369
62047	Ковалівське	Kharkivska	Krasnokutskyi	49.9117	35.0937
62048	Ковальчуківка	Kharkivska	Krasnokutskyi	49.9692	35.1625
62049	Коломацький Шлях	Kharkivska	Krasnokutskyi	49.9669	35.2124
62050	Лісне	Kharkivska	Krasnokutskyi	50.0459	35.2738
62051	Олексіївка	Kharkivska	Krasnokutskyi	49.9211	35.3384
62052	Дублянка	Kharkivska	Krasnokutskyi	49.9511	35.3456
62053	Водяне	Kharkivska	Krasnokutskyi	49.9288	35.365
62054	Бідило	Kharkivska	Krasnokutskyi	49.9837	35.3542
62055	Котелевка	Kharkivska	Krasnokutskyi	50.0386	34.9483
62056	Михайлівка	Kharkivska	Krasnokutskyi	49.8785	35.0678
62057	Настеньківка	Kharkivska	Krasnokutskyi	49.9508	35.2344
62058	Одрада	Kharkivska	Krasnokutskyi	49.8937	35.0156
62059	Оленівське	Kharkivska	Krasnokutskyi	50.0337	35.2662
62060	Олійники	Kharkivska	Krasnokutskyi	49.8894	35.0132
62061	Павлюківка	Kharkivska	Krasnokutskyi	50.0338	35.1642
62062	Петрівське	Kharkivska	Krasnokutskyi	50.0478	35.1716
62063	Пильнянка	Kharkivska	Krasnokutskyi	50.0931	35.2768
62064	Прогрес	Kharkivska	Krasnokutskyi	49.9282	35.2306
62065	Рандава	Kharkivska	Krasnokutskyi	49.9102	34.9918
62066	Мойка	Kharkivska	Krasnokutskyi	50.1782	35.0661
62067	Сергіївка	Kharkivska	Krasnokutskyi	49.9738	35.1697
62068	Ситники	Kharkivska	Krasnokutskyi	50.0999	35.102
62069	Сонцедарівка	Kharkivska	Krasnokutskyi	49.9453	35.3554
62070	Сорокове	Kharkivska	Krasnokutskyi	50.0774	35.2681
62071	Шевченкове	Kharkivska	Krasnokutskyi	49.9969	35.2589
62072	Княжа Долина	Kharkivska	Krasnokutskyi	50.0371	35.2635
62073	Бузове (Качалівська сільрада)	Kharkivska	Krasnokutskyi	50.0371	35.2635
62074	Степове (Констянтинівська сільрада)	Kharkivska	Krasnokutskyi	50.0371	35.2635
62102	Богодухів	Kharkivska	Bohodukhivskyi	50.1647	35.5277
62103	Богодухів	Kharkivska	Bohodukhivskyi	50.1647	35.5277
62110	Вінницькі Івани	Kharkivska	Bohodukhivskyi	50.2801	35.479
62111	Степне	Kharkivska	Bohodukhivskyi	50.2517	35.5138
62112	Куп'єваха	Kharkivska	Bohodukhivskyi	50.2122	35.2557
62113	Улянівка	Kharkivska	Bohodukhivskyi	50.2301	35.3133
62114	Дмитрівка	Kharkivska	Bohodukhivskyi	50.2173	35.4076
62115	Матвіївка	Kharkivska	Bohodukhivskyi	50.2232	35.409
62117	Горбанівка	Kharkivska	Bohodukhivskyi	50.2169	35.4486
62118	Дев'ятибратове	Kharkivska	Bohodukhivskyi	50.2172	35.3183
62119	Іванівка	Kharkivska	Bohodukhivskyi	50.3081	35.335
62120	Івано-Шийчине	Kharkivska	Bohodukhivskyi	50.2945	35.6037
62121	Братениця	Kharkivska	Bohodukhivskyi	50.2789	35.6759
62122	Сінне	Kharkivska	Bohodukhivskyi	50.2137	35.6355
62123	Зарябинка	Kharkivska	Bohodukhivskyi	50.2197	35.5407
62124	Леськівка	Kharkivska	Bohodukhivskyi	50.2102	35.4977
62125	Новософіївка	Kharkivska	Bohodukhivskyi	50.2398	35.3575
62126	Новоукраїнка	Kharkivska	Bohodukhivskyi	50.2564	35.4379
62127	Паляничники	Kharkivska	Bohodukhivskyi	50.2039	35.5821
62128	Семенів Яр	Kharkivska	Bohodukhivskyi	50.1338	35.5126
62129	Тимофіївка	Kharkivska	Bohodukhivskyi	50.32	35.681
62130	Полкова Микитівка	Kharkivska	Bohodukhivskyi	50.1538	35.3206
62131	Гути	Kharkivska	Bohodukhivskyi	50.1332	35.3439
62132	Губарівка	Kharkivska	Bohodukhivskyi	50.1669	35.3649
62133	Павлівка	Kharkivska	Bohodukhivskyi	50.1557	35.4404
62134	Миролюбівка	Kharkivska	Bohodukhivskyi	50.0967	35.447
62135	Балабанівка	Kharkivska	Bohodukhivskyi	50.064	35.6997
62136	Першотравневе (Шарівська сільрада)	Kharkivska	Bohodukhivskyi	50.17	35.4616
62137	Корбині Івани	Kharkivska	Bohodukhivskyi	50.3124	35.415
62138	Пісочин	Kharkivska	Bohodukhivskyi	50.1886	35.6572
62139	Коротке	Kharkivska	Bohodukhivskyi	50.2586	35.466
62140	Кленове	Kharkivska	Bohodukhivskyi	50.1489	35.6964
62141	Мерло	Kharkivska	Bohodukhivskyi	50.19	35.7198
62142	Заброди	Kharkivska	Bohodukhivskyi	50.176	35.6397
62143	Лозова	Kharkivska	Bohodukhivskyi	50.1488	35.5747
62144	Крисине	Kharkivska	Bohodukhivskyi	50.1106	35.6265
62145	Максимівка	Kharkivska	Bohodukhivskyi	50.0918	35.6963
62146	Бабенки	Kharkivska	Bohodukhivskyi	50.0923	35.6198
62147	Мала Іванівка	Kharkivska	Bohodukhivskyi	50.14	35.6487
62148	Воскобійники	Kharkivska	Bohodukhivskyi	50.1617	35.6164
62149	Горького	Kharkivska	Bohodukhivskyi	50.14	35.6487
62150	Сухини	Kharkivska	Bohodukhivskyi	50.066	35.6077
62151	Кияни	Kharkivska	Bohodukhivskyi	50.0688	35.5639
62152	Хрущова Микитівка	Kharkivska	Bohodukhivskyi	50.0576	35.4897
62153	Шарівка	Kharkivska	Bohodukhivskyi	50.0217	35.4465
62154	Кадниця	Kharkivska	Bohodukhivskyi	50.1134	35.7615
62155	Мар'їне (Ул‘янівська сільрада)	Kharkivska	Bohodukhivskyi	50.0715	35.5714
62156	Олександрівка	Kharkivska	Bohodukhivskyi	50.0216	35.5312
62157	Москаленки	Kharkivska	Bohodukhivskyi	50.1717	35.5915
62158	Новоселівка (Крисінська сільська рада)	Kharkivska	Bohodukhivskyi	50.0715	35.5714
62159	Павлове	Kharkivska	Bohodukhivskyi	50.0515	35.5792
62160	Петропавлівка	Kharkivska	Bohodukhivskyi	49.87	35.1637
62161	Вікторівка	Kharkivska	Bohodukhivskyi	51.2977	31.4118
62162	Сазоно-Баланівка	Kharkivska	Bohodukhivskyi	50.0659	35.8117
62163	Ріпки	Kharkivska	Bohodukhivskyi	50.0614	35.7711
62164	Первухинка	Kharkivska	Bohodukhivskyi	50.3202	34.7623
62165	Вертіївка	Kharkivska	Bohodukhivskyi	51.1655	31.8596
62166	Крупчине	Kharkivska	Bohodukhivskyi	50.0773	35.8172
62167	Скосогорівка	Kharkivska	Bohodukhivskyi	50.0483	35.65
62168	Таверівка	Kharkivska	Bohodukhivskyi	50.1231	35.6994
62169	Філатове	Kharkivska	Bohodukhivskyi	50.1723	35.6759
62170	Шигимагине	Kharkivska	Bohodukhivskyi	50.1833	35.6833
62171	Шийчине	Kharkivska	Bohodukhivskyi	50.1795	35.6288
62172	Шкарлати	Kharkivska	Bohodukhivskyi	50.2918	35.3925
62173	Шуби	Kharkivska	Bohodukhivskyi	50.2577	35.6723
62174	Щербаки	Kharkivska	Bohodukhivskyi	50.1906	35.4461
62175	Яблучне	Kharkivska	Bohodukhivskyi	50.0601	35.6653
62176	Дегтярі	Kharkivska	Bohodukhivskyi	50.2626	35.4809
62177	Бабаки	Kharkivska	Bohodukhivskyi	50.234	35.3881
62178	Байрак	Kharkivska	Bohodukhivskyi	50.0219	35.6645
62179	Воскресенівка	Kharkivska	Bohodukhivskyi	50.266	35.3188
62180	Гарбузи	Kharkivska	Bohodukhivskyi	50.295	35.5494
62181	Мар'їне (Шарівська сільрада)	Kharkivska	Bohodukhivskyi	49.9399	35.3888
62182	Першотравневе (Гутянська сільрада)	Kharkivska	Bohodukhivskyi	49.9399	35.3888
62183	Гавриші	Kharkivska	Bohodukhivskyi	49.9399	35.3888
62184	Зарічне	Kharkivska	Bohodukhivskyi	49.1832	35.0596
62185	Новоселівка (Забродівська сільська рада)	Kharkivska	Bohodukhivskyi	49.9399	35.3888
62186	Кручик	Kharkivska	Bohodukhivskyi	50.1441	35.4067
62187	Мусійки	Kharkivska	Bohodukhivskyi	50.1376	35.5396
62203	Золочів	Kharkivska	Zolochivskyi	50.2798	35.9818
62210	Одноробівка (Одноробівська сільрада)	Kharkivska	Zolochivskyi	50.3696	35.9121
62211	Івашки	Kharkivska	Zolochivskyi	50.3926	35.8246
62212	Гур'їв Козачок	Kharkivska	Zolochivskyi	50.4198	35.9662
62213	Баранівка	Kharkivska	Zolochivskyi	50.3751	35.9733
62214	Олександрівка	Kharkivska	Zolochivskyi	50.3641	35.8279
62215	Одноробівка (Одноробівська Перша сільська рада)	Kharkivska	Zolochivskyi	50.3696	35.9121
62216	Петрівка	Kharkivska	Zolochivskyi	50.3269	35.9054
62217	Андріївка	Kharkivska	Zolochivskyi	50.3519	35.9924
62218	Басове	Kharkivska	Zolochivskyi	50.4131	35.8839
62219	Борохи	Kharkivska	Zolochivskyi	50.3131	35.9234
62220	Уди	Kharkivska	Zolochivskyi	50.3908	36.0555
62221	Світличне	Kharkivska	Zolochivskyi	50.3276	36.0537
62222	Макарове	Kharkivska	Zolochivskyi	50.2946	36.1439
62223	Гресі	Kharkivska	Zolochivskyi	50.3239	35.8801
62224	Дуванка	Kharkivska	Zolochivskyi	50.3044	36.0538
62225	Завадське	Kharkivska	Zolochivskyi	50.358	35.8506
62226	Ковалі	Kharkivska	Zolochivskyi	50.3412	35.9168
62227	Костянтинівка	Kharkivska	Zolochivskyi	49.9498	35.1125
62228	Мартинівка	Kharkivska	Zolochivskyi	50.3375	35.9338
62229	Окіп	Kharkivska	Zolochivskyi	50.4212	36.1455
62230	Лютівка	Kharkivska	Zolochivskyi	50.3143	35.817
62231	Цапівка	Kharkivska	Zolochivskyi	50.223	35.8469
62232	Писарівка	Kharkivska	Zolochivskyi	50.247	35.7569
62233	Рясне	Kharkivska	Zolochivskyi	50.2722	35.7961
62234	Відрожденівське	Kharkivska	Zolochivskyi	50.2591	35.7781
62235	Гур'їв (Писарівська)	Kharkivska	Zolochivskyi	50.2591	35.7781
62236	Леміщине (Писарівська сільська рада)	Kharkivska	Zolochivskyi	50.2591	35.7781
62237	Малижине (Писарівська сільська рада)	Kharkivska	Zolochivskyi	50.2591	35.7781
62238	Мерло	Kharkivska	Zolochivskyi	50.19	35.7198
62239	Морозова Долина	Kharkivska	Zolochivskyi	50.308	35.7317
62240	Велика Рогозянка	Kharkivska	Zolochivskyi	50.1878	35.8378
62241	Сковородинівка	Kharkivska	Zolochivskyi	50.1579	35.7734
62242	Гуринівка	Kharkivska	Zolochivskyi	50.1481	35.8408
62243	Мала Рогозянка	Kharkivska	Zolochivskyi	50.1195	35.914
62244	Литвинове	Kharkivska	Zolochivskyi	50.2328	35.9702
62245	Вільшанське	Kharkivska	Zolochivskyi	50.114	35.907
62246	Зіньківське	Kharkivska	Zolochivskyi	50.0863	35.8639
62247	Перемога	Kharkivska	Zolochivskyi	50.1261	35.8759
62248	Постольне	Kharkivska	Zolochivskyi	50.3511	35.9606
62249	Макариха	Kharkivska	Zolochivskyi	50.2038	35.9912
62250	Довжик	Kharkivska	Zolochivskyi	50.1992	35.9623
62251	Калинове (Калиновецька сільська рада)	Kharkivska	Zolochivskyi	50.2105	35.9681
62252	Феськи	Kharkivska	Zolochivskyi	50.1432	35.9608
62253	Муравське	Kharkivska	Zolochivskyi	50.3689	35.8827
62254	Головашівка	Kharkivska	Zolochivskyi	50.1156	35.9738
62255	Високе (Феськівська сільська рада)	Kharkivska	Zolochivskyi	50.2105	35.9681
62256	Карасівка	Kharkivska	Zolochivskyi	50.2689	36.073
62257	Маяк	Kharkivska	Zolochivskyi	50.1631	35.9536
62258	Першотравневе	Kharkivska	Zolochivskyi	50.2148	35.9707
62259	Малі Феськи	Kharkivska	Zolochivskyi	50.2105	35.9681
62260	Рідний край	Kharkivska	Zolochivskyi	50.1569	35.904
62261	Розсохувате	Kharkivska	Zolochivskyi	50.3254	35.9595
62262	Скорики	Kharkivska	Zolochivskyi	50.3745	35.8551
62263	Сніги (Золочівської селещної ради)	Kharkivska	Zolochivskyi	50.321	35.9581
62264	Сніги (Одноробівська сільська рада)	Kharkivska	Zolochivskyi	50.321	35.9581
62265	Соснівка	Kharkivska	Zolochivskyi	50.3545	36.1062
62266	Сотницький Казачок	Kharkivska	Zolochivskyi	50.321	35.9581
62267	Стогнії	Kharkivska	Zolochivskyi	50.3661	35.9442
62268	Тимофіївка	Kharkivska	Zolochivskyi	50.3574	35.7897
62269	Турове	Kharkivska	Zolochivskyi	50.312	36.1478
62270	Цилюрики	Kharkivska	Zolochivskyi	50.2647	35.9788
62271	Чепелі	Kharkivska	Zolochivskyi	50.1142	35.9475
62272	Червона Зоря	Kharkivska	Zolochivskyi	50.4072	36.1307
62273	Чорноглазівка	Kharkivska	Zolochivskyi	50.237	36.0508
62274	Широкий Яр	Kharkivska	Zolochivskyi	50.3486	35.849
62275	Вікнине	Kharkivska	Zolochivskyi	50.1756	35.9149
62276	Зрубанка	Kharkivska	Zolochivskyi	50.2895	36.0006
62277	Березівка	Kharkivska	Zolochivskyi	50.2926	35.8917
62278	Бугаї Другі	Kharkivska	Zolochivskyi	50.325	35.9755
62279	Миронівка	Kharkivska	Zolochivskyi	50.1926	36.0491
62280	Орішанка	Kharkivska	Zolochivskyi	50.246	35.9445
62281	Перовське	Kharkivska	Zolochivskyi	50.4075	35.8373
62301	Дергачі	Kharkivska	Derhachivskyi	50.1066	36.1211
62302	Дергачі	Kharkivska	Derhachivskyi	50.1066	36.1211
62303	Дергачі	Kharkivska	Derhachivskyi	50.1066	36.1211
62310	Козача Лопань	Kharkivska	Derhachivskyi	50.3321	36.1982
62311	Замірці	Kharkivska	Derhachivskyi	50.1382	36.0609
62312	Нова Козача	Kharkivska	Derhachivskyi	50.2675	36.2198
62313	Гоптівка	Kharkivska	Derhachivskyi	50.2836	36.268
62314	Дубівка	Kharkivska	Derhachivskyi	50.276	36.2109
62316	Бугаївка	Kharkivska	Derhachivskyi	50.2869	36.2433
62317	Висока Яруга	Kharkivska	Derhachivskyi	50.2739	36.3186
62318	Токарівка	Kharkivska	Derhachivskyi	50.2816	36.2388
62320	Прудянка	Kharkivska	Derhachivskyi	50.2361	36.1684
62321	Слатине	Kharkivska	Derhachivskyi	50.2104	36.1538
62322	Безруки	Kharkivska	Derhachivskyi	50.174	36.1203
62323	Кудіївка	Kharkivska	Derhachivskyi	50.2891	36.2602
62324	Лещенки	Kharkivska	Derhachivskyi	50.1753	36.1461
62325	Лобанівка	Kharkivska	Derhachivskyi	50.2692	36.1902
62326	Маслії	Kharkivska	Derhachivskyi	50.1707	36.048
62327	Мищенки	Kharkivska	Derhachivskyi	50.1538	36.0497
62328	Семенівка	Kharkivska	Derhachivskyi	50.0814	36.0658
62329	Солоний Яр	Kharkivska	Derhachivskyi	50.2045	36.1235
62330	Малі Проходи	Kharkivska	Derhachivskyi	50.2291	36.3411
62331	Великі Проходи	Kharkivska	Derhachivskyi	50.2016	36.333
62332	Руська Лозова	Kharkivska	Derhachivskyi	50.1421	36.2861
62333	Питомник	Kharkivska	Derhachivskyi	50.1727	36.2627
62334	Дементіївка	Kharkivska	Derhachivskyi	50.2333	36.2369
62335	Цупівка	Kharkivska	Derhachivskyi	50.27	36.1817
62336	Шаповалівка	Kharkivska	Derhachivskyi	50.2456	36.1437
62337	Шевченка	Kharkivska	Derhachivskyi	50.3637	36.2135
62338	Шовкопляси	Kharkivska	Derhachivskyi	49.3447	34.138
62339	Шопине	Kharkivska	Derhachivskyi	50.2625	36.2585
62340	Черкаська Лозова	Kharkivska	Derhachivskyi	50.1095	36.221
62341	Мала Данилівка	Kharkivska	Derhachivskyi	50.0635	36.1656
62342	Зайченки	Kharkivska	Derhachivskyi	50.0569	36.1394
62343	Токарівка Друга	Kharkivska	Derhachivskyi	50.2672	36.2101
62344	Караван	Kharkivska	Derhachivskyi	50.0654	36.1282
62345	Лужок	Kharkivska	Derhachivskyi	50.0822	36.1194
62346	Нове	Kharkivska	Derhachivskyi	50.1874	36.2409
62347	Лісне	Kharkivska	Derhachivskyi	50.1076	36.2751
62348	Кочубеївка	Kharkivska	Derhachivskyi	50.2658	36.2384
62349	Ярошівка	Kharkivska	Derhachivskyi	50.039	35.8544
62350	Польова	Kharkivska	Derhachivskyi	50.0893	36.0093
62351	Дворічний Кут	Kharkivska	Derhachivskyi	50.0426	35.9329
62352	Білаші	Kharkivska	Derhachivskyi	50.138	36.1434
62353	Болибоки	Kharkivska	Derhachivskyi	50.1564	36.0594
62354	Ємці	Kharkivska	Derhachivskyi	50.1543	36.1186
62355	Ветеринарне	Kharkivska	Derhachivskyi	50.3928	36.1912
62356	Алісівка	Kharkivska	Derhachivskyi	50.2683	36.2969
62357	Гранів	Kharkivska	Derhachivskyi	50.3656	36.2261
62358	Вязове	Kharkivska	Derhachivskyi	50.1869	36.1299
62359	Чайківка	Kharkivska	Derhachivskyi	50.075	36.1913
62360	Вільшани	Kharkivska	Derhachivskyi	50.0544	35.8823
62361	Протопопівка	Kharkivska	Derhachivskyi	50.0291	35.8366
62362	Безруків	Kharkivska	Derhachivskyi	50.0209	35.953
62363	Березівське	Kharkivska	Derhachivskyi	50.0069	35.9585
62364	Пересічне	Kharkivska	Derhachivskyi	50.0209	35.953
62365	Тернова	Kharkivska	Derhachivskyi	50.0313	35.8106
62366	Сіряки	Kharkivska	Derhachivskyi	49.9958	36.1089
62367	Південне	Kharkivska	Derhachivskyi	50.0561	35.9579
62368	Солоницівка	Kharkivska	Derhachivskyi	49.9968	36.0346
62369	Солоницівка	Kharkivska	Derhachivskyi	49.9968	36.0346
62370	Солоницівка	Kharkivska	Derhachivskyi	49.9968	36.0346
62371	Подвірки	Kharkivska	Derhachivskyi	49.9799	36.0924
62372	Гуківка	Kharkivska	Derhachivskyi	50.0376	35.8399
62373	Курортне	Kharkivska	Derhachivskyi	49.6767	36.452
62374	Куряжанка	Kharkivska	Derhachivskyi	50.0122	36.0733
62375	Григорівка	Kharkivska	Derhachivskyi	49.8641	35.1552
62401	Надточії	Kharkivska	Kharkivskyi	49.9678	36.0709
62402	Рай-Оленівка	Kharkivska	Kharkivskyi	49.9432	36.0698
62403	Бабаї	Kharkivska	Kharkivskyi	49.8962	36.1931
62404	Барчани	Kharkivska	Kharkivskyi	49.9403	36.3361
62405	Михайлівка	Kharkivska	Kharkivskyi	50.0777	36.5281
62405	Кутузівка	Kharkivska	Kharkivskyi	50.0427	36.468
62405	Момотове	Kharkivska	Kharkivskyi	50.0526	36.462
62406	Ржавець	Kharkivska	Kharkivskyi	49.863	36.1435
62407	Слобідське	Kharkivska	Kharkivskyi	49.9403	36.3361
62407	Прилесне	Kharkivska	Kharkivskyi	49.9403	36.3361
62408	Зернове	Kharkivska	Kharkivskyi	49.9886	36.4467
62409	Благодатне	Kharkivska	Kharkivskyi	49.6307	36.6429
62410	Глибоке	Kharkivska	Kharkivskyi	50.2566	36.4252
62410	Красне	Kharkivska	Kharkivskyi	50.2851	36.4559
62410	Олійникове	Kharkivska	Kharkivskyi	50.2669	36.4829
62411	Стрілеча	Kharkivska	Kharkivskyi	50.3011	36.3989
62412	Борисівка	Kharkivska	Kharkivskyi	50.2778	36.5577
62413	Лук'янці	Kharkivska	Kharkivskyi	50.2467	36.5067
62413	Мороховець	Kharkivska	Kharkivskyi	50.2727	36.4699
62414	Липці	Kharkivska	Kharkivskyi	50.2037	36.4077
62415	Слобожанське	Kharkivska	Kharkivskyi	50.2368	36.2578
62416	Пісочин	Kharkivska	Kharkivskyi	50.1886	35.6572
62417	Пісочин	Kharkivska	Kharkivskyi	50.1886	35.6572
62418	Пісочин	Kharkivska	Kharkivskyi	50.1886	35.6572
62419	Борщова	Kharkivska	Kharkivskyi	50.1652	36.4168
62420	Веселе	Kharkivska	Kharkivskyi	50.1702	36.5288
62421	Тернова	Kharkivska	Kharkivskyi	50.1923	36.6748
62422	Перемога (Тернівська сільрада)	Kharkivska	Kharkivskyi	50.1343	36.5684
62424	Нескучне	Kharkivska	Kharkivskyi	50.2074	36.5714
62425	Затишне (Бабаївська селищна рада)	Kharkivska	Kharkivskyi	50.1343	36.5684
62426	Олешки	Kharkivska	Kharkivskyi	49.9394	36.0825
62427	Мале Веселе (Веселівська сільрада)	Kharkivska	Kharkivskyi	50.1343	36.5684
62428	Байрак (Кулінічівська селищна рада)	Kharkivska	Kharkivskyi	50.1343	36.5684
62429	Пильна	Kharkivska	Kharkivskyi	50.1621	36.9845
62430	Сороківка	Kharkivska	Kharkivskyi	49.9992	36.5408
62431	Степанки	Kharkivska	Kharkivskyi	49.9717	36.5088
62431	Вільхівка	Kharkivska	Kharkivskyi	49.9871	36.5105
62432	Верхня Роганка	Kharkivska	Kharkivskyi	50.0262	36.5544
62433	Люботин	Kharkivska	Kharkivskyi	49.9469	35.9291
62434	Люботин	Kharkivska	Kharkivskyi	49.9469	35.9291
62435	Люботин	Kharkivska	Kharkivskyi	49.9469	35.9291
62436	Люботин	Kharkivska	Kharkivskyi	49.9469	35.9291
62437	Караван	Kharkivska	Kharkivskyi	50.0654	36.1282
62438	Коваленки	Kharkivska	Kharkivskyi	49.9573	35.8738
62439	Байрак (м. Люботин)	Kharkivska	Kharkivskyi	49.9795	36.1833
62440	Руські Тишки	Kharkivska	Kharkivskyi	50.1377	36.4025
62440	Петрівка	Kharkivska	Kharkivskyi	50.1122	36.5232
62441	Циркуни	Kharkivska	Kharkivskyi	50.0926	36.3622
62441	Черняки	Kharkivska	Kharkivskyi	50.0854	36.4534
62442	Елітне (Кулінічівська селищна рада)	Kharkivska	Kharkivskyi	50.027	36.0954
62443	Бобрівка	Kharkivska	Kharkivskyi	50.0477	36.3942
62444	Бутенкове	Kharkivska	Kharkivskyi	50.0731	36.4628
62444	Бистре	Kharkivska	Kharkivskyi	49.8754	35.9469
62445	Гурине	Kharkivska	Kharkivskyi	49.9933	35.8137
62446	Горіхове	Kharkivska	Kharkivskyi	49.9997	35.8567
62447	Спартаси	Kharkivska	Kharkivskyi	49.9397	35.8161
62447	Санжари	Kharkivska	Kharkivskyi	49.9605	35.8418
62447	Травневе	Kharkivska	Kharkivskyi	49.9562	35.8122
62448	Манченки	Kharkivska	Kharkivskyi	49.9798	35.8583
62448	Ударне	Kharkivska	Kharkivskyi	49.9974	35.837
62449	Мищенки	Kharkivska	Kharkivskyi	50.1538	36.0497
62450	Нестеренки	Kharkivska	Kharkivskyi	49.7275	35.6025
62451	Лелюки (Утківська селищна рада)	Kharkivska	Kharkivskyi	49.8628	35.9992
62452	Кринички	Kharkivska	Kharkivskyi	49.7615	35.9712
62453	Олександрівка (Яковлівська сільрада)	Kharkivska	Kharkivskyi	49.8628	35.9992
62454	Коротич	Kharkivska	Kharkivskyi	49.9474	36.0374
62455	Новий Коротич (Коротичанська селищна рада)	Kharkivska	Kharkivskyi	49.8628	35.9992
62456	Буди	Kharkivska	Kharkivskyi	49.8913	36.021
62457	Березівка	Kharkivska	Kharkivskyi	49.9067	36.0657
62458	Покотилівка	Kharkivska	Kharkivskyi	49.9134	36.1751
62459	Високий	Kharkivska	Kharkivskyi	49.8916	36.1217
62460	Високий	Kharkivska	Kharkivskyi	49.8916	36.1217
62461	Південне	Kharkivska	Kharkivskyi	49.8832	36.0678
62462	Кирсанове	Kharkivska	Kharkivskyi	49.8051	36.3916
62463	Південне	Kharkivska	Kharkivskyi	49.8832	36.0678
62464	Смородське	Kharkivska	Kharkivskyi	49.9946	35.9366
62465	Першотравневе	Kharkivska	Kharkivskyi	49.6845	36.1291
62466	Хорошеве	Kharkivska	Kharkivskyi	49.8541	36.217
62467	Олександрівка (Циркунівська сільрада)	Kharkivska	Kharkivskyi	49.8673	36.1139
62468	Стара Московка	Kharkivska	Kharkivskyi	49.9193	35.9926
62469	Нова Березівка	Kharkivska	Kharkivskyi	49.8902	36.1009
62470	Яковлівка	Kharkivska	Kharkivskyi	49.8303	36.135
62471	Утківка	Kharkivska	Kharkivskyi	49.7858	36.0753
62471	Нижня Озеряна	Kharkivska	Kharkivskyi	49.8157	36.011
62472	Мерефа	Kharkivska	Kharkivskyi	49.823	36.0507
62473	Мерефа	Kharkivska	Kharkivskyi	49.823	36.0507
62474	Верхня Озеряна	Kharkivska	Kharkivskyi	49.8307	36.0012
62475	Українське	Kharkivska	Kharkivskyi	49.8737	36.0934
62476	Черкаські Тишки	Kharkivska	Kharkivskyi	50.1217	36.4015
62477	Бідряги	Kharkivska	Kharkivskyi	49.8795	35.9823
62477	Зелене	Kharkivska	Kharkivskyi	50.0483	36.2011
62478	Селекційне	Kharkivska	Kharkivskyi	49.7789	36.0256
62480	Хроли	Kharkivska	Kharkivskyi	49.8992	36.3736
62480	Борове	Kharkivska	Kharkivskyi	49.9023	36.3536
62480	Логачівка	Kharkivska	Kharkivskyi	49.9199	36.359
62481	Рогань	Kharkivska	Kharkivskyi	49.9164	36.3992
62482	Докучаєвське	Kharkivska	Kharkivskyi	49.9164	36.3992
62483	Докучаєвське	Kharkivska	Kharkivskyi	49.9164	36.3992
62484	Пономаренки	Kharkivska	Kharkivskyi	49.9083	36.3524
62485	Мала Рогань	Kharkivska	Kharkivskyi	49.9378	36.4894
62486	Бісквітне	Kharkivska	Kharkivskyi	49.9423	36.5028
62487	Коропи	Kharkivska	Kharkivskyi	49.9458	36.4975
62488	Лелюки (Пономаренківська сільрада)	Kharkivska	Kharkivskyi	49.9164	36.3992
62489	Безлюдівка	Kharkivska	Kharkivskyi	49.8755	36.2654
62491	Котляри (Комунарська сільська рада)	Kharkivska	Kharkivskyi	49.8324	36.3561
62492	Лизогубівка	Kharkivska	Kharkivskyi	49.8138	36.3854
62493	Шубіне	Kharkivska	Kharkivskyi	49.8025	36.3776
62493	Темнівка	Kharkivska	Kharkivskyi	49.8025	36.3776
62494	Мовчани	Kharkivska	Kharkivskyi	49.9195	36.3002
62495	Васищеве	Kharkivska	Kharkivskyi	49.8285	36.3269
62496	Подольох	Kharkivska	Kharkivskyi	49.8285	36.3655
62497	Васищеве	Kharkivska	Kharkivskyi	49.8285	36.3269
62498	Хмарівка	Kharkivska	Kharkivskyi	49.8053	36.4103
62500	Вовчанськ	Kharkivska	Vovchanskyi	50.2908	36.9411
62501	Вовчанськ	Kharkivska	Vovchanskyi	50.2908	36.9411
62502	Вовчанськ	Kharkivska	Vovchanskyi	50.2908	36.9411
62503	Вовчанськ	Kharkivska	Vovchanskyi	50.2908	36.9411
62504	Вовчанськ	Kharkivska	Vovchanskyi	50.2908	36.9411
62505	Бударки	Kharkivska	Vovchanskyi	50.3944	37.4223
62506	Земляний Яр	Kharkivska	Vovchanskyi	50.1986	36.9669
62507	Бугруватка	Kharkivska	Vovchanskyi	50.248	36.8169
62508	Вовчанські Хутори	Kharkivska	Vovchanskyi	50.2989	37.0333
62509	Гатище	Kharkivska	Vovchanskyi	50.299	36.8672
62510	Миколаївка	Kharkivska	Vovchanskyi	50.1219	37.3909
62511	Нестерне	Kharkivska	Vovchanskyi	50.4186	37.3851
62512	Землянки	Kharkivska	Vovchanskyi	50.3915	37.4543
62513	Різникове	Kharkivska	Vovchanskyi	50.3108	37.4208
62514	Лошакове	Kharkivska	Vovchanskyi	50.327	37.4665
62515	Охрімівка	Kharkivska	Vovchanskyi	50.3349	37.2166
62516	Мала Вовча	Kharkivska	Vovchanskyi	50.3586	37.2648
62517	Дегтярне	Kharkivska	Vovchanskyi	50.443	37.4548
62518	Старий Салтів	Kharkivska	Vovchanskyi	50.0762	36.7885
62519	Вільча	Kharkivska	Vovchanskyi	50.3092	37.3158
62520	Волохівка	Kharkivska	Vovchanskyi	50.3082	37.1422
62521	Іванівка	Kharkivska	Vovchanskyi	50.2468	37.2635
62522	Василівка	Kharkivska	Vovchanskyi	50.2376	37.3068
62523	Благодатне	Kharkivska	Vovchanskyi	50.2287	37.3679
62524	Бочкове	Kharkivska	Vovchanskyi	50.3229	37.1382
62525	Захарівка	Kharkivska	Vovchanskyi	50.2638	37.2363
62526	Ізбицьке	Kharkivska	Vovchanskyi	50.2033	36.7417
62527	Караїчне	Kharkivska	Vovchanskyi	50.3045	37.1254
62528	Паськівка	Kharkivska	Vovchanskyi	50.0205	37.0298
62529	Кругле	Kharkivska	Vovchanskyi	50.4248	37.4178
62530	Стариця	Kharkivska	Vovchanskyi	50.2405	36.7931
62531	Симинівка	Kharkivska	Vovchanskyi	50.3078	36.2568
62532	Верхня Писарівка	Kharkivska	Vovchanskyi	50.1864	36.8454
62533	Лосівка	Kharkivska	Vovchanskyi	50.3078	36.2568
62534	Рубіжне	Kharkivska	Vovchanskyi	50.1653	36.8252
62535	Верхній Салтів	Kharkivska	Vovchanskyi	50.1304	36.8037
62536	Замулівка (Рубіжненська сільрада)	Kharkivska	Vovchanskyi	50.3078	36.2568
62537	Байрак	Kharkivska	Vovchanskyi	50.0219	35.6645
62538	Варварівка (Рубіжненська сільрада)	Kharkivska	Vovchanskyi	50.3078	36.2568
62539	Графське	Kharkivska	Vovchanskyi	51.1023	34.6086
62540	Білий Колодязь	Kharkivska	Vovchanskyi	50.2041	37.1126
62541	Красний Яр	Kharkivska	Vovchanskyi	50.3387	37.4111
62542	Українське	Kharkivska	Vovchanskyi	50.1916	37.1706
62543	Юрченкове	Kharkivska	Vovchanskyi	50.1881	37.0971
62544	Петропавлівка	Kharkivska	Vovchanskyi	50.1596	37.1407
62545	Новоолександрівка	Kharkivska	Vovchanskyi	50.1596	37.249
62546	Котівка	Kharkivska	Vovchanskyi	50.136	37.0786
62547	Бережне	Kharkivska	Vovchanskyi	50.1106	37.0625
62548	Вірівка	Kharkivska	Vovchanskyi	50.194	37.2032
62549	Волохівське	Kharkivska	Vovchanskyi	50.234	37.1808
62550	Бугаївка	Kharkivska	Vovchanskyi	50.1439	36.8708
62551	Шевченкове Перше	Kharkivska	Vovchanskyi	50.1187	36.9245
62552	Гарбузівка	Kharkivska	Vovchanskyi	50.1283	37.1457
62553	Лиман (Червоноармійська Перша сільська рада)	Kharkivska	Vovchanskyi	50.1867	37.0576
62554	Лукашове	Kharkivska	Vovchanskyi	50.3228	37.4151
62555	Зибине	Kharkivska	Vovchanskyi	50.3109	37.0813
62556	Лозова	Kharkivska	Vovchanskyi	50.1775	37.2931
62557	Металівка	Kharkivska	Vovchanskyi	50.123	36.8254
62558	Москалівка	Kharkivska	Vovchanskyi	50.0568	37.1189
62559	Огірцеве	Kharkivska	Vovchanskyi	50.2989	36.8435
62560	Старий Салтів	Kharkivska	Vovchanskyi	50.0762	36.7885
62561	Зарічне	Kharkivska	Vovchanskyi	49.1832	35.0596
62562	Шестакове	Kharkivska	Vovchanskyi	50.0759	36.6226
62563	Молодова	Kharkivska	Vovchanskyi	50.0375	36.7742
62564	Перківка	Kharkivska	Vovchanskyi	50.0048	36.969
62565	Пільна	Kharkivska	Vovchanskyi	50.1621	36.9845
62566	Піщане	Kharkivska	Vovchanskyi	50.0401	36.6758
62567	Плетенівка	Kharkivska	Vovchanskyi	50.3334	36.9285
62568	Покаляне	Kharkivska	Vovchanskyi	50.2983	37.0721
62569	Приліпка	Kharkivska	Vovchanskyi	50.2534	36.8481
62570	Гонтарівка	Kharkivska	Vovchanskyi	50.074	36.9854
62571	Томахівка	Kharkivska	Vovchanskyi	50.0424	37.0178
62572	Хотімля	Kharkivska	Vovchanskyi	50.0224	36.8792
62573	Кирилівка	Kharkivska	Vovchanskyi	49.5213	35.6147
62574	Дідівка	Kharkivska	Vovchanskyi	50.0394	37.0482
62575	Радькове	Kharkivska	Vovchanskyi	50.0907	36.9819
62576	Вишневе	Kharkivska	Vovchanskyi	49.6783	35.5203
62577	Рибалкине	Kharkivska	Vovchanskyi	50.3796	37.2336
62578	Сердобине	Kharkivska	Vovchanskyi	50.2575	37.3997
62579	Середівка	Kharkivska	Vovchanskyi	50.0551	37.0476
62580	Синельникове	Kharkivska	Vovchanskyi	50.2581	36.8988
62581	Сосновий Бір	Kharkivska	Vovchanskyi	50.1734	36.9087
62582	Тихе	Kharkivska	Vovchanskyi	50.3062	37.0208
62583	Українка	Kharkivska	Vovchanskyi	50.1159	36.712
62584	Федорівка	Kharkivska	Vovchanskyi	50.1334	37.4332
62585	Хижнякове	Kharkivska	Vovchanskyi	50.312	37.4603
62586	Хрипуни	Kharkivska	Vovchanskyi	50.3545	37.3045
62587	Чайківка	Kharkivska	Vovchanskyi	50.3215	37.1716
62588	Черняків	Kharkivska	Vovchanskyi	50.3367	37.4637
62589	Шабельне	Kharkivska	Vovchanskyi	50.4251	37.3189
62590	Шевченкове	Kharkivska	Vovchanskyi	50.1692	37.0414
62591	Шестерівка	Kharkivska	Vovchanskyi	50.1711	37.0852
62592	Широке	Kharkivska	Vovchanskyi	50.0803	36.9468
62593	Бакшеївка	Kharkivska	Vovchanskyi	50.2039	37.2168
62594	Березники	Kharkivska	Vovchanskyi	50.1335	36.8747
62595	Бузове	Kharkivska	Vovchanskyi	50.2771	37.3764
62596	Варварівка (Жовтнева друга сільрада)	Kharkivska	Vovchanskyi	50.1711	37.0852
62597	Ганнопілля	Kharkivska	Vovchanskyi	50.1431	37.1874
62598	Погоріле	Kharkivska	Vovchanskyi	50.1079	37.1244
62599	Цегельне	Kharkivska	Vovchanskyi	50.2539	36.9136
62601	Великий Бурлук	Kharkivska	Velykoburlutskyi	50.0617	37.3837
62602	Великий Бурлук	Kharkivska	Velykoburlutskyi	50.0617	37.3837
62607	Плоске	Kharkivska	Velykoburlutskyi	50.0448	37.3439
62608	Підсереднє	Kharkivska	Velykoburlutskyi	50.1064	37.3107
62609	Гнилиця	Kharkivska	Velykoburlutskyi	50.0038	37.1982
62610	Рублене	Kharkivska	Velykoburlutskyi	50.291	37.5711
62611	Гнилиця Перша	Kharkivska	Velykoburlutskyi	50.0057	37.2535
62612	Горяне	Kharkivska	Velykoburlutskyi	50.075	37.3748
62613	Чорне	Kharkivska	Velykoburlutskyi	50.2217	37.4392
62614	Балка	Kharkivska	Velykoburlutskyi	50.0429	37.3643
62615	Артільне	Kharkivska	Velykoburlutskyi	49.059	36.1589
62616	Березники	Kharkivska	Velykoburlutskyi	50.1335	36.8747
62617	Буряківка	Kharkivska	Velykoburlutskyi	50.0789	37.3961
62618	Водяне	Kharkivska	Velykoburlutskyi	49.9381	37.5817
62619	Анискине	Kharkivska	Velykoburlutskyi	50.2109	37.5208
62620	Вільхуватка	Kharkivska	Velykoburlutskyi	49.7667	35.9333
62621	Зелений Гай (Червонохвильська сільрада)	Kharkivska	Velykoburlutskyi	50.0745	37.1315
62622	Мілове	Kharkivska	Velykoburlutskyi	50.1592	37.6581
62623	Веселе (Шипуватівська сільрада)	Kharkivska	Velykoburlutskyi	50.0745	37.1315
62624	Малий Бурлук	Kharkivska	Velykoburlutskyi	50.1413	37.4801
62625	Федорівка	Kharkivska	Velykoburlutskyi	50.0723	36.6928
62626	Хатнє	Kharkivska	Velykoburlutskyi	50.1225	37.5655
62627	Шевченкове (Малобурлуцька сільрада)	Kharkivska	Velykoburlutskyi	50.0745	37.1315
62628	Довгеньке	Kharkivska	Velykoburlutskyi	50.0745	37.1315
62629	Довжанка	Kharkivska	Velykoburlutskyi	50.1851	37.4592
62630	Приколотне	Kharkivska	Velykoburlutskyi	50.1627	37.3452
62631	Гогине	Kharkivska	Velykoburlutskyi	50.169	37.3832
62632	Дорошенкове	Kharkivska	Velykoburlutskyi	50.1107	37.1761
62633	Жуків Яр	Kharkivska	Velykoburlutskyi	50.0291	37.3828
62634	Заміст	Kharkivska	Velykoburlutskyi	50.0689	37.3981
62635	Зарубинка	Kharkivska	Velykoburlutskyi	50.1662	37.5529
62636	Зелений Гай (Гнилицька сільрада)	Kharkivska	Velykoburlutskyi	50.1492	37.4335
62637	Івашкине	Kharkivska	Velykoburlutskyi	50.2379	37.5226
62638	Комісарове	Kharkivska	Velykoburlutskyi	50.2878	37.504
62639	Амбарне	Kharkivska	Velykoburlutskyi	50.1104	37.6367
62640	Григорівка	Kharkivska	Velykoburlutskyi	50.0531	37.6178
62641	Катеринівка	Kharkivska	Velykoburlutskyi	50.0056	37.4778
62642	Андріївка	Kharkivska	Velykoburlutskyi	49.9426	37.5109
62643	Аркушине	Kharkivska	Velykoburlutskyi	49.9567	37.1492
62645	Соніно	Kharkivska	Velykoburlutskyi	50.0787	37.4521
62646	Красноярське	Kharkivska	Velykoburlutskyi	50.094	37.4968
62647	Крейдянка	Kharkivska	Velykoburlutskyi	50.3158	37.5539
62648	Купине	Kharkivska	Velykoburlutskyi	50.2495	37.4708
62649	Лебедівка	Kharkivska	Velykoburlutskyi	50.0126	37.3396
62650	Червона Хвиля	Kharkivska	Velykoburlutskyi	49.9725	37.3298
62651	Шипувате (Шипуватська сільрада)	Kharkivska	Velykoburlutskyi	50.0503	37.0164
62653	Нова Олександрівка (Новоолександрівська сільрада)	Kharkivska	Velykoburlutskyi	50.0503	37.0164
62654	Красне	Kharkivska	Velykoburlutskyi	49.8829	37.2096
62655	Куп'єваха	Kharkivska	Velykoburlutskyi	50.2122	35.2557
62656	Литвинівка	Kharkivska	Velykoburlutskyi	50.0039	37.3719
62657	Лобанівка	Kharkivska	Velykoburlutskyi	50.2704	37.4357
62658	Лозове	Kharkivska	Velykoburlutskyi	49.8681	37.1978
62659	Малахове	Kharkivska	Velykoburlutskyi	50.1422	37.3143
62660	Манцівка	Kharkivska	Velykoburlutskyi	50.0123	37.4063
62661	Микільське	Kharkivska	Velykoburlutskyi	50.028	37.5182
62662	Миколаївка	Kharkivska	Velykoburlutskyi	49.7498	36.9346
62663	Михайлівка	Kharkivska	Velykoburlutskyi	49.6608	36.9151
62664	Нестерівка	Kharkivska	Velykoburlutskyi	49.9012	37.3097
62665	Нефедівка	Kharkivska	Velykoburlutskyi	50.2188	37.389
62666	Новоселівка	Kharkivska	Velykoburlutskyi	49.4806	37.2853
62667	Озерне	Kharkivska	Velykoburlutskyi	50.2722	37.5696
62668	Курганне	Kharkivska	Velykoburlutskyi	49.9155	37.291
62669	Потихонове	Kharkivska	Velykoburlutskyi	49.9155	37.291
62670	Юрївка	Kharkivska	Velykoburlutskyi	50.0823	37.4366
62671	Рогозянка	Kharkivska	Velykoburlutskyi	49.9611	37.5036
62672	Грачівка	Kharkivska	Velykoburlutskyi	50.2755	37.4563
62673	Садовод	Kharkivska	Velykoburlutskyi	49.9491	37.5497
62674	Середній Бурлук	Kharkivska	Velykoburlutskyi	49.8938	37.3046
62675	Сірий Яр	Kharkivska	Velykoburlutskyi	50.0686	37.2948
62676	Слизневе	Kharkivska	Velykoburlutskyi	50.1791	37.4204
62677	Стецьківка	Kharkivska	Velykoburlutskyi	50.0823	37.4366
62678	Устинівка	Kharkivska	Velykoburlutskyi	50.2487	37.5268
62679	Полковниче	Kharkivska	Velykoburlutskyi	50.0823	37.4366
62680	Чугунівка	Kharkivska	Velykoburlutskyi	50.1824	37.6008
62681	Шев'яківка	Kharkivska	Velykoburlutskyi	50.2164	37.5904
62682	Шевченкове (Новоолександрівська сільська рада)	Kharkivska	Velykoburlutskyi	50.0885	37.4453
62683	Шипувате (Шипувате)	Kharkivska	Velykoburlutskyi	49.9381	37.4089
62684	Широке	Kharkivska	Velykoburlutskyi	50.2644	37.5376
62685	Голубівка	Kharkivska	Velykoburlutskyi	50.0126	37.3233
62686	Яєчне	Kharkivska	Velykoburlutskyi	50.0375	37.2747
62687	Нова Олександрівка (Червонохвильська сільрада)	Kharkivska	Velykoburlutskyi	50.0885	37.4453
62688	Канівцеве	Kharkivska	Velykoburlutskyi	49.9681	37.3817
62702	Дворічна (Дворічанська сільська рада)	Kharkivska	Dvorichanskyi	49.9057	37.753
62710	Кам'янка	Kharkivska	Dvorichanskyi	50.0148	37.7656
62711	Дворічанське	Kharkivska	Dvorichanskyi	50.0247	37.7685
62712	Тополі (Кам‘янська сільрада)	Kharkivska	Dvorichanskyi	50.0148	37.7656
62713	Колодязне	Kharkivska	Dvorichanskyi	50.0125	37.6851
62714	Піски	Kharkivska	Dvorichanskyi	49.9704	37.9213
62715	Тополі (Пісківська сільрада)	Kharkivska	Dvorichanskyi	50.0148	37.7656
62716	Новоужвинівка	Kharkivska	Dvorichanskyi	50.0309	37.6382
62717	Обухівка	Kharkivska	Dvorichanskyi	50.0446	37.6362
62718	Одрадне	Kharkivska	Dvorichanskyi	50.0627	37.7256
62719	Піщанка	Kharkivska	Dvorichanskyi	49.9579	37.9839
62720	Петро-Іванівка	Kharkivska	Dvorichanskyi	49.9295	37.6925
62721	Миколаївка	Kharkivska	Dvorichanskyi	49.9231	37.8806
62722	Лиман Другий	Kharkivska	Dvorichanskyi	49.9544	37.8736
62723	Рідкодуб	Kharkivska	Dvorichanskyi	49.9203	37.6083
62724	Богданівське	Kharkivska	Dvorichanskyi	49.9467	37.7495
62725	Васильцівка	Kharkivska	Dvorichanskyi	49.9244	37.635
62726	Водяне	Kharkivska	Dvorichanskyi	49.9381	37.5817
62727	Павлівка	Kharkivska	Dvorichanskyi	49.9411	37.8464
62728	Петрівка (Миколаївська сільська рада)	Kharkivska	Dvorichanskyi	49.9467	37.7495
62729	Строївка	Kharkivska	Dvorichanskyi	50.0428	37.8778
62730	Кутьківка	Kharkivska	Dvorichanskyi	49.8739	37.594
62731	Тавільжанка	Kharkivska	Dvorichanskyi	49.8442	37.7789
62732	Вільшана	Kharkivska	Dvorichanskyi	49.7844	37.792
62733	Лиман Перший	Kharkivska	Dvorichanskyi	49.7906	37.7047
62734	Першотравневе	Kharkivska	Dvorichanskyi	49.993	36.9364
62735	Довгеньке	Kharkivska	Dvorichanskyi	49.8656	37.6059
62736	Касянівка	Kharkivska	Dvorichanskyi	49.8847	37.5672
62737	Лозова Друга	Kharkivska	Dvorichanskyi	49.8623	37.5494
62738	Лозова Перша	Kharkivska	Dvorichanskyi	49.869	37.539
62739	Мальцівка	Kharkivska	Dvorichanskyi	49.8889	37.9911
62740	Новоєгорівка	Kharkivska	Dvorichanskyi	49.8406	37.968
62741	Великий Виселок	Kharkivska	Dvorichanskyi	49.8355	37.8865
62742	Терни	Kharkivska	Dvorichanskyi	49.8864	38.0268
62743	Токарівка	Kharkivska	Dvorichanskyi	49.7889	37.9067
62744	Берестове	Kharkivska	Dvorichanskyi	49.8578	37.9447
62745	Гракове	Kharkivska	Dvorichanskyi	49.8639	37.9786
62746	Добролюбівка	Kharkivska	Dvorichanskyi	49.7814	37.9526
62747	Іванівка	Kharkivska	Dvorichanskyi	49.8181	37.9696
62748	Масютівка	Kharkivska	Dvorichanskyi	49.8142	37.6919
62749	Мечнікове	Kharkivska	Dvorichanskyi	49.7876	38.0052
62750	Петрівське (Токарівська сільська рада)	Kharkivska	Dvorichanskyi	49.901	37.6834
62751	Плескачівка	Kharkivska	Dvorichanskyi	49.9075	37.5967
62752	Путникове	Kharkivska	Dvorichanskyi	49.9061	37.6344
62753	Фиголівка	Kharkivska	Dvorichanskyi	49.8986	37.7015
62754	Дворічне (Тавільжанська сільська рада)	Kharkivska	Dvorichanskyi	49.901	37.6834
62755	Митрофанівка	Kharkivska	Dvorichanskyi	49.9478	37.6802
62756	Бологівка	Kharkivska	Dvorichanskyi	50.0549	37.8051
62757	Гороб'ївка	Kharkivska	Dvorichanskyi	49.832	37.7276
62758	Гряниківка	Kharkivska	Dvorichanskyi	49.8383	37.7093
62759	Западне	Kharkivska	Dvorichanskyi	49.8225	37.6128
62760	Красне Перше	Kharkivska	Dvorichanskyi	49.9458	37.755
62761	Новомлинськ	Kharkivska	Dvorichanskyi	49.8791	37.7321
62762	Нежданівка	Kharkivska	Dvorichanskyi	49.9277	37.849
62763	Нововасилівка	Kharkivska	Dvorichanskyi	49.9581	37.6975
62801	Печеніги	Kharkivska	Pechenizkyi	49.8717	36.9347
62809	П'ятницьке	Kharkivska	Pechenizkyi	49.8717	36.9347
62810	Борщова	Kharkivska	Pechenizkyi	50.0017	37.124
62811	Гарашківка	Kharkivska	Pechenizkyi	50.0098	37.0359
62812	Ганнівка	Kharkivska	Pechenizkyi	50.0298	37.1139
62813	Гуслівка	Kharkivska	Pechenizkyi	50.0128	37.0896
62814	Першотравневе	Kharkivska	Pechenizkyi	49.993	36.9364
62815	Приморське	Kharkivska	Pechenizkyi	49.9862	37.0201
62816	Кицівка	Kharkivska	Pechenizkyi	49.87	36.8209
62820	Мартове	Kharkivska	Pechenizkyi	49.9408	36.9691
62821	Артемівка	Kharkivska	Pechenizkyi	49.93	37.0817
62822	Новий Бурлук	Kharkivska	Pechenizkyi	49.8685	37.0996
63001	Валки	Kharkivska	Valkivskyi	49.836	35.6122
63002	Валки	Kharkivska	Valkivskyi	49.836	35.6122
63003	Шлях	Kharkivska	Valkivskyi	49.9246	35.7632
63004	Катричівка	Kharkivska	Valkivskyi	49.8216	35.6359
63005	Тетющине	Kharkivska	Valkivskyi	49.9353	35.6637
63006	Трохимівка	Kharkivska	Valkivskyi	49.901	35.587
63007	Тугаївка	Kharkivska	Valkivskyi	49.7165	35.6183
63008	Тупицівка	Kharkivska	Valkivskyi	49.7983	35.5649
63009	Халимонівка	Kharkivska	Valkivskyi	49.911	35.5913
63010	Новий Мерчик	Kharkivska	Valkivskyi	49.9733	35.637
63011	Старий Мерчик	Kharkivska	Valkivskyi	49.9815	35.759
63011	Золочівське (Старомерчинська сільрада)	Kharkivska	Valkivskyi	49.9815	35.759
63012	Добропілля	Kharkivska	Valkivskyi	49.9688	35.7109
63013	Привокзальне	Kharkivska	Valkivskyi	49.9226	35.6075
63015	Мічурінське	Kharkivska	Valkivskyi	50.0044	35.7474
63016	Мізяки	Kharkivska	Valkivskyi	49.9126	35.6338
63017	Шелудькове	Kharkivska	Valkivskyi	49.7539	35.3436
63018	Коверівка	Kharkivska	Valkivskyi	49.8972	35.6614
63019	Гвоздьове	Kharkivska	Valkivskyi	49.8895	35.3665
63020	Високопілля	Kharkivska	Valkivskyi	49.9229	35.421
63021	Ков'яги	Kharkivska	Valkivskyi	49.9024	35.5567
63021	Розсохівка	Kharkivska	Valkivskyi	49.9024	35.5567
63022	Перекіп	Kharkivska	Valkivskyi	49.8813	35.4959
63023	Баранове	Kharkivska	Valkivskyi	49.6087	37.4439
63024	Костів	Kharkivska	Valkivskyi	49.8631	35.6332
63024	Колодківка	Kharkivska	Valkivskyi	49.8747	35.6533
63025	Війтенки	Kharkivska	Valkivskyi	49.9435	35.6168
63026	Гринців Ріг	Kharkivska	Valkivskyi	49.9195	35.6134
63027	Гузівка	Kharkivska	Valkivskyi	49.88	35.6007
63028	Ясеневе	Kharkivska	Valkivskyi	49.7897	35.4727
63029	Золочівське (Шарівська сільрада)	Kharkivska	Valkivskyi	49.8586	35.7508
63030	Шарівка	Kharkivska	Valkivskyi	49.9188	35.7675
63031	Хворостове	Kharkivska	Valkivskyi	49.9169	35.6959
63032	Огульці	Kharkivska	Valkivskyi	49.9082	35.8202
63033	Черемушна	Kharkivska	Valkivskyi	49.8603	35.7622
63034	Бурівка	Kharkivska	Valkivskyi	49.916	35.7418
63035	Буцьківка	Kharkivska	Valkivskyi	49.9253	35.7868
63036	Шевченкове	Kharkivska	Valkivskyi	49.8797	35.6784
63037	Газове	Kharkivska	Valkivskyi	50.0145	35.7458
63038	Шийки	Kharkivska	Valkivskyi	49.8034	35.6829
63039	Водопій	Kharkivska	Valkivskyi	49.8247	35.5551
63040	Гонтів Яр	Kharkivska	Valkivskyi	49.8177	35.5718
63041	Старі Валки	Kharkivska	Valkivskyi	49.8611	35.5643
63042	Сніжків	Kharkivska	Valkivskyi	49.794	35.5123
63043	Заміське	Kharkivska	Valkivskyi	49.7814	35.5623
63044	Зайцівка	Kharkivska	Valkivskyi	49.7766	35.6691
63044	Кобзарівка	Kharkivska	Valkivskyi	49.7914	35.6698
63045	Литвинівка	Kharkivska	Valkivskyi	49.8419	35.6933
63046	Минківка	Kharkivska	Valkivskyi	49.7556	35.6247
63046	Мірошники	Kharkivska	Valkivskyi	49.7393	35.6568
63047	Бугаївка	Kharkivska	Valkivskyi	49.7631	35.5391
63048	Бурякове	Kharkivska	Valkivskyi	49.742	35.5571
63049	Велика Кадигробівка	Kharkivska	Valkivskyi	49.7243	35.655
63050	Сидоренкове	Kharkivska	Valkivskyi	49.7053	35.3549
63051	Очеретове	Kharkivska	Valkivskyi	49.7003	35.2889
63052	Благодатне	Kharkivska	Valkivskyi	49.6991	35.4389
63053	Серпневе	Kharkivska	Valkivskyi	49.7005	35.4703
63054	Олександрівка	Kharkivska	Valkivskyi	49.7278	35.4327
63055	Мельникове	Kharkivska	Valkivskyi	49.7126	35.4669
63056	Велика Губщина	Kharkivska	Valkivskyi	49.7166	35.5776
63057	Вишневе	Kharkivska	Valkivskyi	49.6783	35.5203
63058	Вільхівське	Kharkivska	Valkivskyi	49.7782	35.5026
63059	Водяна Балка	Kharkivska	Valkivskyi	49.7076	35.616
63060	Грибінники	Kharkivska	Valkivskyi	49.8144	35.5879
63061	Данильчин Кут	Kharkivska	Valkivskyi	49.8015	35.6464
63062	Довжик	Kharkivska	Valkivskyi	49.7887	35.6993
63063	Дорофіївка	Kharkivska	Valkivskyi	49.8144	35.5879
63064	Завгороднє	Kharkivska	Valkivskyi	49.7021	35.3199
63065	Піски	Kharkivska	Valkivskyi	49.8252	35.664
63066	Кантакузівка	Kharkivska	Valkivskyi	49.8258	35.5083
63067	Яблунівка	Kharkivska	Valkivskyi	49.8514	35.7225
63068	Журавлі	Kharkivska	Valkivskyi	49.9573	35.5681
63069	Корнієнкове	Kharkivska	Valkivskyi	49.7632	35.5746
63070	Корсунівка	Kharkivska	Valkivskyi	49.8075	35.5401
63071	Корсунове	Kharkivska	Valkivskyi	49.7243	35.4983
63072	Косенково	Kharkivska	Valkivskyi	49.7351	35.5081
63073	Крута Балка	Kharkivska	Valkivskyi	49.6728	35.4009
63074	Кузмівка	Kharkivska	Valkivskyi	49.7351	35.5081
63075	Ландишове	Kharkivska	Valkivskyi	49.685	35.4646
63076	Лисконоги	Kharkivska	Valkivskyi	49.7691	35.6406
63077	Майдан	Kharkivska	Valkivskyi	49.7123	35.2584
63078	Мала Кадигробівка	Kharkivska	Valkivskyi	49.7752	35.5919
63079	Манили	Kharkivska	Valkivskyi	49.7342	35.6698
63080	Михайлівка	Kharkivska	Valkivskyi	49.7163	35.5249
63081	Козаченківка	Kharkivska	Valkivskyi	49.7901	35.5602
63082	Круглик	Kharkivska	Valkivskyi	49.847	35.5806
63083	Мозолівка	Kharkivska	Valkivskyi	49.7321	35.3623
63084	Нестеренки	Kharkivska	Valkivskyi	49.7275	35.6025
63085	Новоселівка	Kharkivska	Valkivskyi	49.6694	35.3688
63086	Щербинівка	Kharkivska	Valkivskyi	49.793	35.5995
63087	Пасічне	Kharkivska	Valkivskyi	49.9303	35.7383
63088	Перепелицівка	Kharkivska	Valkivskyi	49.7942	35.5784
63089	Петренкове	Kharkivska	Valkivskyi	49.9012	35.6869
63090	Рідкодуб	Kharkivska	Valkivskyi	49.9203	37.6083
63091	Різдвяне	Kharkivska	Valkivskyi	49.6781	35.5625
63092	Рогівка	Kharkivska	Valkivskyi	49.9104	35.6602
63093	Яхременки	Kharkivska	Valkivskyi	49.7397	35.5819
63094	Рудий Байрак	Kharkivska	Valkivskyi	49.76	35.5829
63095	Свинарі	Kharkivska	Valkivskyi	49.9379	35.7479
63096	Семківка	Kharkivska	Valkivskyi	49.8811	35.6508
63097	Скельки	Kharkivska	Valkivskyi	49.8065	35.8167
63098	Соснівка	Kharkivska	Valkivskyi	49.7737	35.4009
63099	Суха Балка	Kharkivska	Valkivskyi	49.6576	35.555
63101	Коломак	Kharkivska	Kolomatskyi	49.8399	35.3044
63109	Новоівановське	Kharkivska	Kolomatskyi	49.8399	35.3044
63110	Різуненкове	Kharkivska	Kolomatskyi	49.7263	35.4925
63111	Мірошниківка	Kharkivska	Kolomatskyi	49.7501	35.2774
63112	Вдовичине	Kharkivska	Kolomatskyi	49.7965	35.2316
63113	Ганнівка	Kharkivska	Kolomatskyi	49.7507	35.3247
63114	Гришкове	Kharkivska	Kolomatskyi	49.7817	35.2184
63115	Гуртовівка	Kharkivska	Kolomatskyi	49.8129	35.2554
63116	Каленикове	Kharkivska	Kolomatskyi	49.7502	35.2284
63117	Крамарівка	Kharkivska	Kolomatskyi	49.2774	37.2654
63118	Явтухівка	Kharkivska	Kolomatskyi	49.7633	35.2226
63119	Бровкове	Kharkivska	Kolomatskyi	49.8538	35.4085
63120	Шляхове	Kharkivska	Kolomatskyi	49.8245	35.421
63121	Андрусівка	Kharkivska	Kolomatskyi	49.7788	35.3211
63122	Бондарівка	Kharkivska	Kolomatskyi	49.7792	35.3332
63123	Дмитрівка	Kharkivska	Kolomatskyi	49.7988	35.3859
63124	Кисівка	Kharkivska	Kolomatskyi	49.8005	35.3491
63125	Латишівка (Шляхівська сільська рада)	Kharkivska	Kolomatskyi	49.798	35.3633
63126	Логвинівка	Kharkivska	Kolomatskyi	49.8058	35.3848
63127	Миколаївка	Kharkivska	Kolomatskyi	49.8262	35.4544
63128	Прядківка	Kharkivska	Kolomatskyi	49.77	35.2569
63129	Сургаївка	Kharkivska	Kolomatskyi	49.798	35.3633
63130	Покровка	Kharkivska	Kolomatskyi	49.9134	35.2837
63131	Шелестове	Kharkivska	Kolomatskyi	49.861	35.2117
63132	Білоусове	Kharkivska	Kolomatskyi	47.3237	33.234
63133	Гладківка	Kharkivska	Kolomatskyi	49.8883	35.2848
63134	Григорівка	Kharkivska	Kolomatskyi	49.8641	35.1552
63135	Нагальне	Kharkivska	Kolomatskyi	49.8417	35.2088
63136	Панасівка	Kharkivska	Kolomatskyi	49.9021	35.271
63137	Пащенівка	Kharkivska	Kolomatskyi	49.8802	35.208
63138	Петропавлівка	Kharkivska	Kolomatskyi	49.87	35.1637
63139	Підлісне	Kharkivska	Kolomatskyi	49.8807	35.237
63140	Трудолюбівка	Kharkivska	Kolomatskyi	49.9019	35.2418
63141	Цепочкине	Kharkivska	Kolomatskyi	49.8878	35.2496
63202	Нова Водолага	Kharkivska	Novovodolazkyi	49.719	35.8658
63209	Новоселівка	Kharkivska	Novovodolazkyi	49.6744	35.8459
63210	Одринка	Kharkivska	Novovodolazkyi	49.8459	35.8628
63211	Рокитне	Kharkivska	Novovodolazkyi	49.8095	35.9576
63212	Ватутіне	Kharkivska	Novovodolazkyi	49.7796	35.968
63213	Стара Водолага	Kharkivska	Novovodolazkyi	49.7863	35.8411
63214	Знам'янка	Kharkivska	Novovodolazkyi	49.8105	35.8516
63215	Федорівка	Kharkivska	Novovodolazkyi	49.8056	35.7631
63216	Брідок	Kharkivska	Novovodolazkyi	49.8197	35.7162
63217	Вільхуватка	Kharkivska	Novovodolazkyi	49.7667	35.9333
63218	Круглянка	Kharkivska	Novovodolazkyi	49.8062	35.7351
63219	Кут	Kharkivska	Novovodolazkyi	49.875	35.8868
63220	Бірки	Kharkivska	Novovodolazkyi	49.686	36.0484
63221	Липкуватівка	Kharkivska	Novovodolazkyi	49.7203	35.993
63222	Рябухине	Kharkivska	Novovodolazkyi	49.6296	36.0306
63223	Ордівка	Kharkivska	Novovodolazkyi	49.6976	35.9484
63224	Бражники	Kharkivska	Novovodolazkyi	49.6576	35.8754
63225	Сосонівка	Kharkivska	Novovodolazkyi	49.6388	35.8832
63226	Головнівка	Kharkivska	Novovodolazkyi	49.6337	35.8587
63227	Клинове	Kharkivska	Novovodolazkyi	48.562	38.1601
63228	Ключеводське	Kharkivska	Novovodolazkyi	49.6772	36.0005
63229	Княжне	Kharkivska	Novovodolazkyi	49.6417	35.9241
63230	Просяне	Kharkivska	Novovodolazkyi	49.706	35.7967
63231	Дерегівка	Kharkivska	Novovodolazkyi	49.6435	35.7733
63232	Станичне	Kharkivska	Novovodolazkyi	49.6401	35.7272
63233	Винники	Kharkivska	Novovodolazkyi	49.6359	35.6278
63234	Ляшівка	Kharkivska	Novovodolazkyi	49.6538	35.907
63235	Слобожанське	Kharkivska	Novovodolazkyi	49.6538	35.907
63236	Білоусівка	Kharkivska	Novovodolazkyi	49.6234	35.7454
63237	Гаврилівка	Kharkivska	Novovodolazkyi	49.7151	36.9677
63238	Дегтярка	Kharkivska	Novovodolazkyi	49.6126	35.7112
63239	Новопросянське	Kharkivska	Novovodolazkyi	49.6538	35.907
63240	Караван	Kharkivska	Novovodolazkyi	49.602	35.8009
63241	Червона Поляна	Kharkivska	Novovodolazkyi	49.6314	35.8058
63242	Завадівка	Kharkivska	Novovodolazkyi	49.6289	35.8443
63243	Литовки	Kharkivska	Novovodolazkyi	49.6197	35.6151
63244	Лихове	Kharkivska	Novovodolazkyi	49.6616	35.7473
63245	Мануйлове	Kharkivska	Novovodolazkyi	49.765	35.6924
63246	Мокра Рокитна	Kharkivska	Novovodolazkyi	49.8513	35.9191
63247	Москальцівка	Kharkivska	Novovodolazkyi	49.6817	35.8018
63248	Низівка	Kharkivska	Novovodolazkyi	49.6426	35.8407
63249	Нова Мерефа	Kharkivska	Novovodolazkyi	49.7333	35.9503
63250	Павлівка	Kharkivska	Novovodolazkyi	49.7845	35.8871
63251	Старовірівка	Kharkivska	Novovodolazkyi	49.5497	35.7229
63252	Пластунівка	Kharkivska	Novovodolazkyi	49.8568	35.8336
63253	Раківка	Kharkivska	Novovodolazkyi	49.5655	35.6236
63254	Старовірівка	Kharkivska	Novovodolazkyi	49.5497	35.7229
63256	Василівське	Kharkivska	Novovodolazkyi	49.6081	35.7515
63257	Дячківка	Kharkivska	Novovodolazkyi	49.4602	35.6938
63258	Палатки	Kharkivska	Novovodolazkyi	49.5874	35.7135
63259	Муравлинка	Kharkivska	Novovodolazkyi	49.5112	35.8149
63260	Мелихівка	Kharkivska	Novovodolazkyi	49.6128	35.9991
63261	Парасковія	Kharkivska	Novovodolazkyi	49.5165	35.8989
63262	Охоче	Kharkivska	Novovodolazkyi	49.5575	36.029
63263	Бахметівка	Kharkivska	Novovodolazkyi	49.7973	35.8392
63264	Моськівка	Kharkivska	Novovodolazkyi	49.6263	35.8862
63265	Печіївка	Kharkivska	Novovodolazkyi	49.6135	35.7456
63266	Стулепівка	Kharkivska	Novovodolazkyi	49.6132	35.8567
63267	Щебетуни	Kharkivska	Novovodolazkyi	49.7477	35.9381
63301	Красноград	Kharkivska	Krasnohradskyi	49.3801	35.4419
63303	Красноград	Kharkivska	Krasnohradskyi	49.3801	35.4419
63304	Красноград	Kharkivska	Krasnohradskyi	49.3801	35.4419
63308	Дослідне	Kharkivska	Krasnohradskyi	49.3611	35.4119
63309	Куми	Kharkivska	Krasnohradskyi	49.3442	35.2544
63310	Миколо-Комишувата	Kharkivska	Krasnohradskyi	49.6496	35.4954
63311	Хрестище	Kharkivska	Krasnohradskyi	49.5502	35.5175
63312	Українка	Kharkivska	Krasnohradskyi	49.5803	35.5594
63313	Високе	Kharkivska	Krasnohradskyi	49.5009	35.5044
63314	Кобцівка	Kharkivska	Krasnohradskyi	49.5838	35.601
63315	Першотравневе	Kharkivska	Krasnohradskyi	49.5342	35.4574
63316	Світле	Kharkivska	Krasnohradskyi	49.5481	35.5517
63317	Червоне	Kharkivska	Krasnohradskyi	49.5207	35.5392
63320	Кирилівка	Kharkivska	Krasnohradskyi	49.5213	35.6147
63321	Гірчаківка	Kharkivska	Krasnohradskyi	49.6585	35.4571
63322	Іванівське	Kharkivska	Krasnohradskyi	48.1957	35.7628
63323	Берестовенька	Kharkivska	Krasnohradskyi	49.4832	35.5892
63324	Соснівка	Kharkivska	Krasnohradskyi	49.4222	35.653
63325	Березівка	Kharkivska	Krasnohradskyi	49.4393	35.7074
63327	Калинівка	Kharkivska	Krasnohradskyi	49.2498	35.7283
63328	Степове	Kharkivska	Krasnohradskyi	49.3433	35.3912
63329	Кобзівка Друга	Kharkivska	Krasnohradskyi	49.2074	35.6109
63330	Зоряне	Kharkivska	Krasnohradskyi	49.1987	35.2698
63331	Тишенківка	Kharkivska	Krasnohradskyi	49.4829	35.3658
63332	Піщанка	Kharkivska	Krasnohradskyi	49.3926	35.4373
63333	Піщанка	Kharkivska	Krasnohradskyi	49.3926	35.4373
63334	Гранове	Kharkivska	Krasnohradskyi	49.5062	35.6184
63335	Покровське	Kharkivska	Krasnohradskyi	47.5531	34.1529
63336	Новоселівка	Kharkivska	Krasnohradskyi	49.291	35.1305
63337	Вишневе	Kharkivska	Krasnohradskyi	49.6783	35.5203
63338	Вознесенське	Kharkivska	Krasnohradskyi	49.3078	35.4057
63339	Олександрівка	Kharkivska	Krasnohradskyi	49.1836	35.3601
63340	Петрівка	Kharkivska	Krasnohradskyi	49.3895	35.5986
63341	Балки	Kharkivska	Krasnohradskyi	49.3668	35.5768
63342	Садове	Kharkivska	Krasnohradskyi	49.2249	35.4471
63343	Наталине	Kharkivska	Krasnohradskyi	49.3477	35.4777
63344	Попівка	Kharkivska	Krasnohradskyi	49.3646	35.5396
63345	Дружба	Kharkivska	Krasnohradskyi	52.0454	33.9452
63346	Лип'янка	Kharkivska	Krasnohradskyi	49.7221	35.3662
63347	Маховик	Kharkivska	Krasnohradskyi	49.3882	35.5461
63348	Копанки	Kharkivska	Krasnohradskyi	50.0076	35.6626
63349	Улянівка	Kharkivska	Krasnohradskyi	49.3642	35.5024
63350	Мартинівка	Kharkivska	Krasnohradskyi	49.3159	35.4149
63351	Добренька	Kharkivska	Krasnohradskyi	49.3108	35.4486
63352	Вільховий Ріг	Kharkivska	Krasnohradskyi	49.3009	35.477
63353	Гадяч	Kharkivska	Krasnohradskyi	49.289	35.4018
63354	Кам'янка	Kharkivska	Krasnohradskyi	49.3009	35.477
63355	Оленівка	Kharkivska	Krasnohradskyi	49.5887	35.5461
63356	Лукашівка	Kharkivska	Krasnohradskyi	49.1837	35.4777
63357	Варварівка	Kharkivska	Krasnohradskyi	49.2136	35.5007
63358	Володимирівка	Kharkivska	Krasnohradskyi	49.2369	35.4767
63359	Шкаврове	Kharkivska	Krasnohradskyi	49.2688	35.5491
63360	Новопавлівка	Kharkivska	Krasnohradskyi	49.256	35.5252
63361	Кобзівка	Kharkivska	Krasnohradskyi	49.2187	35.5724
63362	Ясна Поляна	Kharkivska	Krasnohradskyi	49.2817	35.5906
63363	Вільне	Kharkivska	Krasnohradskyi	49.2682	35.5923
63364	Одрадівка	Kharkivska	Krasnohradskyi	49.2047	35.5398
63365	Роздолля	Kharkivska	Krasnohradskyi	49.292	35.6082
63366	Мокрянка	Kharkivska	Krasnohradskyi	49.6361	35.5476
63400	Зміїв	Kharkivska	Zmiivskyi	49.6745	36.3478
63401	Зміїв	Kharkivska	Zmiivskyi	49.6745	36.3478
63402	Зміїв	Kharkivska	Zmiivskyi	49.6745	36.3478
63403	Зміїв	Kharkivska	Zmiivskyi	49.6745	36.3478
63404	Зміїв	Kharkivska	Zmiivskyi	49.6745	36.3478
63409	Гусина Поляна	Kharkivska	Zmiivskyi	49.8215	36.2894
63410	Борова	Kharkivska	Zmiivskyi	49.7957	36.3124
63411	Водяне	Kharkivska	Zmiivskyi	49.7903	36.3495
63412	Костянтівка	Kharkivska	Zmiivskyi	49.7817	36.2562
63413	Тимченки	Kharkivska	Zmiivskyi	49.7535	36.1525
63414	Бутівка	Kharkivska	Zmiivskyi	49.708	36.382
63415	Гужвинське	Kharkivska	Zmiivskyi	49.7328	36.2267
63416	Гришківка	Kharkivska	Zmiivskyi	49.6654	36.1566
63417	Глибока Долина	Kharkivska	Zmiivskyi	49.7181	36.1201
63418	Вилівка	Kharkivska	Zmiivskyi	49.6761	36.1826
63419	Бірочок Другий	Kharkivska	Zmiivskyi	49.7064	36.1286
63420	Соколове	Kharkivska	Zmiivskyi	49.7137	36.1886
63421	Бірки	Kharkivska	Zmiivskyi	49.7224	36.0505
63422	Першотравневе	Kharkivska	Zmiivskyi	49.6845	36.1291
63423	Залізничні Бірки	Kharkivska	Zmiivskyi	49.716	36.14
63424	Джгун	Kharkivska	Zmiivskyi	49.6744	36.0973
63425	Кирюхи	Kharkivska	Zmiivskyi	49.7388	36.0385
63426	Кисле	Kharkivska	Zmiivskyi	49.7554	36.0245
63427	Красна Поляна	Kharkivska	Zmiivskyi	49.7882	36.3881
63428	Кукулівка	Kharkivska	Zmiivskyi	49.653	36.0809
63429	Артюхівка	Kharkivska	Zmiivskyi	49.7134	36.2627
63430	Чемужівка	Kharkivska	Zmiivskyi	49.7063	36.3221
63431	Височинівка	Kharkivska	Zmiivskyi	49.7065	39.5501
63432	Зідьки	Kharkivska	Zmiivskyi	49.6961	36.3782
63433	Геніївка	Kharkivska	Zmiivskyi	49.67	36.5067
63434	Дачне	Kharkivska	Zmiivskyi	49.6576	36.4403
63435	Курортне	Kharkivska	Zmiivskyi	49.6767	36.452
63436	Задонецьке	Kharkivska	Zmiivskyi	49.6429	36.3547
63437	Коропове	Kharkivska	Zmiivskyi	49.5896	36.3451
63438	Камплиця	Kharkivska	Zmiivskyi	49.666	36.4083
63439	Лазуківка	Kharkivska	Zmiivskyi	49.7329	36.4361
63440	Шелудьківка	Kharkivska	Zmiivskyi	49.6813	36.536
63441	Скрипаї	Kharkivska	Zmiivskyi	49.7255	36.6058
63442	Мохнач	Kharkivska	Zmiivskyi	49.7336	36.5313
63443	Лісне	Kharkivska	Zmiivskyi	50.1076	36.2751
63444	Тросне	Kharkivska	Zmiivskyi	49.7813	36.1619
63445	Омельченки	Kharkivska	Zmiivskyi	49.816	36.3878
63446	Островерхівка	Kharkivska	Zmiivskyi	49.7974	36.1681
63447	Черемушне	Kharkivska	Zmiivskyi	49.6903	36.433
63448	Жаданівка	Kharkivska	Zmiivskyi	49.6564	36.2497
63449	Веселе	Kharkivska	Zmiivskyi	50.1702	36.5288
63450	Таранівка	Kharkivska	Zmiivskyi	49.621	36.1456
63451	Велика Гомільша	Kharkivska	Zmiivskyi	49.5549	36.2554
63452	Пасіки	Kharkivska	Zmiivskyi	49.5812	36.1959
63453	Нижній Бишкин	Kharkivska	Zmiivskyi	49.5302	36.4073
63454	Безпалівка (Таранівська сільрада)	Kharkivska	Zmiivskyi	49.5731	36.2477
63455	Дудківка	Kharkivska	Zmiivskyi	49.6494	36.1985
63456	Черкаський Бишкин	Kharkivska	Zmiivskyi	49.5464	36.4158
63457	Западня	Kharkivska	Zmiivskyi	49.5216	36.2144
63458	Клименівка	Kharkivska	Zmiivskyi	49.5549	36.1919
63459	Козачка	Kharkivska	Zmiivskyi	49.5985	36.2039
63460	Слобожанське	Kharkivska	Zmiivskyi	49.659	36.3307
63461	Благодатне	Kharkivska	Zmiivskyi	49.6307	36.6429
63462	Донець	Kharkivska	Zmiivskyi	49.659	36.3307
63463	Лиман	Kharkivska	Zmiivskyi	49.5977	36.4703
63464	Водяхівка	Kharkivska	Zmiivskyi	49.6951	36.2807
63465	Суха Гомільша	Kharkivska	Zmiivskyi	49.5493	36.351
63466	Миргороди	Kharkivska	Zmiivskyi	49.7414	36.1841
63467	Українське	Kharkivska	Zmiivskyi	49.659	36.3307
63468	Іськів Яр	Kharkivska	Zmiivskyi	49.6327	36.2906
63469	Кравцове	Kharkivska	Zmiivskyi	49.7659	36.0954
63470	Левківка	Kharkivska	Zmiivskyi	49.7229	36.342
63471	Геївка	Kharkivska	Zmiivskyi	49.5018	36.4949
63472	Реп'яхівка	Kharkivska	Zmiivskyi	49.736	36.2098
63473	Сидори	Kharkivska	Zmiivskyi	49.7409	36.0768
63474	Роздольне	Kharkivska	Zmiivskyi	49.5587	36.1068
63475	Петрищеве	Kharkivska	Zmiivskyi	49.8144	36.3024
63476	Аксютівка	Kharkivska	Zmiivskyi	49.8057	36.2045
63477	Безпалівка (Таранівська сільська рада)	Kharkivska	Zmiivskyi	49.6971	36.2545
63478	Занки	Kharkivska	Zmiivskyi	49.6376	36.484
63479	Погоріле	Kharkivska	Zmiivskyi	49.7557	36.0698
63480	Федорівка	Kharkivska	Zmiivskyi	49.7247	36.0612
63481	Вирішальний	Kharkivska	Zmiivskyi	49.7149	36.367
63482	Гайдари	Kharkivska	Zmiivskyi	49.6287	36.3073
63483	Колісники	Kharkivska	Zmiivskyi	49.7452	36.1067
63484	Звідки	Kharkivska	Zmiivskyi	49.7876	36.3015
63500	Чугуїв	Kharkivska	Chuhuivskyi	49.8359	36.688
63501	Чугуїв	Kharkivska	Chuhuivskyi	49.8359	36.688
63503	Чугуїв	Kharkivska	Chuhuivskyi	49.8359	36.688
63505	Чугуїв	Kharkivska	Chuhuivskyi	49.8359	36.688
63506	Чугуїв	Kharkivska	Chuhuivskyi	49.8359	36.688
63510	Велика Бабка	Kharkivska	Chuhuivskyi	49.9845	36.7448
63511	Зарожне	Kharkivska	Chuhuivskyi	49.9383	36.6894
63512	Кам'яна Яруга	Kharkivska	Chuhuivskyi	49.8931	36.5992
63513	Кочеток	Kharkivska	Chuhuivskyi	49.88	36.7372
63514	Піщане	Kharkivska	Chuhuivskyi	50.0401	36.6758
63515	Клугино - Башкирівка	Kharkivska	Chuhuivskyi	49.841	36.7278
63516	Тетлега	Kharkivska	Chuhuivskyi	49.9323	36.7189
63517	Пушкарне	Kharkivska	Chuhuivskyi	49.7907	36.8746
63518	Поди	Kharkivska	Chuhuivskyi	49.8261	36.5644
63519	Миколаївка (Леб‘яжська селищна рада)	Kharkivska	Chuhuivskyi	49.9029	36.7036
63520	Введенка	Kharkivska	Chuhuivskyi	49.8237	36.5026
63521	Тернова	Kharkivska	Chuhuivskyi	49.818	36.4422
63522	Стара Покровка	Kharkivska	Chuhuivskyi	49.8179	36.5401
63523	Новопокровка	Kharkivska	Chuhuivskyi	49.8335	36.5477
63524	Есхар	Kharkivska	Chuhuivskyi	49.7961	36.5905
63525	Малинівка	Kharkivska	Chuhuivskyi	49.8017	36.7188
63526	Світанок	Kharkivska	Chuhuivskyi	49.8757	36.4645
63527	Василів Хутір	Kharkivska	Chuhuivskyi	49.7907	36.4892
63529	Роздольне	Kharkivska	Chuhuivskyi	49.5587	36.1068
63530	Леб'яже	Kharkivska	Chuhuivskyi	49.6665	36.7986
63531	Базаліївка	Kharkivska	Chuhuivskyi	49.833	36.985
63532	Юрченкове	Kharkivska	Chuhuivskyi	49.8257	37.0822
63533	Таганка	Kharkivska	Chuhuivskyi	49.8133	36.8806
63534	Зелений Колодязь	Kharkivska	Chuhuivskyi	49.8485	36.4621
63535	Зауддя	Kharkivska	Chuhuivskyi	49.8004	36.4555
63536	Студенок	Kharkivska	Chuhuivskyi	49.6249	36.8777
63537	Ртищівка	Kharkivska	Chuhuivskyi	49.7225	36.7814
63538	Степове	Kharkivska	Chuhuivskyi	48.869	36.7479
63539	Михайлівка	Kharkivska	Chuhuivskyi	49.6608	36.9151
63540	Коробочкине	Kharkivska	Chuhuivskyi	49.7772	36.8157
63541	Стара Гнилиця	Kharkivska	Chuhuivskyi	49.7372	36.6877
63542	Гракове	Kharkivska	Chuhuivskyi	49.7182	36.8148
63543	Залізничне	Kharkivska	Chuhuivskyi	49.7273	36.8663
63544	Чкаловське	Kharkivska	Chuhuivskyi	49.7152	36.9333
63545	Гаврилівка	Kharkivska	Chuhuivskyi	49.7151	36.9677
63546	Дослідне	Kharkivska	Chuhuivskyi	49.725	36.9305
63547	Миколаївка (Чкалівська селищна рада)	Kharkivska	Chuhuivskyi	49.7334	36.8509
63548	Нова Гнилиця	Kharkivska	Chuhuivskyi	49.7099	36.8672
63549	Осиковий Гай	Kharkivska	Chuhuivskyi	49.7749	36.7744
63550	Мосьпанове	Kharkivska	Chuhuivskyi	49.6431	36.7449
63551	Іванівка	Kharkivska	Chuhuivskyi	49.636	36.9055
63552	Волохів Яр	Kharkivska	Chuhuivskyi	49.5994	36.9811
63601	Шевченкове	Kharkivska	Shevchenkivskyi	49.6959	37.1735
63608	Троїцьке	Kharkivska	Shevchenkivskyi	49.6831	37.1902
63609	Гроза	Kharkivska	Shevchenkivskyi	49.6703	37.2069
63610	Нижній Бурлук	Kharkivska	Shevchenkivskyi	49.8431	37.2717
63611	Великі Хутори	Kharkivska	Shevchenkivskyi	49.8159	37.1931
63612	Аркадівка	Kharkivska	Shevchenkivskyi	49.7714	37.2544
63613	Роздольне	Kharkivska	Shevchenkivskyi	49.5587	36.1068
63614	Петрівка	Kharkivska	Shevchenkivskyi	49.7407	37.2009
63615	Володимирівка	Kharkivska	Shevchenkivskyi	49.8411	37.3221
63616	Горожанівка (Петрівська сільська рада)	Kharkivska	Shevchenkivskyi	49.7657	37.0748
63617	Журавка	Kharkivska	Shevchenkivskyi	49.789	37.1744
63618	Іванівка (Нижньобурлуцька сільрада)	Kharkivska	Shevchenkivskyi	49.7657	37.0748
63619	Іванівка (Петрівська сільська рада)	Kharkivska	Shevchenkivskyi	49.7657	37.0748
63620	Василенкове	Kharkivska	Shevchenkivskyi	49.7791	37.0387
63621	Гетьманівка	Kharkivska	Shevchenkivskyi	49.7446	37.1028
63622	Лелюківка	Kharkivska	Shevchenkivskyi	49.7839	37.1328
63623	Малі Кринки	Kharkivska	Shevchenkivskyi	49.738	37.0563
63624	Микільське	Kharkivska	Shevchenkivskyi	50.028	37.5182
63625	Мостове	Kharkivska	Shevchenkivskyi	49.7433	37.1297
63626	Одрадне	Kharkivska	Shevchenkivskyi	49.7522	37.1167
63627	Первомайське	Kharkivska	Shevchenkivskyi	51.8194	34.0269
63628	Раївка	Kharkivska	Shevchenkivskyi	49.6918	37.2369
63629	Сазонівка	Kharkivska	Shevchenkivskyi	49.7008	37.2544
63630	Новомиколаївка	Kharkivska	Shevchenkivskyi	49.7575	37.3544
63631	Старовірівка	Kharkivska	Shevchenkivskyi	49.694	37.4062
63632	Баранове	Kharkivska	Shevchenkivskyi	49.6087	37.4439
63633	Самарське	Kharkivska	Shevchenkivskyi	49.6671	37.1784
63634	Смолівка	Kharkivska	Shevchenkivskyi	49.8246	37.2841
63635	Тетянівка	Kharkivska	Shevchenkivskyi	49.7264	37.1208
63636	Шишківка	Kharkivska	Shevchenkivskyi	49.8752	37.2919
63637	Дуванівка	Kharkivska	Shevchenkivskyi	49.7085	37.3195
63638	Федорівка	Kharkivska	Shevchenkivskyi	49.5147	37.4761
63639	Михайлівка (Нижньобурлуцька сільрада)	Kharkivska	Shevchenkivskyi	49.7085	37.3195
63640	Семенівка	Kharkivska	Shevchenkivskyi	49.6378	37.0186
63641	Богодарівка	Kharkivska	Shevchenkivskyi	49.6649	37.0731
63642	Новостепанівка	Kharkivska	Shevchenkivskyi	49.6967	37.0556
63643	Новий Лиман	Kharkivska	Shevchenkivskyi	49.6888	37.0101
63644	Огурцівка	Kharkivska	Shevchenkivskyi	49.6819	37.1911
63645	Худоярове	Kharkivska	Shevchenkivskyi	49.7192	37.0031
63646	Верхнезорянське	Kharkivska	Shevchenkivskyi	49.6836	37.075
63647	Зорянське	Kharkivska	Shevchenkivskyi	49.6836	37.075
63648	Михайлівка (Шевченківська селещна рада)	Kharkivska	Shevchenkivskyi	49.6836	37.075
63649	Шевченково	Kharkivska	Shevchenkivskyi	49.6959	37.1735
63650	Петропілля	Kharkivska	Shevchenkivskyi	49.6489	37.1332
63651	Колісниківка	Kharkivska	Shevchenkivskyi	49.6206	37.1939
63652	Безмятежне	Kharkivska	Shevchenkivskyi	49.5631	37.2424
63653	Кравцівка	Kharkivska	Shevchenkivskyi	49.5636	37.3193
63654	Максимівка	Kharkivska	Shevchenkivskyi	49.3115	36.3813
63655	Миропілля	Kharkivska	Shevchenkivskyi	49.5631	37.1965
63656	Олексіївка	Kharkivska	Shevchenkivskyi	49.3967	36.2821
63657	Полтава	Kharkivska	Shevchenkivskyi	49.5597	37.2501
63658	Ставище	Kharkivska	Shevchenkivskyi	49.6321	37.1437
63659	Станиславівка	Kharkivska	Shevchenkivskyi	49.5399	37.0159
63660	Волоська Балаклія	Kharkivska	Shevchenkivskyi	49.6194	37.3397
63661	Борівське	Kharkivska	Shevchenkivskyi	49.6411	37.3323
63662	Березівка	Kharkivska	Shevchenkivskyi	49.6251	37.4755
63663	Старий Чизвік	Kharkivska	Shevchenkivskyi	49.5491	37.2098
63664	Сумське	Kharkivska	Shevchenkivskyi	49.654	37.1091
63665	Олександрівка	Kharkivska	Shevchenkivskyi	49.6553	37.1969
63670	Сподобівка	Kharkivska	Shevchenkivskyi	49.5622	37.4325
63700	Куп'янськ	Kharkivska	Kupianskyi	49.6136	37.5081
63701	Куп'янськ	Kharkivska	Kupianskyi	49.6136	37.5081
63702	Куп'янськ	Kharkivska	Kupianskyi	49.6136	37.5081
63705	Куп'янськ	Kharkivska	Kupianskyi	49.6136	37.5081
63706	Куп'янськ	Kharkivska	Kupianskyi	49.6136	37.5081
63707	Куп'янськ	Kharkivska	Kupianskyi	49.6136	37.5081
63709	Куп'янськ-Вузловий	Kharkivska	Kupianskyi	49.6136	37.5081
63710	Гусинка	Kharkivska	Kupianskyi	49.8238	37.429
63711	Вишнівка	Kharkivska	Kupianskyi	49.8092	37.3353
63712	Моначинівка	Kharkivska	Kupianskyi	49.8194	37.5256
63713	Просянка	Kharkivska	Kupianskyi	49.8902	37.376
63714	Смородьківка	Kharkivska	Kupianskyi	49.7683	37.4872
63715	Василівка (Моначинівська сільрада)	Kharkivska	Kupianskyi	49.8257	37.4496
63716	Велика Шапківка	Kharkivska	Kupianskyi	49.781	37.5257
63717	Вовчий Яр	Kharkivska	Kupianskyi	49.9067	37.4081
63718	Дорошівка	Kharkivska	Kupianskyi	49.8314	37.5669
63719	Єгорівка	Kharkivska	Kupianskyi	49.8011	37.3926
63720	Кіндрашівка	Kharkivska	Kupianskyi	49.7694	37.5825
63721	Московка	Kharkivska	Kupianskyi	49.7294	37.5639
63722	Петропавлівка	Kharkivska	Kupianskyi	49.7212	37.709
63723	Благодатівка	Kharkivska	Kupianskyi	49.6804	37.5414
63724	Нечволодівка	Kharkivska	Kupianskyi	49.7	37.4889
63725	Калинове	Kharkivska	Kupianskyi	49.7761	37.6297
63726	Ковалівка	Kharkivska	Kupianskyi	49.7386	37.4956
63727	Курочкіне	Kharkivska	Kupianskyi	49.8483	37.4061
63728	Радьківка	Kharkivska	Kupianskyi	49.7508	37.5947
63729	Паламарівка	Kharkivska	Kupianskyi	49.746	37.5569
63730	Курилівка	Kharkivska	Kupianskyi	49.66	37.7183
63731	Подоли	Kharkivska	Kupianskyi	49.6961	37.6028
63732	Новоосинове	Kharkivska	Kupianskyi	49.6219	37.704
63733	Осиново	Kharkivska	Kupianskyi	49.6381	37.6117
63734	Ківшарівка	Kharkivska	Kupianskyi	49.631	37.6882
63735	Миколаївка Перша	Kharkivska	Kupianskyi	49.8789	37.4352
63736	Ківшарівка	Kharkivska	Kupianskyi	49.631	37.6882
63737	Пойдунівка	Kharkivska	Kupianskyi	49.6468	37.5624
63738	Прилютове	Kharkivska	Kupianskyi	49.9127	37.4441
63739	Прокопівка	Kharkivska	Kupianskyi	49.6444	37.5736
63740	Ягідне	Kharkivska	Kupianskyi	49.6614	37.9265
63741	Іванівка	Kharkivska	Kupianskyi	48.8497	36.7065
63742	Кислівка	Kharkivska	Kupianskyi	49.6408	37.8906
63743	Піщане (Піщанівська сільрада)	Kharkivska	Kupianskyi	49.0107	37.2703
63744	Берестове	Kharkivska	Kupianskyi	48.7272	36.603
63745	Котлярівка	Kharkivska	Kupianskyi	47.1204	36.2548
63746	Крохмальне	Kharkivska	Kupianskyi	49.5742	37.9167
63747	Миколаївка	Kharkivska	Kupianskyi	48.8503	36.8825
63748	Нова Тарасівка	Kharkivska	Kupianskyi	49.6613	37.9818
63749	Орлянка	Kharkivska	Kupianskyi	49.0107	37.2703
63750	Пристін	Kharkivska	Kupianskyi	49.5937	37.6297
63751	Глушківка	Kharkivska	Kupianskyi	49.5902	37.7126
63752	Сенькове	Kharkivska	Kupianskyi	49.5303	37.6894
63753	Кругляківка	Kharkivska	Kupianskyi	49.5549	37.613
63754	Лісна Стінка	Kharkivska	Kupianskyi	49.4806	37.6325
63756	Синиха	Kharkivska	Kupianskyi	49.5256	37.5803
63757	Біле	Kharkivska	Kupianskyi	49.4881	37.5697
63758	Грушівка	Kharkivska	Kupianskyi	49.6761	37.4767
63759	Василівка (Грушівська сільрада)	Kharkivska	Kupianskyi	49.5549	37.613
63761	Воронцівка	Kharkivska	Kupianskyi	49.6598	37.4094
63762	Осадьківка	Kharkivska	Kupianskyi	49.6594	37.5275
63763	Миколаївка Друга	Kharkivska	Kupianskyi	49.8722	37.4597
63764	Затишне	Kharkivska	Kupianskyi	49.6644	37.9393
63765	Колісниківка	Kharkivska	Kupianskyi	49.6206	37.1939
63766	Садове	Kharkivska	Kupianskyi	49.059	36.5221
63767	Самборівка	Kharkivska	Kupianskyi	49.7869	37.4608
63768	Селище	Kharkivska	Kupianskyi	49.8529	37.4798
63769	Синьківка	Kharkivska	Kupianskyi	49.7627	37.6921
63770	Сеньок	Kharkivska	Kupianskyi	49.5868	37.5219
63771	Соболівка	Kharkivska	Kupianskyi	49.7067	37.5642
63772	Степова Новоселівка	Kharkivska	Kupianskyi	49.6598	37.8622
63773	Стінка	Kharkivska	Kupianskyi	49.6545	37.5606
63774	Табаївка	Kharkivska	Kupianskyi	49.6005	37.8747
63775	Тамарганівка	Kharkivska	Kupianskyi	49.6528	37.5522
63776	Тищенківка	Kharkivska	Kupianskyi	49.7673	37.5498
63777	Хомине	Kharkivska	Kupianskyi	49.6813	37.6065
63778	Цибівка	Kharkivska	Kupianskyi	49.8706	37.3975
63779	Болдирівка	Kharkivska	Kupianskyi	49.6328	37.5758
63780	Голубівка	Kharkivska	Kupianskyi	49.749	37.633
63781	Кучерівка	Kharkivska	Kupianskyi	49.7178	37.6403
63782	Мала Шапківка	Kharkivska	Kupianskyi	49.7861	37.56
63783	Піщане (Курилівська сільрада)	Kharkivska	Kupianskyi	49.751	37.6111
63801	Борова	Kharkivska	Borivskyi	49.3777	37.6214
63808	Новоплатонівка	Kharkivska	Borivskyi	49.4167	37.65
63809	Шийківка	Kharkivska	Borivskyi	49.3972	37.6357
63810	Богуславка	Kharkivska	Borivskyi	48.3727	35.4532
63811	Загризове	Kharkivska	Borivskyi	48.8576	35.6099
63812	Лозова	Kharkivska	Borivskyi	48.8894	36.3175
63813	Першотравневе	Kharkivska	Borivskyi	49.1307	35.4568
63814	Вишневе	Kharkivska	Borivskyi	49.6783	35.5203
63815	Зелений Гай	Kharkivska	Borivskyi	49.1679	36.61
63816	Копанки	Kharkivska	Borivskyi	49.1529	35.5044
63817	Нова Кругляківка	Kharkivska	Borivskyi	48.8576	35.6099
63818	Новий Мир	Kharkivska	Borivskyi	47.9324	33.0997
63819	Новосергіївка	Kharkivska	Borivskyi	48.5366	36.9173
63820	Підвисоке	Kharkivska	Borivskyi	49.491	36.6617
63821	Калинове	Kharkivska	Borivskyi	49.7761	37.6297
63822	Гороховатка	Kharkivska	Borivskyi	49.3475	37.5306
63823	Бахтин	Kharkivska	Borivskyi	49.491	36.6617
63824	Підлиман	Kharkivska	Borivskyi	49.491	36.6617
63825	Бойні	Kharkivska	Borivskyi	49.491	36.6617
63826	Голубівка	Kharkivska	Borivskyi	48.8843	35.322
63827	Мирне	Kharkivska	Borivskyi	50.0346	35.3808
63828	Парнувате	Kharkivska	Borivskyi	49.4125	37.4456
63829	Ясиновате	Kharkivska	Borivskyi	49.491	36.6617
63830	Гаврилівка	Kharkivska	Borivskyi	48.8477	36.8081
63831	Нижче Солоне	Kharkivska	Borivskyi	48.4607	36.0678
63832	Піски-Радьківські	Kharkivska	Borivskyi	48.4607	36.0678
63833	Маліївка	Kharkivska	Borivskyi	47.9232	36.6258
63834	Нижня Журавка	Kharkivska	Borivskyi	48.4607	36.0678
63835	Вище Солоне	Kharkivska	Borivskyi	48.4607	36.0678
63836	Борівська Андріївка	Kharkivska	Borivskyi	48.4607	36.0678
63837	Червоний Став	Kharkivska	Borivskyi	48.3242	34.3084
63838	Степове	Kharkivska	Borivskyi	48.7477	36.5286
63839	Ольгівка	Kharkivska	Borivskyi	48.4607	36.0678
63840	Ізюмське	Kharkivska	Borivskyi	49.2575	35.3769
63841	Дружелюбівка	Kharkivska	Borivskyi	49.2575	35.3769
63842	Чернещина	Kharkivska	Borivskyi	49.2862	35.1008
63843	Андріївка	Kharkivska	Borivskyi	49.2288	35.653
63844	Глущенкове	Kharkivska	Borivskyi	49.2575	35.3769
64003	Кегичівка	Kharkivska	Kehychivskyi	49.2866	35.7615
64008	Крутоярівка	Kharkivska	Kehychivskyi	49.3128	35.6953
64009	Розсохувата	Kharkivska	Kehychivskyi	49.3466	35.7343
64010	Власівка	Kharkivska	Kehychivskyi	49.4516	35.7845
64011	Лозова	Kharkivska	Kehychivskyi	48.8894	36.3175
64012	Медведівка	Kharkivska	Kehychivskyi	49.4742	35.8386
64013	Золотухівка	Kharkivska	Kehychivskyi	49.4638	35.8181
64014	Кофанівка	Kharkivska	Kehychivskyi	49.4733	35.8019
64015	Рояківка	Kharkivska	Kehychivskyi	49.1379	36.3008
64016	Карабущине	Kharkivska	Kehychivskyi	49.2003	35.72
64017	Шевченкове	Kharkivska	Kehychivskyi	49.3176	36.3853
64018	Олександрівське	Kharkivska	Kehychivskyi	48.2861	38.3622
64019	Новоіванівка	Kharkivska	Kehychivskyi	48.6852	36.6789
64020	Слобожанське	Kharkivska	Kehychivskyi	49.4107	35.7302
64021	Високе	Kharkivska	Kehychivskyi	49.5009	35.5044
64022	Козацьке	Kharkivska	Kehychivskyi	49.4107	35.7302
64023	Парасковія	Kharkivska	Kehychivskyi	49.3686	35.9511
64024	Шляхове	Kharkivska	Kehychivskyi	49.8245	35.421
64025	Писарівка	Kharkivska	Kehychivskyi	49.3138	35.9127
64026	Коханівка	Kharkivska	Kehychivskyi	49.2909	35.861
64027	Зелена Діброва	Kharkivska	Kehychivskyi	49.2902	35.8076
64028	Дальне	Kharkivska	Kehychivskyi	49.4107	35.7302
64029	Гутирівка	Kharkivska	Kehychivskyi	49.2859	35.6538
64030	Софіївка	Kharkivska	Kehychivskyi	49.3028	35.633
64031	Андріївка	Kharkivska	Kehychivskyi	49.2288	35.653
64032	Красне	Kharkivska	Kehychivskyi	49.2357	35.7653
64033	Калинівка	Kharkivska	Kehychivskyi	49.2498	35.7283
64034	Калюжине	Kharkivska	Kehychivskyi	49.2937	35.9826
64035	Вільне	Kharkivska	Kehychivskyi	49.2368	35.7836
64036	Землянки	Kharkivska	Kehychivskyi	49.2014	35.6417
64037	Козачі Майдани	Kharkivska	Kehychivskyi	49.3863	35.7892
64038	Краснянське	Kharkivska	Kehychivskyi	49.1717	35.6878
64039	Олександрівка	Kharkivska	Kehychivskyi	49.2608	35.6773
64040	Мажарка	Kharkivska	Kehychivskyi	49.1608	35.5878
64041	Вовківка	Kharkivska	Kehychivskyi	49.1195	35.5865
64042	Серго	Kharkivska	Kehychivskyi	49.1222	35.5448
64043	Антонівка	Kharkivska	Kehychivskyi	49.3277	35.7979
64050	Павлівка	Kharkivska	Kehychivskyi	49.316	35.9583
64052	Нова Парафіївка	Kharkivska	Kehychivskyi	49.2528	35.9081
64053	Бесарабівка	Kharkivska	Kehychivskyi	49.2844	35.9332
64102	Первомайський	Kharkivska	Pervomaiskyi	49.3874	36.2147
64107	Первомайський	Kharkivska	Pervomaiskyi	49.3874	36.2147
64110	Берека	Kharkivska	Pervomaiskyi	49.4128	36.1772
64111	Трійчате	Kharkivska	Pervomaiskyi	49.3966	36.1153
64112	Єфремівка	Kharkivska	Pervomaiskyi	49.4532	36.0491
64113	Троїцьке	Kharkivska	Pervomaiskyi	49.3966	36.1153
64114	Новоберецьке	Kharkivska	Pervomaiskyi	49.5274	36.174
64115	Маслівка	Kharkivska	Pervomaiskyi	49.3869	36.1727
64116	Високе	Kharkivska	Pervomaiskyi	49.41	36.1983
64117	Калинівка	Kharkivska	Pervomaiskyi	49.2498	35.7283
64118	Нове	Kharkivska	Pervomaiskyi	49.4413	36.14
64119	Радомислівка	Kharkivska	Pervomaiskyi	49.2916	36.2827
64120	Верхній Бишкин	Kharkivska	Pervomaiskyi	49.4858	36.3307
64121	Киселі	Kharkivska	Pervomaiskyi	49.4263	36.4388
64122	Олексіївка	Kharkivska	Pervomaiskyi	49.3967	36.2821
64123	Слобідське	Kharkivska	Pervomaiskyi	49.3936	36.2092
64124	Караченців	Kharkivska	Pervomaiskyi	49.3804	36.1337
64125	Задорожнє	Kharkivska	Pervomaiskyi	49.4202	36.1507
64126	Шевченкове	Kharkivska	Pervomaiskyi	49.3176	36.3853
64127	Червоне	Kharkivska	Pervomaiskyi	49.5207	35.5392
64128	Тимченки	Kharkivska	Pervomaiskyi	49.2233	36.1419
64129	Сумці	Kharkivska	Pervomaiskyi	49.3711	36.48
64130	Дмитрівка	Kharkivska	Pervomaiskyi	49.1422	36.6733
64131	Грушине	Kharkivska	Pervomaiskyi	49.3643	36.1556
64132	Красне	Kharkivska	Pervomaiskyi	49.4033	36.1418
64133	Верхня Орілька	Kharkivska	Pervomaiskyi	49.3189	36.0384
64134	Миронівка	Kharkivska	Pervomaiskyi	49.1339	36.265
64135	Ржавчик	Kharkivska	Pervomaiskyi	49.3104	36.2029
64136	Кіптівка	Kharkivska	Pervomaiskyi	49.2441	36.1818
64137	Степове	Kharkivska	Pervomaiskyi	48.869	36.7479
64138	Побєда	Kharkivska	Pervomaiskyi	49.3022	36.3014
64139	Рокитне	Kharkivska	Pervomaiskyi	49.2622	36.4839
64140	Суданка	Kharkivska	Pervomaiskyi	49.285	36.338
64141	Біляївка	Kharkivska	Pervomaiskyi	49.2656	36.3101
64142	Одрадове	Kharkivska	Pervomaiskyi	49.3015	36.4395
64143	Михайлівка	Kharkivska	Pervomaiskyi	49.3223	36.4748
64144	Картамиш	Kharkivska	Pervomaiskyi	49.277	36.5403
64145	Берестки	Kharkivska	Pervomaiskyi	49.3553	36.4805
64146	Булацелівка	Kharkivska	Pervomaiskyi	49.2916	36.4189
64147	Веселе	Kharkivska	Pervomaiskyi	49.2483	36.2953
64148	Кам'янка	Kharkivska	Pervomaiskyi	49.2916	36.4189
64149	Красиве	Kharkivska	Pervomaiskyi	49.2781	36.4727
64150	Закутнівка	Kharkivska	Pervomaiskyi	49.2228	36.2422
64151	Роздолля	Kharkivska	Pervomaiskyi	49.1982	36.3407
64152	Шульське	Kharkivska	Pervomaiskyi	49.1728	36.3136
64153	Краснопавлівське	Kharkivska	Pervomaiskyi	49.1922	36.2461
64154	Крутоярка	Kharkivska	Pervomaiskyi	49.2897	36.5849
64155	Крюкове	Kharkivska	Pervomaiskyi	49.2308	36.375
64156	Лозівське	Kharkivska	Pervomaiskyi	49.216	36.5621
64157	Максимівка	Kharkivska	Pervomaiskyi	49.3115	36.3813
64158	Марї'вка	Kharkivska	Pervomaiskyi	49.2061	36.3891
64159	Миколаївка	Kharkivska	Pervomaiskyi	49.0205	36.4557
64160	Новоєгорівка	Kharkivska	Pervomaiskyi	49.2058	36.1797
64161	Паризьке	Kharkivska	Pervomaiskyi	49.3303	36.275
64162	Перерізнівка	Kharkivska	Pervomaiskyi	49.3952	36.3955
64163	Петрівка	Kharkivska	Pervomaiskyi	49.2649	36.3338
64164	Кашпурівка	Kharkivska	Pervomaiskyi	49.3296	36.183
64165	Зеленівка	Kharkivska	Pervomaiskyi	49.346	36.3196
64167	Семенівка	Kharkivska	Pervomaiskyi	49.4428	36.0392
64175	Нова Семенівка	Kharkivska	Pervomaiskyi	49.4223	36.0686
64200	Балаклія	Kharkivska	Balakliiskyi	49.4627	36.8595
64201	Балаклія	Kharkivska	Balakliiskyi	49.4627	36.8595
64203	Балаклія	Kharkivska	Balakliiskyi	49.4627	36.8595
64205	Балаклія	Kharkivska	Balakliiskyi	49.4627	36.8595
64207	Балаклія	Kharkivska	Balakliiskyi	49.4627	36.8595
64219	Вербівка (Вербівська сільська рада)	Kharkivska	Balakliiskyi	49.4627	36.8595
64220	Андріївка (Андріївська селищна рада)	Kharkivska	Balakliiskyi	49.4627	36.8595
64222	Андріївка (Андріївська селищна рада)	Kharkivska	Balakliiskyi	49.4627	36.8595
64223	Пришиб (Пришибська сільська рада)	Kharkivska	Balakliiskyi	49.4627	36.8595
64224	Явірське (Пришибська сільська рада)	Kharkivska	Balakliiskyi	49.4627	36.8595
64225	Яковенкове (Яковенківська сільська рада)	Kharkivska	Balakliiskyi	49.4627	36.8595
64226	Калинівка (Яковенківська сільська рада)	Kharkivska	Balakliiskyi	49.4627	36.8595
64227	Таранушине (Яковенківська сільська рада)	Kharkivska	Balakliiskyi	49.4627	36.8595
64228	Степок (Яковенківська сільська рада)	Kharkivska	Balakliiskyi	49.4627	36.8595
64229	Крейдянка (Балаклійська міська рада)	Kharkivska	Balakliiskyi	49.4627	36.8595
64230	Бригадирівка (Бригадирівська сільська рада)	Kharkivska	Balakliiskyi	49.4627	36.8595
64231	Вишнева (Вишнівська сільська рада)	Kharkivska	Balakliiskyi	49.4627	36.8595
64232	Слабунівка (Веселівська сільська рада)	Kharkivska	Balakliiskyi	49.4627	36.8595
64233	Крючки (Веселівська сільська рада)	Kharkivska	Balakliiskyi	49.4627	36.8595
64234	Нурове (Веселівська сільська рада)	Kharkivska	Balakliiskyi	49.4627	36.8595
64235	Веселе (Веселівська сільська рада)	Kharkivska	Balakliiskyi	49.4627	36.8595
64236	Пазіївка (Веселівська сільська рада)	Kharkivska	Balakliiskyi	49.4627	36.8595
64237	Першотравневе (Вишнівська сільська рада)	Kharkivska	Balakliiskyi	49.4627	36.8595
64238	Теплянка (Веселівська сільська рада)	Kharkivska	Balakliiskyi	49.4627	36.8595
64239	Українка (Веселівська сільська рада)	Kharkivska	Balakliiskyi	49.4627	36.8595
64240	Борщівка (Борщівська сільська рада)	Kharkivska	Balakliiskyi	49.4627	36.8595
64241	Морозівка (Морозівська сільська рада)	Kharkivska	Balakliiskyi	49.4627	36.8595
64242	Вільхуватка (Морозівська сільська рада)	Kharkivska	Balakliiskyi	49.4627	36.8595
64243	Новоселівка (Веселівська сільська рада)	Kharkivska	Balakliiskyi	49.4627	36.8595
64244	Волобуївка (Гусарівська сільська рада)	Kharkivska	Balakliiskyi	49.4627	36.8595
64245	Довгалівка (Савинська селищна рада)	Kharkivska	Balakliiskyi	49.4627	36.8595
64246	Байрак (Червоногусарівська сільська рада)	Kharkivska	Balakliiskyi	49.4627	36.8595
64247	Норцівка (Залиманська сільська рада)	Kharkivska	Balakliiskyi	49.4627	36.8595
64248	Серафимівка (П’ятигірська сільська рада)	Kharkivska	Balakliiskyi	49.4627	36.8595
64249	Прогрес (Донецька селищна рада)	Kharkivska	Balakliiskyi	49.4627	36.8595
64250	Донець (Донецька селищна рада)	Kharkivska	Balakliiskyi	49.4627	36.8595
64251	Шебелинка (Шебелинська сільська рада)	Kharkivska	Balakliiskyi	49.4627	36.8595
64252	П'ятигірське (П’ятигірська сільська рада)	Kharkivska	Balakliiskyi	49.4627	36.8595
64253	Мілова (Міловська сільська рада)	Kharkivska	Balakliiskyi	49.4627	36.8595
64254	Глазунівка (П’ятигірська сільська рада)	Kharkivska	Balakliiskyi	49.4627	36.8595
64255	Дальня Шебелинка (Донецька селищна рада)	Kharkivska	Balakliiskyi	49.4627	36.8595
64256	Копанка (Донецька селищна рада)	Kharkivska	Balakliiskyi	49.4627	36.8595
64257	Криничне (Міловська сільська рада)	Kharkivska	Balakliiskyi	49.4627	36.8595
64258	Новотроїцьке (Шебелинська сільська рада)	Kharkivska	Balakliiskyi	49.4627	36.8595
64259	Первомайське (Міловська сільська рада)	Kharkivska	Balakliiskyi	49.4627	36.8595
64260	Асіївка (Асіївська сільська рада)	Kharkivska	Balakliiskyi	49.4627	36.8595
64261	Лозовенька (Лозовенківська сільська рада)	Kharkivska	Balakliiskyi	49.4627	36.8595
64262	Слобожанське (Асіївська сільська рада)	Kharkivska	Balakliiskyi	49.4627	36.8595
64263	Шевелівка (Шевелівська сільська рада)	Kharkivska	Balakliiskyi	49.4627	36.8595
64264	Гусарівка (Гусарівська сільська рада)	Kharkivska	Balakliiskyi	49.4627	36.8595
64265	Нова Гусарівка (Червоногусарівська сільська рада)	Kharkivska	Balakliiskyi	49.4627	36.8595
64266	Покровське (Пришибська сільрада)	Kharkivska	Balakliiskyi	49.4627	36.8595
64267	Новомиколаївка (Асіївська сільська рада)	Kharkivska	Balakliiskyi	49.4627	36.8595
64268	Попівка (Асіївська сільська рада)	Kharkivska	Balakliiskyi	49.4627	36.8595
64269	Соколівка (Асіївська сільсьска рада)	Kharkivska	Balakliiskyi	49.4627	36.8595
64270	Савинці (Савинська селищна рада)	Kharkivska	Balakliiskyi	49.4627	36.8595
64271	Залиман (Залиманська сільська рада)	Kharkivska	Balakliiskyi	49.4627	36.8595
64272	Савинці (Савинська селищна рада)	Kharkivska	Balakliiskyi	49.4627	36.8595
64273	Мирна Долина (Залиманська сільська рада)	Kharkivska	Balakliiskyi	49.4627	36.8595
64275	Успенське (Асіївська сільська рада)	Kharkivska	Balakliiskyi	49.4627	36.8595
64276	Червона Гірка (Донецька селищна рада)	Kharkivska	Balakliiskyi	49.4627	36.8595
64277	Червоний Шлях (Міловська сільська рада)	Kharkivska	Balakliiskyi	49.4627	36.8595
64278	Щурівка (Червоногусарівська сільська рада)	Kharkivska	Balakliiskyi	49.4627	36.8595
64279	Бородоярське (Морозівська сільська рада)	Kharkivska	Balakliiskyi	49.4627	36.8595
64280	Чепіль (Чепільська сільська рада)	Kharkivska	Balakliiskyi	49.4627	36.8595
64281	Протопопівка (Протопопівська сільська рада)	Kharkivska	Balakliiskyi	49.4627	36.8595
64282	Петрівське (Петрівська сільська рада)	Kharkivska	Balakliiskyi	49.4627	36.8595
64283	Берестянки (Петрівська сільська рада)	Kharkivska	Balakliiskyi	49.4627	36.8595
64284	Вітрівка (Чепільська сільська рада)	Kharkivska	Balakliiskyi	49.4627	36.8595
64285	Волвенкове (Протопопівська сільська рада)	Kharkivska	Balakliiskyi	49.4627	36.8595
64286	Завгороднє (Петрівська сільська рада)	Kharkivska	Balakliiskyi	49.4627	36.8595
64287	Вільне (Лозовенківська сільська рада)	Kharkivska	Balakliiskyi	49.4627	36.8595
64288	Нова Серпухівка (Лозовенківська сільська рада)	Kharkivska	Balakliiskyi	49.4627	36.8595
64289	Вовчий Яр (Яковенківська сільська рада)	Kharkivska	Balakliiskyi	49.4627	36.8595
64300	Ізюм	Kharkivska	Iziumskyi	49.2088	37.2485
64301	Ізюм	Kharkivska	Iziumskyi	49.2088	37.2485
64302	Ізюм	Kharkivska	Iziumskyi	49.2088	37.2485
64303	Ізюм	Kharkivska	Iziumskyi	49.2088	37.2485
64304	Ізюм	Kharkivska	Iziumskyi	49.2088	37.2485
64305	Ізюм	Kharkivska	Iziumskyi	49.2088	37.2485
64306	Ізюм	Kharkivska	Iziumskyi	49.2088	37.2485
64309	Ізюм	Kharkivska	Iziumskyi	49.2088	37.2485
64315	Сніжківка	Kharkivska	Iziumskyi	49.3658	37.4026
64316	Розсохувате	Kharkivska	Iziumskyi	49.4608	37.4397
64317	Попасне	Kharkivska	Iziumskyi	49.4472	37.4439
64318	Діброва	Kharkivska	Iziumskyi	49.1893	37.3241
64319	Капитолівка	Kharkivska	Iziumskyi	49.3658	37.4026
64320	Бугаївка	Kharkivska	Iziumskyi	49.7631	35.5391
64321	Олександрівка	Kharkivska	Iziumskyi	49.7278	35.4327
64322	Іванчуківка	Kharkivska	Iziumskyi	49.37	37.1844
64323	Куньє	Kharkivska	Iziumskyi	49.3787	37.2618
64324	Чистоводівка	Kharkivska	Iziumskyi	49.6087	36.1412
64325	Боголюбівка	Kharkivska	Iziumskyi	49.6087	36.1412
64326	Козютівка	Kharkivska	Iziumskyi	49.6087	36.1412
64327	Новопавлівка	Kharkivska	Iziumskyi	49.256	35.5252
64328	Підвисоке	Kharkivska	Iziumskyi	49.6087	36.1412
64329	Рідний Край	Kharkivska	Iziumskyi	50.1569	35.904
64330	Бригадирівка	Kharkivska	Iziumskyi	49.555	37.0742
64331	Липчанівка	Kharkivska	Iziumskyi	49.5925	36.3923
64332	Левківка	Kharkivska	Iziumskyi	49.7229	36.342
64333	Крамарівка	Kharkivska	Iziumskyi	49.2774	37.2654
64334	Комарівка	Kharkivska	Iziumskyi	49.9665	34.9748
64335	Забавне	Kharkivska	Iziumskyi	49.2907	37.2268
64336	Іванівка	Kharkivska	Iziumskyi	49.794	35.5123
64337	Іскра	Kharkivska	Iziumskyi	49.3072	37.2886
64338	Лисогірка	Kharkivska	Iziumskyi	49.5925	36.3923
64339	Миколаївка	Kharkivska	Iziumskyi	49.8262	35.4544
64340	Оскіл	Kharkivska	Iziumskyi	49.1791	37.4259
64341	Кам'янка	Kharkivska	Iziumskyi	49.8196	36.0693
64342	Мала Комишуваха	Kharkivska	Iziumskyi	49.8196	36.0693
64343	Донецьке	Kharkivska	Iziumskyi	49.8196	36.0693
64344	Бражківка	Kharkivska	Iziumskyi	49.0454	37.216
64345	Букине	Kharkivska	Iziumskyi	49.8196	36.0693
64346	Копанки	Kharkivska	Iziumskyi	50.0076	35.6626
64347	Пимонівка	Kharkivska	Iziumskyi	49.8196	36.0693
64348	Руднево	Kharkivska	Iziumskyi	51.4229	34.0028
64349	Семенівка	Kharkivska	Iziumskyi	49.4428	36.0392
64350	Заводи	Kharkivska	Iziumskyi	49.0083	37.6744
64351	Співаківка	Kharkivska	Iziumskyi	49.0451	38.9075
64352	Андірївка	Kharkivska	Iziumskyi	49.0083	37.6744
64353	Петропілля	Kharkivska	Iziumskyi	49.6489	37.1332
64354	Придонецьке	Kharkivska	Iziumskyi	49.0083	37.6744
64355	Синичено	Kharkivska	Iziumskyi	49.1057	37.38
64356	Сулигівка	Kharkivska	Iziumskyi	49.0083	37.6744
64357	Суха Кам'янка	Kharkivska	Iziumskyi	49.0083	37.6744
64358	Сухий Яр	Kharkivska	Iziumskyi	48.2336	37.2771
64359	Тихоцьке	Kharkivska	Iziumskyi	49.0083	37.6744
64360	Студенок	Kharkivska	Iziumskyi	49.6249	36.8777
64361	Карнаухівка	Kharkivska	Iziumskyi	49.0351	37.0415
64362	Пасіка	Kharkivska	Iziumskyi	49.0734	37.4632
64363	Топольське	Kharkivska	Iziumskyi	49.1298	37.2354
64364	Федорівка	Kharkivska	Iziumskyi	48.9977	36.1447
64365	Поляна	Kharkivska	Iziumskyi	48.5102	35.4494
64366	Щасливе	Kharkivska	Iziumskyi	46.546	33.2768
64367	Чорнобаївка	Kharkivska	Iziumskyi	46.6941	32.5537
64368	Шпаківка	Kharkivska	Iziumskyi	48.5102	35.4494
64369	Яремівка	Kharkivska	Iziumskyi	48.9804	33.002
64370	Вірнопілля	Kharkivska	Iziumskyi	49.2942	34.511
64371	Довгеньке	Kharkivska	Iziumskyi	48.8347	30.8105
64372	Дмитрівка	Kharkivska	Iziumskyi	49.7988	35.3859
64377	Глинське	Kharkivska	Iziumskyi	49.2942	34.511
64378	Бабенкове	Kharkivska	Iziumskyi	49.249	37.3365
64401	Зачепилівка	Kharkivska	Zachepylivskyi	49.1938	35.2394
64408	Нагірне	Kharkivska	Zachepylivskyi	49.2134	35.2331
64409	Скалонівка	Kharkivska	Zachepylivskyi	49.1829	35.1934
64410	Чернещина	Kharkivska	Zachepylivskyi	49.2862	35.1008
64411	Новоселівка	Kharkivska	Zachepylivskyi	49.291	35.1305
64412	Рунівщина	Kharkivska	Zachepylivskyi	49.2356	35.0876
64413	Устимівка	Kharkivska	Zachepylivskyi	49.2474	35.1395
64414	Письмаківка	Kharkivska	Zachepylivskyi	49.2909	35.2272
64415	Романівка	Kharkivska	Zachepylivskyi	49.2657	35.1324
64416	Педашка Перша	Kharkivska	Zachepylivskyi	49.2551	35.2257
64417	Зарічне	Kharkivska	Zachepylivskyi	49.1832	35.0596
64418	Олянівка	Kharkivska	Zachepylivskyi	48.9682	35.2468
64419	Старе Пекельне	Kharkivska	Zachepylivskyi	49.2248	35.15
64420	Леб'яже	Kharkivska	Zachepylivskyi	49.1549	35.5281
64421	Петрівка	Kharkivska	Zachepylivskyi	49.3895	35.5986
64422	Зіньківщина	Kharkivska	Zachepylivskyi	49.0477	35.3815
64423	Миколаївка	Kharkivska	Zachepylivskyi	49.202	35.3025
64424	Абазівка	Kharkivska	Zachepylivskyi	49.2485	35.3356
64425	Нове Пекельне	Kharkivska	Zachepylivskyi	49.0378	35.4052
64426	Олександрівка	Kharkivska	Zachepylivskyi	49.2251	35.5009
64427	Забарине	Kharkivska	Zachepylivskyi	49.1722	35.4166
64428	Перемога	Kharkivska	Zachepylivskyi	49.0427	36.3669
64429	Старе Мажарове	Kharkivska	Zachepylivskyi	49.0288	35.445
64430	Дудівка	Kharkivska	Zachepylivskyi	49.0666	35.5096
64431	Орчик	Kharkivska	Zachepylivskyi	49.202	35.0681
64432	Залінійне	Kharkivska	Zachepylivskyi	49.1792	35.1244
64433	Сомівка	Kharkivska	Zachepylivskyi	49.1186	35.2656
64434	Займанка	Kharkivska	Zachepylivskyi	49.1436	35.2219
64435	Семенівка	Kharkivska	Zachepylivskyi	49.0706	35.3267
64436	Лиманівка	Kharkivska	Zachepylivskyi	47.3776	35.3857
64437	Малий Орчик	Kharkivska	Zachepylivskyi	49.1872	35.0826
64438	Кочетівка	Kharkivska	Zachepylivskyi	49.2224	35.2365
64439	Вишневе	Kharkivska	Zachepylivskyi	49.6783	35.5203
64440	Бердянка	Kharkivska	Zachepylivskyi	49.1028	35.4533
64441	Котівка	Kharkivska	Zachepylivskyi	48.8069	36.844
64442	Першотравневе	Kharkivska	Zachepylivskyi	49.6845	36.1291
64443	Травневе	Kharkivska	Zachepylivskyi	49.9562	35.8122
64450	Нове Мажарове	Kharkivska	Zachepylivskyi	49.024	35.479
64501	Сахновщина	Kharkivska	Sakhnovshchynskyi	49.1517	35.872
64508	Сугарівське	Kharkivska	Sakhnovshchynskyi	49.0861	35.7795
64509	Скиртяне	Kharkivska	Sakhnovshchynskyi	49.0205	35.687
64510	Олійники	Kharkivska	Sakhnovshchynskyi	49.8894	35.0132
64511	Миколаївка (Шевченківська сільрада)	Kharkivska	Sakhnovshchynskyi	49.6418	35.0307
64512	Лебедівка	Kharkivska	Sakhnovshchynskyi	49.1627	35.9586
64513	Шевченкове (Шевченківська сільрада)	Kharkivska	Sakhnovshchynskyi	49.6418	35.0307
64514	Лигівка	Kharkivska	Sakhnovshchynskyi	49.6418	35.0307
64515	Бондарівка	Kharkivska	Sakhnovshchynskyi	49.7792	35.3332
64517	Красна Гірка	Kharkivska	Sakhnovshchynskyi	51.9801	33.2405
64518	Красноярка	Kharkivska	Sakhnovshchynskyi	49.1706	36.0461
64519	Зелений Клин	Kharkivska	Sakhnovshchynskyi	47.8686	34.5926
64520	Дар-Надежда	Kharkivska	Sakhnovshchynskyi	49.154	35.7497
64521	Максимівка	Kharkivska	Sakhnovshchynskyi	49.1436	35.6599
64522	Гришівка	Kharkivska	Sakhnovshchynskyi	49.1231	35.8392
64523	Івано-Слиньківка	Kharkivska	Sakhnovshchynskyi	48.9162	35.8622
64524	Лесівка	Kharkivska	Sakhnovshchynskyi	49.0493	36.0941
64525	Нагірне	Kharkivska	Sakhnovshchynskyi	49.1549	36.0312
64526	Надеждине	Kharkivska	Sakhnovshchynskyi	49.1307	36.0353
64527	Новобогданівка	Kharkivska	Sakhnovshchynskyi	47.0852	35.3294
64528	Нововолодимирівка	Kharkivska	Sakhnovshchynskyi	49.1786	36.0536
64529	Новомихайлівка	Kharkivska	Sakhnovshchynskyi	49.226	35.967
64530	Нова Чернещина	Kharkivska	Sakhnovshchynskyi	49.0681	35.6416
64531	Костянтинівка	Kharkivska	Sakhnovshchynskyi	49.0991	35.6768
64532	Огіївка	Kharkivska	Sakhnovshchynskyi	49.0839	35.763
64533	Гаркушине	Kharkivska	Sakhnovshchynskyi	49.1117	35.7862
64534	Загаркушине	Kharkivska	Sakhnovshchynskyi	49.1322	35.7322
64535	Калинівка	Kharkivska	Sakhnovshchynskyi	49.0969	35.6079
64536	Олексіївка	Kharkivska	Sakhnovshchynskyi	49.0926	36.0386
64537	Тарасівка	Kharkivska	Sakhnovshchynskyi	49.1426	36.1334
64538	Тернуватка	Kharkivska	Sakhnovshchynskyi	49.0591	35.8076
64539	Червона Долина	Kharkivska	Sakhnovshchynskyi	49.0365	36.1005
64540	Володимирівка	Kharkivska	Sakhnovshchynskyi	49.1069	36.1464
64541	Аполлонівка	Kharkivska	Sakhnovshchynskyi	49.0486	36.008
64542	Козирів	Kharkivska	Sakhnovshchynskyi	49.1061	36.2014
64543	Миколаївка (Аполонівська сільрада)	Kharkivska	Sakhnovshchynskyi	49.0908	36.1331
64544	Орільське	Kharkivska	Sakhnovshchynskyi	49.0917	36.235
64545	Петрівка	Kharkivska	Sakhnovshchynskyi	49.0828	36.016
64546	Староволодимирівка	Kharkivska	Sakhnovshchynskyi	49.0697	36.1589
64547	Степанівка	Kharkivska	Sakhnovshchynskyi	49.0737	36.0023
64548	Червоний Степ	Kharkivska	Sakhnovshchynskyi	49.1669	36.1367
64549	Яковлівка	Kharkivska	Sakhnovshchynskyi	49.0705	36.2932
64550	Новоолександрівка	Kharkivska	Sakhnovshchynskyi	48.7993	36.1986
64551	Новодмитрівка	Kharkivska	Sakhnovshchynskyi	49.0605	35.9246
64552	Катеринівка	Kharkivska	Sakhnovshchynskyi	48.9373	36.3278
64553	Берестове	Kharkivska	Sakhnovshchynskyi	48.8285	36.3246
64554	Кас'янівка	Kharkivska	Sakhnovshchynskyi	48.9282	36.3959
64555	Кузьминівка	Kharkivska	Sakhnovshchynskyi	48.7942	38.0642
64556	Нова Балка	Kharkivska	Sakhnovshchynskyi	48.9282	36.3959
64557	Олександрівка	Kharkivska	Sakhnovshchynskyi	49.0116	36.4737
64558	Піскувате	Kharkivska	Sakhnovshchynskyi	48.9784	35.9129
64559	Халтуріна	Kharkivska	Sakhnovshchynskyi	49.016	35.9404
64560	Багата Чернещина	Kharkivska	Sakhnovshchynskyi	48.9882	35.5908
64561	Тавежня	Kharkivska	Sakhnovshchynskyi	48.9995	35.716
64562	Великі Бучки	Kharkivska	Sakhnovshchynskyi	48.9823	35.6626
64563	Дубові Гряди	Kharkivska	Sakhnovshchynskyi	48.9638	35.822
64564	Судиха	Kharkivska	Sakhnovshchynskyi	49.0388	35.714
64565	Чорнолозка	Kharkivska	Sakhnovshchynskyi	49.1739	35.7836
64566	Зелене	Kharkivska	Sakhnovshchynskyi	50.0483	36.2011
64567	Шевченкове (Тавежнянська сільрада)	Kharkivska	Sakhnovshchynskyi	49.178	35.7679
64568	Андріївка	Kharkivska	Sakhnovshchynskyi	49.2288	35.653
64569	Германівка	Kharkivska	Sakhnovshchynskyi	49.178	35.7679
64570	Малі Бучки	Kharkivska	Sakhnovshchynskyi	49.002	35.5309
64571	Мар'ївка	Kharkivska	Sakhnovshchynskyi	49.002	35.5309
64600	Лозова	Kharkivska	Lozivskyi	48.8894	36.3175
64602	Лозова	Kharkivska	Lozivskyi	48.8894	36.3175
64603	Лозова	Kharkivska	Lozivskyi	48.8894	36.3175
64604	Лозова	Kharkivska	Lozivskyi	48.8894	36.3175
64605	Лозова	Kharkivska	Lozivskyi	48.8894	36.3175
64606	Лозова	Kharkivska	Lozivskyi	48.8894	36.3175
64608	Українське (Домахська сільрада)	Kharkivska	Lozivskyi	48.8845	36.3151
64609	Домаха	Kharkivska	Lozivskyi	48.8603	36.3031
64610	Бунакове	Kharkivska	Lozivskyi	49.2223	36.5393
64611	Павлівка Друга	Kharkivska	Lozivskyi	49.197	36.5898
64612	Миролюбівка (Надеждинська сільська рада)	Kharkivska	Lozivskyi	49.1594	36.5313
64613	Бакшарівка	Kharkivska	Lozivskyi	49.1849	36.6002
64614	Горохівка	Kharkivska	Lozivskyi	49.2152	36.501
64615	Зелений Гай	Kharkivska	Lozivskyi	49.1679	36.61
64616	Лісівське	Kharkivska	Lozivskyi	49.1594	36.5313
64617	Нестеліївка	Kharkivska	Lozivskyi	48.8591	36.243
64618	Новоселівка	Kharkivska	Lozivskyi	49.2258	36.6103
64619	Святушине	Kharkivska	Lozivskyi	49.2026	36.557
64620	Краснопавлівка	Kharkivska	Lozivskyi	49.1364	36.3191
64621	Краснопавлівка	Kharkivska	Lozivskyi	49.1364	36.3191
64622	Браїлівка	Kharkivska	Lozivskyi	49.124	36.3478
64623	Єлизаветівка	Kharkivska	Lozivskyi	49.1709	36.39
64624	Плисове	Kharkivska	Lozivskyi	49.1608	36.1912
64625	Яковлівка	Kharkivska	Lozivskyi	49.0705	36.2932
64626	Червоний Кут	Kharkivska	Lozivskyi	49.0438	36.3821
64627	Оддихне	Kharkivska	Lozivskyi	49.0592	36.317
64628	Сергіївка	Kharkivska	Lozivskyi	49.1069	36.2794
64629	Степанівка	Kharkivska	Lozivskyi	49.1	36.2712
64630	Артільне	Kharkivska	Lozivskyi	49.059	36.1589
64631	Полтавське	Kharkivska	Lozivskyi	49.0116	36.258
64632	Чернігівське	Kharkivska	Lozivskyi	48.9914	36.2956
64633	Перемога	Kharkivska	Lozivskyi	49.0427	36.3669
64634	Герсеванівка	Kharkivska	Lozivskyi	49.0342	36.3332
64635	Барабашівка	Kharkivska	Lozivskyi	49.0307	36.2381
64636	Вільне	Kharkivska	Lozivskyi	48.9814	36.3309
64637	Григоросове	Kharkivska	Lozivskyi	49.028	36.2737
64638	Дивізійне	Kharkivska	Lozivskyi	49.028	36.2737
64639	Надеждине	Kharkivska	Lozivskyi	49.0732	36.2083
64640	Орілька	Kharkivska	Lozivskyi	48.9749	36.0111
64641	Орілька	Kharkivska	Lozivskyi	48.9749	36.0111
64642	Захарівське	Kharkivska	Lozivskyi	48.9521	36.1192
64643	Петропілля	Kharkivska	Lozivskyi	48.9343	36.0743
64644	Миролюбівка (Комсомольська сільська рада)	Kharkivska	Lozivskyi	48.9255	36.1428
64645	Українське	Kharkivska	Lozivskyi	48.9255	36.1428
64646	Федорівка (Надеждівська сільрада)	Kharkivska	Lozivskyi	48.9255	36.1428
64647	Мирне	Kharkivska	Lozivskyi	48.991	36.2111
64648	Поди	Kharkivska	Lozivskyi	48.9035	36.044
64649	Степове	Kharkivska	Lozivskyi	48.7477	36.5286
64650	Смирнівка	Kharkivska	Lozivskyi	48.9872	36.4255
64651	Шатівка	Kharkivska	Lozivskyi	48.9971	36.469
64652	Герсеванівське	Kharkivska	Lozivskyi	48.9051	36.3708
64653	Веселе (Смирнівська сільрада)	Kharkivska	Lozivskyi	49.0109	36.448
64654	Городнє	Kharkivska	Lozivskyi	48.9731	36.5177
64655	Нижня Краснопавлівка	Kharkivska	Lozivskyi	49.1189	36.2978
64656	Олександрівка	Kharkivska	Lozivskyi	49.0116	36.4737
64657	Водолага	Kharkivska	Lozivskyi	49.0109	36.448
64658	Благодатне	Kharkivska	Lozivskyi	49.0831	36.5814
64659	Веселе (Яковлівська сільрада)	Kharkivska	Lozivskyi	49.0109	36.448
64660	Панютине	Kharkivska	Lozivskyi	48.9369	36.2756
64661	Царедарівка	Kharkivska	Lozivskyi	48.9393	36.2267
64662	Катеринівка	Kharkivska	Lozivskyi	48.9373	36.3278
64663	Михайлівка	Kharkivska	Lozivskyi	48.9394	36.4085
64664	Братолюбівка	Kharkivska	Lozivskyi	48.9306	36.4447
64665	Довгове	Kharkivska	Lozivskyi	48.9583	36.416
64666	Запорізьке	Kharkivska	Lozivskyi	48.9657	36.2571
64667	Нове	Kharkivska	Lozivskyi	48.9179	36.2193
64668	Копані	Kharkivska	Lozivskyi	48.9033	36.0677
64669	Миронівка	Kharkivska	Lozivskyi	49.1339	36.265
64670	Нова Іванівка	Kharkivska	Lozivskyi	48.8875	36.203
64671	Мальцівське	Kharkivska	Lozivskyi	48.8427	36.1852
64672	Миколаївка (Миколаївська сільрада)	Kharkivska	Lozivskyi	49.1054	36.223
64673	Литовщина	Kharkivska	Lozivskyi	48.8082	36.1407
64674	Мар'ївка	Kharkivska	Lozivskyi	49.1054	36.223
64675	Олексіївка	Kharkivska	Lozivskyi	49.0926	36.0386
64676	Рубіжне	Kharkivska	Lozivskyi	50.1653	36.8252
64677	Шугаївка	Kharkivska	Lozivskyi	48.9751	36.0515
64678	Яблучне	Kharkivska	Lozivskyi	48.9667	36.1167
64679	Миколаївка (Артільненськака сільрада)	Kharkivska	Lozivskyi	49.1054	36.223
64680	Надеждівка	Kharkivska	Lozivskyi	49.095	36.5668
64681	Кінне	Kharkivska	Lozivskyi	49.0169	36.552
64682	Тихопілля	Kharkivska	Lozivskyi	49.0506	36.5531
64683	Садове	Kharkivska	Lozivskyi	49.059	36.5221
64684	Богомолівка	Kharkivska	Lozivskyi	49.0848	36.5509
64685	Бритай	Kharkivska	Lozivskyi	49.0506	36.5531
64686	Лагідне	Kharkivska	Lozivskyi	49.0506	36.5531
64687	Іванівка	Kharkivska	Lozivskyi	49.0333	36.4861
64688	Миколаївка (Шатівська сільрада)	Kharkivska	Lozivskyi	49.0506	36.5531
64689	Нова Мечебилівка	Kharkivska	Lozivskyi	49.0147	36.6405
64690	Привілля	Kharkivska	Lozivskyi	48.9836	36.5984
64691	Різдвянка	Kharkivska	Lozivskyi	49.0695	36.5167
64692	Раздори	Kharkivska	Lozivskyi	48.9865	36.2791
64693	Світловщина	Kharkivska	Lozivskyi	48.9565	36.3405
64694	Страстне	Kharkivska	Lozivskyi	48.9865	36.2791
64695	Федорівка (Комсомольська сільрада)	Kharkivska	Lozivskyi	48.9865	36.2791
64696	Хижняківка	Kharkivska	Lozivskyi	48.9921	35.9882
64697	Хлібне	Kharkivska	Lozivskyi	48.9227	36.2739
64698	Запарівка	Kharkivska	Lozivskyi	48.9948	35.957
64701	Барвінкове	Kharkivska	Barvinkivskyi	48.9097	37.0205
64702	Барвінкове	Kharkivska	Barvinkivskyi	48.9097	37.0205
64703	Барвінкове	Kharkivska	Barvinkivskyi	48.9097	37.0205
64708	Новобогданове	Kharkivska	Barvinkivskyi	48.809	36.8807
64709	Ставкова Балка	Kharkivska	Barvinkivskyi	49.0305	36.8935
64710	Червона Поляна	Kharkivska	Barvinkivskyi	49.0233	36.9233
64711	Дмитрівка	Kharkivska	Barvinkivskyi	49.1422	36.6733
64712	Мечебилове	Kharkivska	Barvinkivskyi	49.066	36.6885
64713	Іванівка (Іванівська друга сільська рада)	Kharkivska	Barvinkivskyi	49.0811	36.79
64714	Маяк	Kharkivska	Barvinkivskyi	48.9007	37.1381
64715	Мар'ївка	Kharkivska	Barvinkivskyi	49.0811	36.79
64716	Червона Балка	Kharkivska	Barvinkivskyi	49.218	36.6691
64717	Українка	Kharkivska	Barvinkivskyi	49.1202	36.6844
64718	Федорівка (Мечібилівська сільрада)	Kharkivska	Barvinkivskyi	49.0811	36.79
64719	Стара Семенівка	Kharkivska	Barvinkivskyi	49.0975	36.753
64720	Грушуваха	Kharkivska	Barvinkivskyi	49.1152	36.8987
64721	Нова Миколаївка	Kharkivska	Barvinkivskyi	49.0777	36.7727
64722	Велика Комишуваха	Kharkivska	Barvinkivskyi	49.1059	36.9838
64723	Барабашівка	Kharkivska	Barvinkivskyi	49.0307	36.2381
64724	Степок	Kharkivska	Barvinkivskyi	49.0921	36.8439
64725	Червоний Лиман	Kharkivska	Barvinkivskyi	49.1122	36.8078
64726	Семиланне	Kharkivska	Barvinkivskyi	49.0142	36.9747
64727	Федорівка (Богодарівська сільрада)	Kharkivska	Barvinkivskyi	49.0514	36.7532
64728	Надеждівка	Kharkivska	Barvinkivskyi	49.095	36.5668
64729	Малинівка	Kharkivska	Barvinkivskyi	48.82	36.6921
64730	Іванівка (Іванівська сільська рада)	Kharkivska	Barvinkivskyi	49.0045	36.8411
64731	Червоне	Kharkivska	Barvinkivskyi	49.0002	37.0038
64732	Подолівка	Kharkivska	Barvinkivskyi	48.9364	36.9117
64733	Архангелівка	Kharkivska	Barvinkivskyi	48.9367	36.9369
64734	Нікополь	Kharkivska	Barvinkivskyi	48.8855	37.1244
64735	Благодатне	Kharkivska	Barvinkivskyi	48.9283	36.8793
64736	Велика Андріївка	Kharkivska	Barvinkivskyi	48.9981	36.7918
64737	Данилівка	Kharkivska	Barvinkivskyi	48.941	36.8828
64738	Високе	Kharkivska	Barvinkivskyi	49.41	36.1983
64739	Олександрівка (Подолівська сільрада)	Kharkivska	Barvinkivskyi	49.0045	36.8411
64740	Гаврилівка	Kharkivska	Barvinkivskyi	48.8477	36.8081
64741	Африканівка	Kharkivska	Barvinkivskyi	48.8848	36.8103
64742	Пригоже	Kharkivska	Barvinkivskyi	48.8287	36.7607
64743	Іванівка (Гаврилівська сільська рада)	Kharkivska	Barvinkivskyi	48.8709	36.8569
64744	Василівка Перша	Kharkivska	Barvinkivskyi	48.875	37.166
64745	Ковалівка	Kharkivska	Barvinkivskyi	48.8528	36.7922
64746	Степове	Kharkivska	Barvinkivskyi	48.869	36.7479
64747	Червона Зоря	Kharkivska	Barvinkivskyi	48.8829	36.8485
64748	Язикове	Kharkivska	Barvinkivskyi	48.9265	36.922
64749	Олександрівка (Гусарівська сільрада)	Kharkivska	Barvinkivskyi	48.8709	36.8569
64750	Богодарове	Kharkivska	Barvinkivskyi	48.8497	36.9661
64751	Григорівка	Kharkivska	Barvinkivskyi	48.8736	36.9033
64752	Погонівка	Kharkivska	Barvinkivskyi	48.8286	37.0585
64753	Петрівка	Kharkivska	Barvinkivskyi	48.8694	36.8785
64754	Малолітки	Kharkivska	Barvinkivskyi	48.8723	36.9521
64755	Миколаївка	Kharkivska	Barvinkivskyi	48.8503	36.8825
64756	Нова Дмитрівка	Kharkivska	Barvinkivskyi	48.9635	37.1542
64757	Курулька	Kharkivska	Barvinkivskyi	48.9502	37.2586
64758	Дібрівне	Kharkivska	Barvinkivskyi	48.9901	37.2511
64759	Пашкове	Kharkivska	Barvinkivskyi	48.9171	37.2249
64760	Рідне	Kharkivska	Barvinkivskyi	48.8067	36.8321
64761	Богданове	Kharkivska	Barvinkivskyi	48.8065	36.8202
64762	Котівка	Kharkivska	Barvinkivskyi	48.8069	36.844
64780	Гусарівка	Kharkivska	Barvinkivskyi	48.8811	37.1479
64781	Василівка Друга	Kharkivska	Barvinkivskyi	48.875	37.166
64782	Веселе	Kharkivska	Barvinkivskyi	48.9055	37.1053
64786	Новопавлівка	Kharkivska	Barvinkivskyi	48.8895	37.1502
64801	Близнюки	Kharkivska	Blyzniukivskyi	48.8577	36.555
64804	Батюшки	Kharkivska	Blyzniukivskyi	48.8413	36.5457
64805	Водяне (Лукашівська сільрада)	Kharkivska	Blyzniukivskyi	48.8413	36.5457
64806	Миролюбівка	Kharkivska	Blyzniukivskyi	48.8399	36.5194
64807	Ганно-Рудаєве	Kharkivska	Blyzniukivskyi	48.8428	36.4904
64808	Вільне Друге	Kharkivska	Blyzniukivskyi	48.8426	36.5826
64809	Садове	Kharkivska	Blyzniukivskyi	48.8234	36.5812
64810	Семенівка	Kharkivska	Blyzniukivskyi	48.9017	36.7564
64811	Алісівка	Kharkivska	Blyzniukivskyi	48.9833	36.6667
64812	Валер'яновка	Kharkivska	Blyzniukivskyi	47.6387	37.3812
64813	Надеждине	Kharkivska	Blyzniukivskyi	48.9113	36.5519
64814	Новонадеждине	Kharkivska	Blyzniukivskyi	48.9337	36.602
64815	Безпальцеве	Kharkivska	Blyzniukivskyi	49.0057	36.7191
64816	Богданівка	Kharkivska	Blyzniukivskyi	48.9553	36.5831
64817	Дубове	Kharkivska	Blyzniukivskyi	48.8734	36.6926
64818	Верхове	Kharkivska	Blyzniukivskyi	48.7941	36.7327
64819	Морокине	Kharkivska	Blyzniukivskyi	48.944	36.6418
64820	Бурбулатове	Kharkivska	Blyzniukivskyi	48.8207	36.6416
64821	Острівщина	Kharkivska	Blyzniukivskyi	48.725	36.4336
64822	Олександрівка	Kharkivska	Blyzniukivskyi	48.7627	36.6494
64823	Вільне Перше	Kharkivska	Blyzniukivskyi	48.8138	36.6191
64824	Дунине	Kharkivska	Blyzniukivskyi	48.8616	36.6568
64825	Енергетиків	Kharkivska	Blyzniukivskyi	48.8239	36.6802
64826	Миколаївка Перша	Kharkivska	Blyzniukivskyi	48.7958	36.6589
64827	Настасівка	Kharkivska	Blyzniukivskyi	47.7439	34.7075
64828	Плахтіївка	Kharkivska	Blyzniukivskyi	48.9193	36.6903
64829	Привілля	Kharkivska	Blyzniukivskyi	48.9836	36.5984
64830	Квітневе	Kharkivska	Blyzniukivskyi	49.0137	36.3723
64831	Кленове	Kharkivska	Blyzniukivskyi	50.1489	35.6964
64832	Мирне	Kharkivska	Blyzniukivskyi	48.991	36.2111
64833	Рижове	Kharkivska	Blyzniukivskyi	48.9387	36.7135
64834	Сергієва Балка (Лукашівська сільська рада)	Kharkivska	Blyzniukivskyi	49.0137	36.3723
64835	Шевченкове Друге	Kharkivska	Blyzniukivskyi	48.85	36.3452
64836	Шевченкове Перше	Kharkivska	Blyzniukivskyi	48.8669	36.4508
64837	Якимівка	Kharkivska	Blyzniukivskyi	48.9219	36.4835
64838	Яковівка	Kharkivska	Blyzniukivskyi	48.7155	36.5915
64839	Холодне	Kharkivska	Blyzniukivskyi	48.6768	36.4867
64840	Самійлівка (Самійлівська сільрада)	Kharkivska	Blyzniukivskyi	48.899	36.4079
64841	Верхньоводяне	Kharkivska	Blyzniukivskyi	48.7594	36.2156
64842	Новоолександрівка	Kharkivska	Blyzniukivskyi	48.7993	36.1986
64843	Широке	Kharkivska	Blyzniukivskyi	48.7085	36.2227
64844	Уплатне	Kharkivska	Blyzniukivskyi	48.7904	36.3241
64845	Олексіївка	Kharkivska	Blyzniukivskyi	48.7555	36.3288
64846	Бубнове Перше	Kharkivska	Blyzniukivskyi	48.739	36.2183
64847	Васюкове	Kharkivska	Blyzniukivskyi	48.7654	36.3385
64848	Григорівка	Kharkivska	Blyzniukivskyi	48.7455	36.3059
64849	Микільське	Kharkivska	Blyzniukivskyi	50.028	37.5182
64850	Криштопівка	Kharkivska	Blyzniukivskyi	48.6733	36.2961
64851	Берестове (Берестівська сільрада)	Kharkivska	Blyzniukivskyi	48.9874	36.0324
64852	Вишневе	Kharkivska	Blyzniukivskyi	49.6783	35.5203
64853	Андріївка	Kharkivska	Blyzniukivskyi	49.0257	35.9817
64854	Далеке	Kharkivska	Blyzniukivskyi	48.5726	36.3316
64855	Дмитрівка (Криштопівська сільрада)	Kharkivska	Blyzniukivskyi	48.9874	36.0324
64856	Берестове (Добровільська сільрада)	Kharkivska	Blyzniukivskyi	48.9874	36.0324
64857	Водяне (Лукашівська сільська рада)	Kharkivska	Blyzniukivskyi	48.9874	36.0324
64858	Слобожанське	Kharkivska	Blyzniukivskyi	48.9874	36.0324
64859	Дмитрівка (Лукашівська сільрада)	Kharkivska	Blyzniukivskyi	48.9874	36.0324
64860	Лукашівка	Kharkivska	Blyzniukivskyi	48.7759	36.4975
64861	Червоне	Kharkivska	Blyzniukivskyi	48.6804	36.7069
64862	Добровілля	Kharkivska	Blyzniukivskyi	48.6864	36.6143
64863	Новоукраїнка	Kharkivska	Blyzniukivskyi	48.6958	36.518
64864	Водолазьке	Kharkivska	Blyzniukivskyi	48.7465	36.4498
64865	Ганнівка	Kharkivska	Blyzniukivskyi	48.7011	36.5956
64866	Катеринівка	Kharkivska	Blyzniukivskyi	48.7348	36.4306
64867	Ладне	Kharkivska	Blyzniukivskyi	48.7891	36.4802
64868	Миколаївка Друга	Kharkivska	Blyzniukivskyi	48.6329	36.2709
64869	Милівка	Kharkivska	Blyzniukivskyi	48.7902	36.3387
64870	Башилівка	Kharkivska	Blyzniukivskyi	48.6702	36.6942
64871	Софіївка Перша	Kharkivska	Blyzniukivskyi	48.8284	36.4145
64872	Верхня Самара	Kharkivska	Blyzniukivskyi	48.6456	36.6303
64873	Варварівка	Kharkivska	Blyzniukivskyi	48.6404	36.5853
64874	Веселе	Kharkivska	Blyzniukivskyi	48.6211	36.5985
64875	Зубове	Kharkivska	Blyzniukivskyi	48.6798	36.6091
64876	Лугове	Kharkivska	Blyzniukivskyi	48.6674	36.6623
64877	Мар'ївка	Kharkivska	Blyzniukivskyi	48.6798	36.6091
64878	Новоіванівка	Kharkivska	Blyzniukivskyi	48.6852	36.6789
64879	Новомар'ївка	Kharkivska	Blyzniukivskyi	48.6798	36.6091
64880	Новомиколаївка	Kharkivska	Blyzniukivskyi	48.7209	36.5092
64881	Новопавлівка	Kharkivska	Blyzniukivskyi	48.7419	36.2258
64882	Новопокровка	Kharkivska	Blyzniukivskyi	48.6521	36.722
64883	Новоселівка (Берестівська сільрада)	Kharkivska	Blyzniukivskyi	48.7128	36.4838
64884	Новоселівка (Софіївська сільрада)	Kharkivska	Blyzniukivskyi	48.7128	36.4838
64885	Новотроїцьке	Kharkivska	Blyzniukivskyi	48.7128	36.4838
64886	Новоуплатне	Kharkivska	Blyzniukivskyi	48.7939	36.2586
64887	Одинецьке	Kharkivska	Blyzniukivskyi	48.7246	36.5927
64888	Остерське	Kharkivska	Blyzniukivskyi	48.7061	36.4781
64889	Павлівка	Kharkivska	Blyzniukivskyi	48.65	36.6
64890	Преображенівка	Kharkivska	Blyzniukivskyi	48.65	36.35
64891	Раздолівка	Kharkivska	Blyzniukivskyi	48.7362	36.5439
64892	Рудаєве	Kharkivska	Blyzniukivskyi	48.8399	36.4646
64893	Рясне	Kharkivska	Blyzniukivskyi	48.7301	36.6935
64894	Самійлівка (Криштопівська сільрада)	Kharkivska	Blyzniukivskyi	48.7362	36.5439
64895	Серафимівка	Kharkivska	Blyzniukivskyi	48.8857	36.6172
64896	Софіївка	Kharkivska	Blyzniukivskyi	48.6925	36.6993
64897	Степове	Kharkivska	Blyzniukivskyi	48.7477	36.5286
64898	Тимофіївка	Kharkivska	Blyzniukivskyi	48.6695	36.3866
64899	Федорівка	Kharkivska	Blyzniukivskyi	48.6745	36.6112
73000	Херсон	Khersonska	Khersonska	46.6558	32.6178
73002	Херсон	Khersonska	Khersonska	46.6558	32.6178
73003	Херсон	Khersonska	Khersonska	46.6558	32.6178
73005	Херсон	Khersonska	Khersonska	46.6558	32.6178
73006	Херсон	Khersonska	Khersonska	46.6558	32.6178
73008	Херсон	Khersonska	Khersonska	46.6558	32.6178
73009	Херсон	Khersonska	Khersonska	46.6558	32.6178
73011	Херсон	Khersonska	Khersonska	46.6558	32.6178
73013	Херсон	Khersonska	Khersonska	46.6558	32.6178
73020	Херсон	Khersonska	Khersonska	46.6558	32.6178
73021	Херсон	Khersonska	Khersonska	46.6558	32.6178
73022	Херсон	Khersonska	Khersonska	46.6558	32.6178
73025	Херсон	Khersonska	Khersonska	46.6558	32.6178
73026	Херсон	Khersonska	Khersonska	46.6558	32.6178
73027	Херсон	Khersonska	Khersonska	46.6558	32.6178
73028	Херсон	Khersonska	Khersonska	46.6558	32.6178
73030	Херсон	Khersonska	Khersonska	46.6558	32.6178
73032	Херсон	Khersonska	Khersonska	46.6558	32.6178
73033	Херсон	Khersonska	Khersonska	46.6558	32.6178
73034	Херсон	Khersonska	Khersonska	46.6558	32.6178
73035	Херсон	Khersonska	Khersonska	46.6558	32.6178
73036	Херсон	Khersonska	Khersonska	46.6558	32.6178
73037	Херсон	Khersonska	Khersonska	46.6558	32.6178
73039	Херсон	Khersonska	Khersonska	46.6558	32.6178
73040	Херсон	Khersonska	Khersonska	46.6558	32.6178
73042	Херсон	Khersonska	Khersonska	46.6558	32.6178
73481	Зеленівка	Khersonska	Kherson	46.7126	32.6328
73482	Сонячне	Khersonska	Kherson	46.8201	32.6943
73483	Наддніпрянське	Khersonska	Kherson	46.7479	32.7082
73484	Інженерне	Khersonska	Kherson	47.5047	36.0888
73485	Антонівка	Khersonska	Kherson	46.6788	32.7327
73486	Антонівка	Khersonska	Kherson	46.6788	32.7327
73487	Молодіжне	Khersonska	Kherson	46.7313	32.6886
73488	Степанівка	Khersonska	Kherson	46.6985	32.5789
73489	Приозерне	Khersonska	Kherson	46.6374	32.4645
73490	Комишани	Khersonska	Kherson	46.6372	32.5072
73491	Куйбишеве	Khersonska	Kherson	46.6372	32.5466
73492	Богданівка	Khersonska	Kherson	46.8108	32.6392
73493	Петрівка	Khersonska	Kherson	46.8293	32.6336
73494	Петрівського	Khersonska	Kherson	46.7286	32.5817
74000	Високопілля	Khersonska	Vysokopilskyi	47.4919	33.5306
74003	Потьомкине	Khersonska	Vysokopilskyi	47.4868	33.5722
74004	Князівка	Khersonska	Vysokopilskyi	47.5228	33.5234
74006	Блакитне	Khersonska	Vysokopilskyi	47.4101	33.4381
74007	Костирка	Khersonska	Vysokopilskyi	47.395	33.5491
74008	Червоноармійське	Khersonska	Vysokopilskyi	47.4778	33.4528
74009	Краснівка	Khersonska	Vysokopilskyi	47.5602	33.1033
74010	Розівка	Khersonska	Vysokopilskyi	47.5558	33.22
74010	Свободне	Khersonska	Vysokopilskyi	47.5537	33.1399
74010	Пригір'я	Khersonska	Vysokopilskyi	47.5566	33.1544
74010	Краснівка	Khersonska	Vysokopilskyi	47.5602	33.1033
74010	Кам'янка	Khersonska	Vysokopilskyi	47.5566	33.1544
74011	Заградівка	Khersonska	Vysokopilskyi	47.5252	33.2775
74012	Кочубеївка	Khersonska	Vysokopilskyi	46.9551	33.9164
74013	Петрівське	Khersonska	Vysokopilskyi	47.439	33.2154
74013	Орлове	Khersonska	Vysokopilskyi	47.4604	33.2267
74013	Рівнопілля	Khersonska	Vysokopilskyi	47.4411	33.1811
74015	Кам'янка	Khersonska	Vysokopilskyi	47.46	33.264
74016	Розівка	Khersonska	Vysokopilskyi	47.5558	33.22
74017	Свободне	Khersonska	Vysokopilskyi	47.5537	33.1399
74020	Іванівка	Khersonska	Vysokopilskyi	47.4704	33.3788
74021	Зарічне	Khersonska	Vysokopilskyi	47.4453	33.3757
74022	Архангельське	Khersonska	Vysokopilskyi	47.4567	33.2839
74026	Петрівське	Khersonska	Vysokopilskyi	47.439	33.2154
74027	Рівнопілля	Khersonska	Vysokopilskyi	47.4411	33.1811
74028	Новобратське	Khersonska	Vysokopilskyi	47.4746	33.2828
74029	Наталине	Khersonska	Vysokopilskyi	47.4697	33.2694
74030	Мала Шестерня	Khersonska	Vysokopilskyi	47.4681	33.3715
74040	Новопетрівка	Khersonska	Vysokopilskyi	47.4297	33.4699
74041	Миколаївка	Khersonska	Vysokopilskyi	47.4948	33.3936
74042	Нововознесенське	Khersonska	Vysokopilskyi	47.4319	33.6012
74043	Новомиколаївка	Khersonska	Vysokopilskyi	47.3413	33.4929
74044	Мар'їне	Khersonska	Vysokopilskyi	47.4719	33.339
74045	Благодатне	Khersonska	Vysokopilskyi	47.4731	33.3187
74046	Новогригорівське	Khersonska	Vysokopilskyi	47.5496	33.5047
74047	Федорівка	Khersonska	Vysokopilskyi	47.5815	33.5406
74048	Тополине	Khersonska	Vysokopilskyi	47.5306	33.5501
74049	Ольгине	Khersonska	Vysokopilskyi	47.4783	33.4678
74050	Добрянка	Khersonska	Vysokopilskyi	47.4667	33.6167
74100	Велика Олександрівка	Khersonska	Velykooleksandrivskyi	47.3197	33.3037
74103	Світлівка	Khersonska	Vysokopilskyi	47.4984	33.1714
74103	Микільське	Khersonska	Vysokopilskyi	47.4717	33.1523
74105	Мала Олександрівка	Khersonska	Velykooleksandrivskyi	47.2939	33.2787
74106	Білогірка	Khersonska	Velykooleksandrivskyi	47.1993	33.137
74107	Заповіт	Khersonska	Velykooleksandrivskyi	47.1031	32.9651
74108	Сухий Ставок	Khersonska	Velykooleksandrivskyi	47.1582	33.1047
74109	Андріївка	Khersonska	Velykooleksandrivskyi	47.1833	33.05
74110	Нова Калуга	Khersonska	Velykooleksandrivskyi	47.4052	33.0532
74111	Новопавлівка	Khersonska	Velykooleksandrivskyi	47.3723	33.147
74112	Біла Криниця	Khersonska	Velykooleksandrivskyi	47.3471	33.1946
74113	Кар'єрне	Khersonska	Velykooleksandrivskyi	45.288	33.6096
74114	Білоусове (Білоусівська сільська рада)	Khersonska	Velykooleksandrivskyi	47.0441	33.2488
74115	Новодмитрівка	Khersonska	Velykooleksandrivskyi	47.3618	33.3549
74116	Старосілля	Khersonska	Velykooleksandrivskyi	47.3816	33.3804
74118	Мала Сейдеменуха	Khersonska	Velykooleksandrivskyi	47.0441	33.2488
74119	Новогреднєве	Khersonska	Velykooleksandrivskyi	47.1528	33.0022
74120	Давидів Брід	Khersonska	Velykooleksandrivskyi	47.2375	33.1937
74121	Брускинське	Khersonska	Velykooleksandrivskyi	47.1579	33.2094
74122	Іщенка	Khersonska	Velykooleksandrivskyi	47.178	33.2491
74123	Дмитренка	Khersonska	Velykooleksandrivskyi	47.0087	33.1671
74124	Карло- Марксівське	Khersonska	Velykooleksandrivskyi	47.1118	33.1607
74125	Довгове	Khersonska	Velykooleksandrivskyi	47.3792	33.3654
74126	Твердомедове	Khersonska	Velykooleksandrivskyi	47.3522	33.2846
74130	Благодатівка	Khersonska	Velykooleksandrivskyi	47.1766	33.0104
74131	Калінінське	Khersonska	Velykooleksandrivskyi	47.1145	32.9752
74133	Новополтавка	Khersonska	Velykooleksandrivskyi	47.1446	32.9842
74134	Бобровий Кут	Khersonska	Velykooleksandrivskyi	47.1019	32.947
74135	Краснолюбецьк	Khersonska	Velykooleksandrivskyi	47.121	32.9611
74136	Червона Людмилівка	Khersonska	Velykooleksandrivskyi	47.3941	33.0813
74137	Буцівське	Khersonska	Velykooleksandrivskyi	47.3884	33.1689
74138	Первомайське	Khersonska	Velykooleksandrivskyi	47.2176	33.0369
74139	Токареве	Khersonska	Velykooleksandrivskyi	47.2998	33.1675
74140	Нова Кубань	Khersonska	Velykooleksandrivskyi	47.1163	33.346
74141	Чкалове	Khersonska	Velykooleksandrivskyi	47.0661	33.2045
74142	Чарівне	Khersonska	Velykooleksandrivskyi	47.0167	33.2667
74143	Запоріжжя	Khersonska	Velykooleksandrivskyi	47.2794	33.2033
74144	Костромка	Khersonska	Velykooleksandrivskyi	47.1381	33.1522
74145	Безводне	Khersonska	Velykooleksandrivskyi	47.1731	33.2837
74146	Зелений Гай	Khersonska	Velykooleksandrivskyi	47.1654	32.979
74147	Стариця	Khersonska	Velykooleksandrivskyi	47.1353	33.2837
74148	Вишневе	Khersonska	Velykooleksandrivskyi	47.0643	33.2363
74149	Степове	Khersonska	Velykooleksandrivskyi	47.0597	33.1795
74150	Трифонівка	Khersonska	Velykooleksandrivskyi	47.2575	33.5127
74151	Нова Кам'янка	Khersonska	Velykooleksandrivskyi	47.1381	33.3664
74152	Борозенське	Khersonska	Velykooleksandrivskyi	47.1794	33.419
74153	Костомарове	Khersonska	Velykooleksandrivskyi	47.0327	33.2443
74154	Садок	Khersonska	Velykooleksandrivskyi	47.173	33.3339
74155	Кучерське	Khersonska	Velykooleksandrivskyi	47.1529	33.4052
74156	Красносільське	Khersonska	Velykooleksandrivskyi	47.0333	33.2833
74159	П'ятихатки	Khersonska	Velykooleksandrivskyi	47.1381	33.3664
74160	Криничанка	Khersonska	Velykooleksandrivskyi	47.0404	33.2023
74161	Шостакове	Khersonska	Velykooleksandrivskyi	47.3967	33.3649
74162	Кам'яне	Khersonska	Velykooleksandrivskyi	47.237	33.4299
74163	Нововасилівка	Khersonska	Velykooleksandrivskyi	47.2656	33.5567
74164	Новогригорівка	Khersonska	Velykooleksandrivskyi	47.2453	33.5956
74200	Нововоронцовка	Khersonska	Novovorontsovskyi	47.5004	33.9175
74210	Осокорівка	Khersonska	Novovorontsovskyi	47.4526	33.9175
74211	Миролюбівка	Khersonska	Novovorontsovskyi	47.4167	33.65
74212	Любимівка	Khersonska	Novovorontsovskyi	47.3941	33.7161
74213	Хрещенівка	Khersonska	Novovorontsovskyi	47.3833	33.8333
74214	Золота Балка	Khersonska	Novovorontsovskyi	47.3805	33.9671
74215	Трудолюбівка	Khersonska	Novovorontsovskyi	47.4467	33.697
74217	Петрівка	Khersonska	Novovorontsovskyi	47.4134	33.7896
74218	Шевченківка	Khersonska	Novovorontsovskyi	47.3572	33.8406
74220	Нововоскресенське	Khersonska	Novovorontsovskyi	47.3309	33.6017
74221	Біляївка	Khersonska	Novovorontsovskyi	47.3248	33.7007
74222	Українка	Khersonska	Novovorontsovskyi	47.324	33.7803
74223	Петропавлівка	Khersonska	Novovorontsovskyi	47.2967	33.5706
74224	Червоне	Khersonska	Novovorontsovskyi	47.2602	33.66
74230	Михайлівка	Khersonska	Novovorontsovskyi	47.3108	33.9558
74231	Новоолександрівка	Khersonska	Novovorontsovskyi	47.2623	33.877
74232	Гаврилівка	Khersonska	Novovorontsovskyi	47.2217	33.8784
74233	Дудчани	Khersonska	Novovorontsovskyi	47.1856	33.7639
74300	Берислав	Khersonska	Beryslavskyi	46.8415	33.4284
74302	Берислав	Khersonska	Beryslavskyi	46.8415	33.4284
74303	Берислав	Khersonska	Beryslavskyi	46.8415	33.4284
74307	Шляхове	Khersonska	Beryslavskyi	46.8792	33.4206
74308	Кошара	Khersonska	Beryslavskyi	46.6999	30.5375
74309	Першотравневе	Khersonska	Beryslavskyi	46.9519	33.2188
74310	Максима Горького	Khersonska	Beryslavskyi	46.9714	33.2725
74311	Степне	Khersonska	Beryslavskyi	47.0258	33.3888
74312	Раківка	Khersonska	Beryslavskyi	46.935	33.253
74313	Новосілка	Khersonska	Beryslavskyi	46.9701	33.1846
74314	Урожайне	Khersonska	Beryslavskyi	46.9684	33.3846
74315	Тараса Шевченка	Khersonska	Beryslavskyi	46.9572	33.2855
74316	Інгулівка	Khersonska	Beryslavskyi	46.9055	32.9396
74317	Матросівка	Khersonska	Beryslavskyi	46.9177	33.1456
74318	Львівські Отруби	Khersonska	Beryslavskyi	46.9418	33.0995
74319	Саблуківка	Khersonska	Beryslavskyi	47.1211	33.7712
74320	Лиманець	Khersonska	Beryslavskyi	46.9936	33.4015
74321	Куйбишеве	Khersonska	Beryslavskyi	46.9761	32.9858
74322	Чайкине	Khersonska	Beryslavskyi	46.9154	32.9895
74323	Високе	Khersonska	Beryslavskyi	46.9936	33.4015
74324	Таврійське	Khersonska	Beryslavskyi	46.9936	33.4015
74325	Червоний Яр	Khersonska	Beryslavskyi	47.0797	33.5239
74326	Заможне	Khersonska	Beryslavskyi	47.0233	33.5263
74327	Ударник	Khersonska	Beryslavskyi	46.9624	33.5499
74328	Крупиця	Khersonska	Beryslavskyi	46.9925	33.583
74329	Республіканець	Khersonska	Beryslavskyi	47.0054	33.6523
74330	Тягинка	Khersonska	Beryslavskyi	46.7817	33.0539
74331	Львове	Khersonska	Beryslavskyi	46.7916	33.1543
74332	Ольгівка	Khersonska	Beryslavskyi	46.8196	33.1509
74333	Вірівка	Khersonska	Beryslavskyi	46.8943	33.1729
74334	Бургунка	Khersonska	Beryslavskyi	46.8107	33.2224
74340	Томарине	Khersonska	Beryslavskyi	46.8773	33.3071
74341	Одрадокам'янка	Khersonska	Beryslavskyi	46.786	33.2999
74342	Миколаївка	Khersonska	Beryslavskyi	46.7881	33.2549
74343	Козацьке	Khersonska	Beryslavskyi	46.8117	33.3038
74344	Веселе	Khersonska	Beryslavskyi	46.7955	33.3533
74350	Качкарівка	Khersonska	Beryslavskyi	47.0967	33.7471
74351	Милове	Khersonska	Beryslavskyi	47.0662	33.631
74352	Суханове	Khersonska	Beryslavskyi	47.1304	33.5369
74360	Новорайськ	Khersonska	Beryslavskyi	47.0092	33.4857
74361	Костирка	Khersonska	Beryslavskyi	46.9667	33.4667
74362	Новокаїри	Khersonska	Beryslavskyi	47.0128	33.6006
74370	Червоний Маяк	Khersonska	Beryslavskyi	46.9574	33.6039
74371	Новоберислав	Khersonska	Beryslavskyi	46.8615	33.4844
74372	Зміївка	Khersonska	Beryslavskyi	46.8677	33.5839
74401	Верхній Рогачик	Khersonska	Verkhnorohachytskyi	47.2505	34.338
74402	Верхній Рогачик	Khersonska	Verkhnorohachytskyi	47.2505	34.338
74405	Вишневе	Khersonska	Verkhnorohachytskyi	47.25	34.45
74406	Зоря	Khersonska	Verkhnorohachytskyi	47.2895	34.2715
74407	Трудовік	Khersonska	Verkhnorohachytskyi	47.2793	34.2715
74408	Леніне	Khersonska	Verkhnorohachytskyi	47.2207	34.4669
74409	Михайлівка	Khersonska	Verkhnorohachytskyi	47.4151	34.2344
74410	Ушкалка	Khersonska	Verkhnorohachytskyi	47.4167	34.1344
74411	Бабине	Khersonska	Verkhnorohachytskyi	47.4104	34.0488
74412	Нижній Рогачик	Khersonska	Verkhnorohachytskyi	47.3463	34.0328
74413	Пролетарій	Khersonska	Verkhnorohachytskyi	47.3303	34.1401
74414	Олексіївка	Khersonska	Verkhnorohachytskyi	47.2884	34.2144
74415	Георгіївка	Khersonska	Verkhnorohachytskyi	47.2951	34.2494
74416	Кожум'яки	Khersonska	Verkhnorohachytskyi	47.248	34.2293
74417	Павлівка	Khersonska	Verkhnorohachytskyi	47.1376	34.4026
74418	Лисиче	Khersonska	Verkhnorohachytskyi	47.1511	34.4827
74420	Бережанка	Khersonska	Verkhnorohachytskyi	47.4	34.2167
74422	Новознам'янка	Khersonska	Verkhnorohachytskyi	47.4	34.2167
74430	Первомаївка	Khersonska	Verkhnorohachytskyi	47.3322	34.0995
74431	Чистопілля	Khersonska	Verkhnorohachytskyi	47.2949	34.1938
74440	Зелене	Khersonska	Verkhnorohachytskyi	47.1585	34.2813
74441	Самійлівка	Khersonska	Verkhnorohachytskyi	47.1334	34.4588
74501	Велика Лепетиха	Khersonska	Velykolepetyskyi	47.1757	33.9436
74502	Велика Лепетиха	Khersonska	Velykolepetyskyi	47.1757	33.9436
74505	Сергіївка	Khersonska	Velykolepetyskyi	47.2701	34.0009
74506	Дмитрівка	Khersonska	Velykolepetyskyi	47.2637	34.1694
74507	Середне	Khersonska	Velykolepetyskyi	47.0429	33.9679
74508	Веселе	Khersonska	Velykolepetyskyi	46.9635	34.0566
74510	Мала Лепетиха	Khersonska	Velykolepetyskyi	47.2365	34.0001
74520	Катеринівка	Khersonska	Velykolepetyskyi	47.1094	34.1611
74521	Костянтинівка	Khersonska	Velykolepetyskyi	47.1517	34.1167
74522	Миколаївка	Khersonska	Velykolepetyskyi	47.1044	34.2372
74523	Запоріжжя	Khersonska	Velykolepetyskyi	47.0789	34.382
74524	Демидівка	Khersonska	Velykolepetyskyi	47.0598	34.3071
74530	Князе-Григорівка	Khersonska	Velykolepetyskyi	47.1168	33.8552
74531	Рубанівка	Khersonska	Velykolepetyskyi	46.9964	34.1676
74601	Горностаївка	Khersonska	Hornostaivskyi	47.0078	33.729
74603	Червоноармійське	Khersonska	Hornostaivskyi	46.9755	33.9595
74604	Красне	Khersonska	Hornostaivskyi	47.0187	34.0531
74605	Лопатки	Khersonska	Hornostaivskyi	47.0186	33.994
74606	Ясна Поляна	Khersonska	Hornostaivskyi	46.9883	34.0042
74607	Зелений Под	Khersonska	Hornostaivskyi	46.94	33.8864
74608	Кочубеївка	Khersonska	Hornostaivskyi	46.9551	33.9164
74609	Нові Олешки	Khersonska	Hornostaivskyi	46.9	34.1333
74610	Заводівка	Khersonska	Hornostaivskyi	47.0509	33.8047
74611	Маринське	Khersonska	Hornostaivskyi	46.9951	33.875
74612	Каїри	Khersonska	Hornostaivskyi	46.9454	33.7059
74613	Нова Благовещенка	Khersonska	Hornostaivskyi	46.8842	33.9137
74614	Софіївка	Khersonska	Hornostaivskyi	46.8977	34.1018
74615	Василівка	Khersonska	Hornostaivskyi	46.8506	34.1253
74616	Новоєлізаветівка	Khersonska	Hornostaivskyi	46.8076	34.0159
74617	Братолюбівка	Khersonska	Hornostaivskyi	46.8648	33.865
74618	Антонівка	Khersonska	Hornostaivskyi	46.7813	33.8303
74619	Зірка	Khersonska	Hornostaivskyi	46.7642	33.8994
74620	Червоноблагодатне	Khersonska	Hornostaivskyi	47	34.0333
74621	Ольгине	Khersonska	Hornostaivskyi	46.8792	33.9269
74622	Козачі Лагері	Khersonska	Hornostaivskyi	46.9473	34.0523
74623	Миколаївка	Khersonska	Hornostaivskyi	46.8016	33.8556
74624	Старолук'янівка	Khersonska	Hornostaivskyi	46.7905	33.7546
74625	Запорізьке	Khersonska	Hornostaivskyi	46.8564	33.9387
74630	Славне	Khersonska	Hornostaivskyi	47.7606	35.6858
74631	Велика Благовіщенка	Khersonska	Hornostaivskyi	46.8672	34.0708
74640	Костянтинівка	Khersonska	Hornostaivskyi	46.8266	33.8721
74641	Червона Поляна	Khersonska	Hornostaivskyi	46.8	33.8333
74642	Дубівка	Khersonska	Hornostaivskyi	46.8167	33.9333
74701	Нижні Сірогози	Khersonska	Nyzhnosirohozkyi	46.8484	34.3804
74705	Догмарівка	Khersonska	Nyzhnosirohozkyi	47.0579	34.5391
74707	Богданівка	Khersonska	Nyzhnosirohozkyi	47	34.55
74708	Заповітне	Khersonska	Nyzhnosirohozkyi	46.7609	34.1735
74709	Партизани	Khersonska	Nyzhnosirohozkyi	46.8898	34.6846
74710	Анатолівка	Khersonska	Nyzhnosirohozkyi	47.0773	34.4921
74711	Новопетрівка	Khersonska	Nyzhnosirohozkyi	47.0651	34.4166
74712	Першопокровка	Khersonska	Nyzhnosirohozkyi	47.0117	34.4903
74713	Братське	Khersonska	Nyzhnosirohozkyi	46.7894	34.1385
74714	Чеховка	Khersonska	Nyzhnosirohozkyi	46.9648	34.6027
74715	Комсомольське	Khersonska	Nyzhnosirohozkyi	46.8767	34.5827
74716	Зернове	Khersonska	Nyzhnosirohozkyi	46.941	34.6915
74717	Змагання	Khersonska	Nyzhnosirohozkyi	46.8419	34.6695
74718	Новорогачинське	Khersonska	Nyzhnosirohozkyi	46.8651	34.737
74719	Дальне	Khersonska	Nyzhnosirohozkyi	46.937	34.5356
74720	Новоолександрівка	Khersonska	Nyzhnosirohozkyi	46.9741	34.4186
74721	Сірогози	Khersonska	Nyzhnosirohozkyi	46.9472	34.4131
74722	Верхні Сірогози	Khersonska	Nyzhnosirohozkyi	46.9203	34.4076
74730	Дем'янівка	Khersonska	Nyzhnosirohozkyi	46.8749	34.6588
74731	Верби	Khersonska	Nyzhnosirohozkyi	46.9151	34.6255
74732	Вільне	Khersonska	Nyzhnosirohozkyi	46.8446	34.614
74732	Новорогачинське	Khersonska	Nyzhnosirohozkyi	46.8651	34.737
74740	Верхні Торгаї	Khersonska	Nyzhnosirohozkyi	46.8796	34.2463
74741	Нижні Торгаї	Khersonska	Nyzhnosirohozkyi	46.7862	34.2626
74742	Степне	Khersonska	Nyzhnosirohozkyi	46.7628	34.0817
74800	Каховка	Khersonska	Kakhovskyi	46.8137	33.487
74801	Каховка	Khersonska	Kakhovskyi	46.8137	33.487
74802	Каховка	Khersonska	Kakhovskyi	46.8137	33.487
74803	Каховка	Khersonska	Kakhovskyi	46.8137	33.487
74805	Каховка	Khersonska	Kakhovskyi	46.8137	33.487
74807	Каховка	Khersonska	Kakhovskyi	46.8137	33.487
74815	Діброва	Khersonska	Kakhovskyi	46.7333	33.7667
74816	Комишанка	Khersonska	Kakhovskyi	46.7719	33.6924
74817	Остапенка	Khersonska	Kakhovskyi	46.6978	34.0234
74818	Слиненка	Khersonska	Kakhovskyi	46.6623	33.942
74819	Сокирки	Khersonska	Kakhovskyi	46.6623	33.942
74820	Василівка	Khersonska	Kakhovskyi	46.8513	33.6483
74821	Софіївка	Khersonska	Kakhovskyi	46.5963	32.2561
74822	Любимівка	Khersonska	Kakhovskyi	47.3941	33.7161
74823	Малокаховка	Khersonska	Kakhovskyi	46.7814	33.4479
74824	Коробки	Khersonska	Kakhovskyi	46.7323	33.4858
74825	Просторе	Khersonska	Kakhovskyi	46.708	33.6943
74826	Лук'янівка	Khersonska	Kakhovskyi	46.9086	33.4027
74827	Петропавлівка	Khersonska	Kakhovskyi	47.2967	33.5706
74828	Вільна Україна	Khersonska	Kakhovskyi	46.9086	33.4027
74829	Завітне	Khersonska	Kakhovskyi	46.9086	33.4027
74830	Кам'янка	Khersonska	Kakhovskyi	46.624	33.5489
74831	Сергіївка	Khersonska	Kakhovskyi	46.6963	33.3713
74832	Цукури	Khersonska	Kakhovskyi	46.7028	33.4192
74833	Червоне Поділля	Khersonska	Kakhovskyi	46.6777	33.5163
74834	Богданівка	Khersonska	Kakhovskyi	46.5772	33.5256
74835	Чорнянка	Khersonska	Kakhovskyi	46.6522	33.359
74836	Новокам'янка	Khersonska	Kakhovskyi	46.624	33.5489
74837	Любимо-Мар'ївка	Khersonska	Kakhovskyi	46.5971	33.749
74838	Наталівка	Khersonska	Kakhovskyi	46.5605	33.6218
74839	Солідарне	Khersonska	Kakhovskyi	46.5285	33.829
74840	Роздольне	Khersonska	Kakhovskyi	46.6903	33.5435
74841	Чорноморівка	Khersonska	Kakhovskyi	46.6493	33.5798
74842	Архангельська Слобода	Khersonska	Kakhovskyi	46.6351	33.7056
74843	Семенівка	Khersonska	Kakhovskyi	46.6085	33.5968
74844	Костогризове	Khersonska	Kakhovskyi	46.5614	33.5848
74845	Дудчине	Khersonska	Kakhovskyi	46.5644	33.7296
74846	Любимо-Павлівка	Khersonska	Kakhovskyi	46.5867	33.6806
74847	Подове	Khersonska	Kakhovskyi	46.5551	34.1442
74848	Зелена Рубанівка	Khersonska	Kakhovskyi	46.6942	33.7811
74849	Скворцівка	Khersonska	Kakhovskyi	46.5713	33.9454
74850	Федорівка	Khersonska	Kakhovskyi	46.7443	33.9101
74851	Волинське	Khersonska	Kakhovskyi	46.7347	33.9903
74852	Дмитрівка	Khersonska	Kakhovskyi	46.7114	33.8217
74853	Червоний Перекоп	Khersonska	Kakhovskyi	46.6778	33.7829
74855	Калинівка	Khersonska	Kakhovskyi	46.6553	33.7839
74860	Заозерне	Khersonska	Kakhovskyi	46.6003	33.958
74861	Ольгівка	Khersonska	Kakhovskyi	46.5766	33.8898
74862	Тавричанка	Khersonska	Kakhovskyi	46.553	33.8216
74863	Мар'янівка	Khersonska	Kakhovskyi	46.5766	33.8898
74900	Нова Каховка	Khersonska	Nova Kakhovka	46.7545	33.3486
74905	Нова Каховка	Khersonska	Nova Kakhovka	46.7545	33.3486
74907	Нова Каховка	Khersonska	Nova Kakhovka	46.7545	33.3486
74909	Нова Каховка	Khersonska	Nova Kakhovka	46.7545	33.3486
74910	Нова Каховка	Khersonska	Nova Kakhovka	46.7545	33.3486
74986	Корсунка	Khersonska	Nova Kakhovka	46.7596	33.1918
74987	Дніпряни	Khersonska	Nova Kakhovka	46.7463	33.2729
74988	Таврійськ	Khersonska	Nova Kakhovka	46.7529	33.4184
74989	Таврійськ	Khersonska	Nova Kakhovka	46.7529	33.4184
74990	Нові Лагері	Khersonska	Nova Kakhovka	46.7338	33.2155
74991	Райське	Khersonska	Nova Kakhovka	46.708	33.2608
74992	Плодове	Khersonska	Nova Kakhovka	46.7297	33.3994
74993	Тополівка	Khersonska	Nova Kakhovka	46.6903	33.2877
74994	Обривка	Khersonska	Nova Kakhovka	46.6853	33.2234
74995	Піщане	Khersonska	Nova Kakhovka	46.7124	33.2053
74996	Маслівка	Khersonska	Nova Kakhovka	46.6963	33.2333
75000	Білозерка	Khersonska	Bilozerskyi	46.6248	32.4425
75003	Дніпровське	Khersonska	Bilozerskyi	46.5884	32.4685
75004	Томина Балка	Khersonska	Bilozerskyi	46.6242	32.3065
75005	Кізомис	Khersonska	Bilozerskyi	46.5637	32.3496
75006	Велетенське	Khersonska	Bilozerskyi	46.5698	32.3991
75007	Гончарне	Khersonska	Bilozerskyi	46.5746	32.3432
75008	Первомайське	Khersonska	Bilozerskyi	46.5957	32.3834
75009	Розлив	Khersonska	Bilozerskyi	46.6242	32.3747
75010	Посад Покровське	Khersonska	Bilozerskyi	46.8061	32.263
75011	Петрівське	Khersonska	Bilozerskyi	47.439	33.2154
75012	Правдине	Khersonska	Bilozerskyi	46.8887	32.681
75013	Таврійське	Khersonska	Bilozerskyi	46.8887	32.681
75014	Миролюбівка	Khersonska	Bilozerskyi	47.4167	33.65
75015	Надеждівка	Khersonska	Bilozerskyi	46.7049	32.3623
75016	Ромашкове	Khersonska	Bilozerskyi	46.5995	32.4349
75017	Черешеньки	Khersonska	Bilozerskyi	46.6787	32.3996
75018	Янтарне	Khersonska	Bilozerskyi	46.5757	32.4416
75019	Дослідне	Khersonska	Bilozerskyi	46.8887	32.681
75020	Східне	Khersonska	Bilozerskyi	46.8145	32.5984
75021	Загорянівка	Khersonska	Bilozerskyi	46.9448	32.701
75022	Киселівка	Khersonska	Bilozerskyi	46.7581	32.4082
75023	Музиківка	Khersonska	Bilozerskyi	46.752	32.5635
75024	Чорнобаївка	Khersonska	Bilozerskyi	46.6941	32.5537
75025	Новодмитрівка	Khersonska	Bilozerskyi	46.6077	32.3152
75026	Берегове	Khersonska	Bilozerskyi	46.5698	32.4141
75027	Солдатське	Khersonska	Bilozerskyi	47.6852	33.5971
75028	Копані	Khersonska	Bilozerskyi	46.8061	32.263
75029	Нова зоря	Khersonska	Bilozerskyi	47.8153	33.5958
75030	Федорівка	Khersonska	Bilozerskyi	46.7996	32.8112
75031	Інгулець	Khersonska	Bilozerskyi	46.7893	32.8264
75032	Дар'ївка	Khersonska	Bilozerskyi	46.8645	32.6602
75033	Микільське	Khersonska	Bilozerskyi	47.4717	33.1523
75034	Понятівка	Khersonska	Bilozerskyi	46.7461	32.9069
75035	Садове	Khersonska	Bilozerskyi	46.9539	32.7446
75036	Грозове	Khersonska	Bilozerskyi	46.7384	32.3226
75037	Молодецьке	Khersonska	Bilozerskyi	46.8645	32.6602
75038	Паришеве	Khersonska	Bilozerskyi	46.711	32.2708
75039	Червоний Поділ	Khersonska	Bilozerskyi	46.7062	32.2471
75040	Токарівка	Khersonska	Bilozerskyi	46.7519	32.958
75041	Новотягинка	Khersonska	Bilozerskyi	46.748	32.9987
75042	Іванівка	Khersonska	Bilozerskyi	46.7481	33.0148
75043	Знам'янка	Khersonska	Bilozerskyi	46.9602	33.0736
75044	Зорівка	Khersonska	Bilozerskyi	46.6816	32.3801
75045	Барвінок	Khersonska	Bilozerskyi	46.812	32.4518
75046	Зелений Гай	Khersonska	Bilozerskyi	47.1654	32.979
75047	Клапая	Khersonska	Bilozerskyi	46.7235	32.4198
75048	Крутий Яр	Khersonska	Bilozerskyi	46.7736	32.4849
75049	Ульянівка	Khersonska	Bilozerskyi	48.2375	35.9758
75050	Олександрівка	Khersonska	Bilozerskyi	46.3642	34.4085
75051	Станіслав	Khersonska	Bilozerskyi	46.5691	32.1478
75052	Широка Балка	Khersonska	Bilozerskyi	46.7915	34.5307
75053	Софіївка	Khersonska	Bilozerskyi	46.8357	33.6345
75055	Тельмана	Khersonska	Bilozerskyi	46.7736	32.7731
75056	Ясна Поляна	Khersonska	Bilozerskyi	46.9883	34.0042
75057	Придніпровське	Khersonska	Bilozerskyi	47.1532	33.8252
75058	Вісунці	Khersonska	Bilozerskyi	47.1532	33.8252
75059	Мірошниківка	Khersonska	Bilozerskyi	49.7501	35.2774
75100	Олешки	Khersonska	Oleshkivskyi	46.9	34.1333
75101	Олешки	Khersonska	Oleshkivskyi	46.9	34.1333
75109	Солонці	Khersonska	Oleshkivskyi	46.5749	32.6735
75110	Козачі Лагері	Khersonska	Oleshkivskyi	46.7037	32.9776
75111	Кринки	Khersonska	Oleshkivskyi	46.7281	33.0694
75112	Підстепне	Khersonska	Oleshkivskyi	46.6604	32.8939
75113	Раденськ	Khersonska	Oleshkivskyi	46.5486	32.9279
75115	Челбурда	Khersonska	Oleshkivskyi	46.6248	32.9455
75116	Саги	Khersonska	Oleshkivskyi	46.6011	32.7864
75117	Підлісне	Khersonska	Oleshkivskyi	46.5744	32.7056
75118	Піщанівка	Khersonska	Oleshkivskyi	46.6493	32.8396
75119	Марченка	Khersonska	Oleshkivskyi	46.533	33.3639
75120	Нова Маячка	Khersonska	Oleshkivskyi	46.6	33.2271
75123	Щасливе	Khersonska	Oleshkivskyi	46.546	33.2768
75124	Подо-Калинівка	Khersonska	Oleshkivskyi	46.4982	33.0996
75125	Стара Маячка	Khersonska	Oleshkivskyi	46.5104	33.1809
75126	Ювілейне	Khersonska	Oleshkivskyi	46.4859	33.2121
75127	Привільне	Khersonska	Oleshkivskyi	44.7995	34.3424
75128	Дружне	Khersonska	Oleshkivskyi	46.4429	33.2137
75129	Поди	Khersonska	Oleshkivskyi	46.4629	32.8136
75130	Костогризове	Khersonska	Oleshkivskyi	46.4983	32.8574
75131	Великі Копані	Khersonska	Oleshkivskyi	46.4868	32.975
75133	Добросілля	Khersonska	Oleshkivskyi	46.4477	32.9999
75134	Абрикосівка	Khersonska	Oleshkivskyi	46.4882	33.0693
75135	Ленінка	Khersonska	Oleshkivskyi	46.3855	33.108
75136	Мирне	Khersonska	Oleshkivskyi	46.3893	33.1807
75137	Цюрупинське	Khersonska	Oleshkivskyi	46.4493	33.0317
75140	Тарасівка	Khersonska	Oleshkivskyi	46.4201	33.0757
75141	Клини	Khersonska	Oleshkivskyi	46.4074	33.0503
75142	Привітне	Khersonska	Oleshkivskyi	46.3697	33.1041
75143	Брилівка	Khersonska	Oleshkivskyi	46.4248	33.1472
75144	Виноградове	Khersonska	Oleshkivskyi	46.3696	32.9398
75201	Чаплинка	Khersonska	Chaplynskyi	46.3651	33.5403
75205	Нове	Khersonska	Chaplynskyi	46.3614	33.6103
75206	Червоний Яр	Khersonska	Chaplynskyi	46.304	33.4835
75207	Андріївка	Khersonska	Chaplynskyi	46.4983	33.4316
75208	Чорна Долина	Khersonska	Chaplynskyi	46.5277	33.4711
75209	Морозівка	Khersonska	Chaplynskyi	46.4729	33.3911
75210	Магдалинівка	Khersonska	Chaplynskyi	46.4925	33.4625
75211	Скадовка	Khersonska	Chaplynskyi	46.4271	33.3303
75212	Балтазарівка	Khersonska	Chaplynskyi	46.4173	33.4047
75213	Преображенка	Khersonska	Chaplynskyi	46.3976	33.4794
75214	Білоцерківка	Khersonska	Chaplynskyi	46.4633	33.3008
75215	Комиш	Khersonska	Chaplynskyi	46.4454	33.9503
75216	Рачівка	Khersonska	Chaplynskyi	46.3903	33.4045
75217	Жовтневе	Khersonska	Chaplynskyi	46.3711	33.4321
75218	Кудряве	Khersonska	Chaplynskyi	46.5077	33.5266
75219	Новий Гай	Khersonska	Chaplynskyi	46.4618	33.5206
75220	Кучерявоволодимирівка	Khersonska	Chaplynskyi	46.4901	33.5368
75221	Червона Поляна	Khersonska	Chaplynskyi	46.462	33.5567
75222	Новонаталівка	Khersonska	Chaplynskyi	46.5075	33.6801
75223	Шевченка	Khersonska	Chaplynskyi	46.4968	33.7161
75224	Долинське	Khersonska	Chaplynskyi	46.4669	33.6417
75225	Хрестівка	Khersonska	Chaplynskyi	46.4029	33.7207
75226	Надеждівка	Khersonska	Chaplynskyi	46.3976	33.6429
75227	Наталівка	Khersonska	Chaplynskyi	46.5112	33.6388
75230	Асканія-Нова	Khersonska	Chaplynskyi	46.4513	33.8689
75231	Питомник	Khersonska	Chaplynskyi	46.4876	33.9006
75232	Іллінка	Khersonska	Chaplynskyi	46.4511	33.7893
75233	Молочне	Khersonska	Chaplynskyi	46.4129	33.8836
75234	Хлібодарівка	Khersonska	Chaplynskyi	46.4003	33.8692
75235	Маркєєв	Khersonska	Chaplynskyi	46.5209	34.0533
75236	Світле	Khersonska	Chaplynskyi	46.3817	33.7769
75237	Новий Етап	Khersonska	Chaplynskyi	46.473	33.8828
75238	Веселе Друге	Khersonska	Chaplynskyi	46.3788	33.9222
75239	Нововолодимирівка	Khersonska	Chaplynskyi	46.247	32.3936
75240	Григорівка	Khersonska	Chaplynskyi	46.2933	33.7341
75241	Павлівка	Khersonska	Chaplynskyi	46.297	33.7934
75242	Першокостянтинівка	Khersonska	Chaplynskyi	46.248	33.6759
75243	Строганівка	Khersonska	Chaplynskyi	46.2567	33.8786
75244	Іванівка	Khersonska	Chaplynskyi	46.246	33.9268
75300	Новотроїцьке	Khersonska	Novotroitskyi	46.3243	34.2812
75304	Благовіщенка	Khersonska	Novotroitskyi	46.3017	34.2431
75305	Захарівка	Khersonska	Novotroitskyi	46.2687	34.3175
75306	Заозерне	Khersonska	Novotroitskyi	46.2339	34.3066
75307	Овер'янівка	Khersonska	Novotroitskyi	46.2201	34.3745
75308	Калинівка	Khersonska	Novotroitskyi	46.3126	34.436
75309	Катерінівка	Khersonska	Novotroitskyi	46.6085	34.0093
75310	Володимиро-Іллінка	Khersonska	Novotroitskyi	46.6374	34.0362
75311	Новорепівка	Khersonska	Novotroitskyi	46.702	34.1264
75312	Софіївка	Khersonska	Novotroitskyi	46.5566	34.0464
75313	Подове	Khersonska	Novotroitskyi	46.5551	34.1442
75314	Новоукраїнка	Khersonska	Novotroitskyi	46.688	34.1253
75315	Качкарівка	Khersonska	Novotroitskyi	46.5709	34.2289
75316	Двійне	Khersonska	Novotroitskyi	46.4955	34.1996
75317	Кривий Ріг	Khersonska	Novotroitskyi	46.4286	34.2498
75319	Попелак	Khersonska	Novotroitskyi	46.5263	34.4316
75320	Чкалове	Khersonska	Novotroitskyi	46.4801	34.1804
75321	Ковильне	Khersonska	Novotroitskyi	46.4952	34.1519
75322	Воскресенське	Khersonska	Novotroitskyi	46.4399	34.1722
75323	Свирідонівка	Khersonska	Novotroitskyi	46.4954	34.3655
75324	Ясна Поляна	Khersonska	Novotroitskyi	46.3902	33.9962
75325	Перемога	Khersonska	Novotroitskyi	46.4744	34.4232
75326	Вознесенка	Khersonska	Novotroitskyi	46.2631	34.2244
75327	Дружелюбівка	Khersonska	Novotroitskyi	46.182	34.0542
75328	Садове	Khersonska	Novotroitskyi	46.2729	34.3995
75329	Водославка	Khersonska	Novotroitskyi	46.291	34.5883
75330	Федорівка	Khersonska	Novotroitskyi	46.4578	34.2633
75331	Горностаївка	Khersonska	Novotroitskyi	46.5171	34.2883
75332	Метрополь	Khersonska	Novotroitskyi	46.4672	34.3464
75333	Дивне	Khersonska	Novotroitskyi	46.5201	34.4124
75334	Зелене	Khersonska	Novotroitskyi	46.4882	34.4686
75340	Одрадівка	Khersonska	Novotroitskyi	46.3804	34.4483
75341	Сиваське	Khersonska	Novotroitskyi	46.3874	34.5712
75342	Сиваське	Khersonska	Novotroitskyi	46.3874	34.5712
75343	Олександрівка	Khersonska	Novotroitskyi	46.3642	34.4085
75350	Воскресенка	Khersonska	Novotroitskyi	46.3265	34.1573
75351	Сергіївка	Khersonska	Novotroitskyi	46.3023	34.1663
75352	Громівка	Khersonska	Novotroitskyi	46.3108	34.095
75353	Новопокровка	Khersonska	Novotroitskyi	46.2742	34.0689
75354	Новомиколаївка	Khersonska	Novotroitskyi	46.2487	34.0137
75355	Василівка	Khersonska	Novotroitskyi	46.2041	34.0632
75360	Сивашівка	Khersonska	Novotroitskyi	46.2557	34.4328
75361	Новомихайлівка	Khersonska	Novotroitskyi	46.2411	34.4859
75362	Маячка	Khersonska	Novotroitskyi	46.287	34.5021
75401	Іванівка	Khersonska	Ivanivskyi	46.7208	34.553
75403	Широка Балка	Khersonska	Ivanivskyi	46.7915	34.5307
75404	Захарівка	Khersonska	Ivanivskyi	46.7488	34.3229
75405	Кірове	Khersonska	Ivanivskyi	46.7313	34.4082
75406	Новодмитрівка Перша	Khersonska	Ivanivskyi	46.7736	34.3645
75407	Веселівка	Khersonska	Ivanivskyi	46.7109	34.4421
75409	Мартівка	Khersonska	Ivanivskyi	46.5702	34.635
75410	Новомиколаївка	Khersonska	Ivanivskyi	46.8125	34.5181
75411	Дружбівка	Khersonska	Ivanivskyi	46.7904	34.7302
75412	Першотравневе	Khersonska	Ivanivskyi	46.7833	34.6333
75413	Червоний Прапор	Khersonska	Ivanivskyi	46.6164	34.6707
75414	Дмитрівка	Khersonska	Ivanivskyi	46.5729	34.2871
75415	Федорівка	Khersonska	Ivanivskyi	46.615	34.2858
75416	Новознаменка	Khersonska	Ivanivskyi	46.5515	34.3323
75417	Михайлівка	Khersonska	Ivanivskyi	46.5867	34.5638
75420	Трохимівка	Khersonska	Ivanivskyi	46.7292	34.3595
75421	Шотівка	Khersonska	Ivanivskyi	46.7092	34.487
75422	Агаймани	Khersonska	Ivanivskyi	46.6911	34.4056
75424	Квіткове	Khersonska	Ivanivskyi	46.6525	34.3718
75424	Балашове	Khersonska	Ivanivskyi	46.6734	34.4041
75430	Українське	Khersonska	Ivanivskyi	46.6303	34.6281
75431	Новосеменівка	Khersonska	Ivanivskyi	46.6303	34.6281
75432	Новавасилівка	Khersonska	Ivanivskyi	46.6303	34.6281
75440	Благодатне	Khersonska	Ivanivskyi	46.6239	34.4189
75441	Новодмитрівка Друга	Khersonska	Ivanivskyi	46.594	34.3191
75442	Воскресенка	Khersonska	Ivanivskyi	46.5983	34.5586
75443	Любимівка	Khersonska	Ivanivskyi	46.5569	34.5287
75444	Тимофіївка	Khersonska	Ivanivskyi	46.5586	34.4039
75500	Генічеськ	Khersonska	Henicheskyi	46.1759	34.8034
75502	Генічеськ	Khersonska	Henicheskyi	46.1759	34.8034
75504	Генічеськ	Khersonska	Henicheskyi	46.1759	34.8034
75510	Павлівка	Khersonska	Henicheskyi	46.5018	34.6076
75511	Петрівка	Khersonska	Henicheskyi	46.4929	34.6758
75512	Привільне	Khersonska	Henicheskyi	44.7995	34.3424
75513	Велетнівка	Khersonska	Henicheskyi	46.5537	34.744
75514	Жовтневе	Khersonska	Henicheskyi	46.5196	34.7769
75517	Червоне	Khersonska	Henicheskyi	47.2602	33.66
75519	Ясна Поляна	Khersonska	Henicheskyi	46.1811	34.6259
75520	Плавське	Khersonska	Henicheskyi	46.5056	34.87
75521	Сокологірне	Khersonska	Henicheskyi	46.5014	34.9465
75522	Виноградний Клин	Khersonska	Henicheskyi	46.4724	34.9867
75523	Новоіванівка	Khersonska	Henicheskyi	46.4578	34.8337
75524	Пробудження	Khersonska	Henicheskyi	46.4291	34.8421
75525	Салькове	Khersonska	Henicheskyi	46.1751	34.6015
75526	Роздолля	Khersonska	Henicheskyi	46.5186	34.8682
75528	Вільне	Khersonska	Henicheskyi	46.5029	34.8289
75530	Рівне	Khersonska	Henicheskyi	46.3627	34.7579
75531	Вікторівка	Khersonska	Henicheskyi	46.4206	34.7596
75532	Новий Мир	Khersonska	Henicheskyi	46.3818	34.8636
75533	Новоєфремівка	Khersonska	Henicheskyi	46.4795	34.9382
75536	Сергіївка	Khersonska	Henicheskyi	46.3542	34.7231
75540	Новогригорівка	Khersonska	Henicheskyi	46.4125	34.9746
75541	Новогригорівка	Khersonska	Henicheskyi	46.4125	34.9746
75542	Озеряни	Khersonska	Henicheskyi	46.3585	35.0416
75543	Новий Азов	Khersonska	Henicheskyi	46.2947	35.0414
75544	Шлях Незаможника	Khersonska	Henicheskyi	46.3676	34.8097
75545	Стокопані	Khersonska	Henicheskyi	46.2832	34.9198
75546	Азовське	Khersonska	Henicheskyi	46.9575	37.3422
75547	Придорожнє	Khersonska	Henicheskyi	46.2197	34.8385
75549	Пчілка	Khersonska	Henicheskyi	46.3208	35.0534
75550	Рикове	Khersonska	Henicheskyi	46.2856	34.7153
75551	Догмарівка	Khersonska	Henicheskyi	46.3301	34.6806
75552	Гайове	Khersonska	Henicheskyi	46.3265	34.7941
75553	Москаленка	Khersonska	Henicheskyi	46.2882	34.744
75554	Олексіївка	Khersonska	Henicheskyi	46.0685	33.4457
75555	Перекоп	Khersonska	Henicheskyi	46.3158	35.0247
75556	Комісарівка	Khersonska	Henicheskyi	46.2664	35.0116
75557	Драгоманове	Khersonska	Henicheskyi	46.3371	34.9599
75558	Нова Праця	Khersonska	Henicheskyi	46.3105	34.9686
75559	Муравейник	Khersonska	Henicheskyi	46.3272	34.809
75560	Новоолексіївка	Khersonska	Henicheskyi	46.2247	34.6403
75566	Новодмитрівка	Khersonska	Henicheskyi	46.2089	34.5149
75567	Бойове	Khersonska	Henicheskyi	46.2876	34.6516
75568	Семихатка	Khersonska	Henicheskyi	46.1721	34.7326
75569	Ярошник	Khersonska	Henicheskyi	46.2233	34.6349
75570	Чонгар	Khersonska	Henicheskyi	46.032	34.5473
75571	Новий Труд	Khersonska	Henicheskyi	46.0781	34.5544
75572	Миколаївка	Khersonska	Henicheskyi	46.1082	34.608
75573	Атамань	Khersonska	Henicheskyi	46.017	34.5003
75574	Сиваш	Khersonska	Henicheskyi	45.9691	34.4903
75575	Веснянка	Khersonska	Henicheskyi	46.1645	34.517
75576	Люблинка	Khersonska	Henicheskyi	46.1854	34.5704
75577	Чернігівка	Khersonska	Henicheskyi	46.1443	34.6045
75578	Попівка	Khersonska	Henicheskyi	46.0434	34.4952
75579	Залізничне	Khersonska	Henicheskyi	46.0174	34.5157
75580	Щасливцеве	Khersonska	Henicheskyi	46.0354	34.8344
75581	Генічеська Гірка	Khersonska	Henicheskyi	46.0805	34.8307
75582	Приозерне	Khersonska	Henicheskyi	46.0697	34.7827
75583	Стрілкове	Khersonska	Henicheskyi	45.8989	34.8781
75600	Гола Пристань	Khersonska	Holoprystanskyi	46.5272	32.5242
75602	Гола Пристань	Khersonska	Holoprystanskyi	46.5272	32.5242
75605	Білогрудове	Khersonska	Holoprystanskyi	46.5506	32.5204
75606	Кохани	Khersonska	Holoprystanskyi	46.5304	32.6161
75607	Виноградне	Khersonska	Holoprystanskyi	46.9668	32.6779
75608	Забарине	Khersonska	Holoprystanskyi	46.4648	32.3008
75609	Індустріальне	Khersonska	Holoprystanskyi	46.5945	32.5272
75610	Велика Кардашинка	Khersonska	Holoprystanskyi	46.5071	32.659
75611	Кардашинка	Khersonska	Holoprystanskyi	46.5071	32.659
75612	Мала Кардашинка	Khersonska	Holoprystanskyi	46.5049	32.5815
75613	Вільна Дружина	Khersonska	Holoprystanskyi	46.3501	32.0752
75614	Буркути	Khersonska	Holoprystanskyi	46.4024	32.7992
75615	Рідна Україна	Khersonska	Holoprystanskyi	46.3265	32.6585
75616	Очаківське	Khersonska	Holoprystanskyi	46.3457	32.0083
75617	Вільна Україна	Khersonska	Holoprystanskyi	46.391	32.4174
75618	Лиманівка	Khersonska	Holoprystanskyi	46.286	32.1411
75619	Суворовка	Khersonska	Holoprystanskyi	46.2897	32.1751
75620	Геройське	Khersonska	Holoprystanskyi	45.1386	33.7468
75621	Рибальче	Khersonska	Holoprystanskyi	46.4751	32.2358
75622	Садове	Khersonska	Holoprystanskyi	46.3568	32.1832
75623	Іванівка	Khersonska	Holoprystanskyi	46.3857	32.0992
75624	Пам'ятне	Khersonska	Holoprystanskyi	46.1634	32.5625
75625	Чорноморські Криниці	Khersonska	Holoprystanskyi	46.2768	32.0962
75626	Комуна	Khersonska	Holoprystanskyi	46.1576	33.2334
75627	Сліпушінське	Khersonska	Holoprystanskyi	46.2002	32.3923
75628	Жовтневе	Khersonska	Holoprystanskyi	46.2641	32.5438
75629	Київка	Khersonska	Holoprystanskyi	46.2158	32.5316
75630	Стара Збур'ївка	Khersonska	Holoprystanskyi	46.4713	32.4202
75631	Нова Збру'ївка	Khersonska	Holoprystanskyi	46.3462	32.5385
75632	Малі Копані	Khersonska	Holoprystanskyi	46.4353	32.7179
75633	Гладківка	Khersonska	Holoprystanskyi	46.4113	32.646
75634	Великий Клин	Khersonska	Holoprystanskyi	46.3292	32.6025
75635	Чулаківка	Khersonska	Holoprystanskyi	46.3576	32.3514
75636	Новоселівка	Khersonska	Holoprystanskyi	46.1978	32.5989
75637	Берегове	Khersonska	Holoprystanskyi	46.5698	32.4141
75638	Калинівка	Khersonska	Holoprystanskyi	46.1548	32.5549
75639	Петрівка	Khersonska	Holoprystanskyi	46.1886	32.5405
75640	Олександрівка	Khersonska	Holoprystanskyi	46.6133	32.1115
75641	Чорноморське	Khersonska	Holoprystanskyi	46.25	32.1833
75642	Олексіївка	Khersonska	Holoprystanskyi	46.2896	32.2384
75643	Збур'ївка	Khersonska	Holoprystanskyi	46.3843	32.1778
75644	Облої	Khersonska	Holoprystanskyi	46.3843	32.1778
75650	Бехтери	Khersonska	Holoprystanskyi	46.2479	32.2912
75651	Новочорномор'я	Khersonska	Holoprystanskyi	46.1668	32.3218
75652	Новофедорівка	Khersonska	Holoprystanskyi	46.1713	32.3178
75653	Залізний Порт	Khersonska	Holoprystanskyi	46.1167	32.2833
75654	Круглоозерка	Khersonska	Holoprystanskyi	46.1314	32.3949
75655	Приморське	Khersonska	Holoprystanskyi	46.1668	32.3218
75656	Таврійське	Khersonska	Holoprystanskyi	46.1668	32.3218
75660	Нововолодимирівка	Khersonska	Holoprystanskyi	46.247	32.3936
75661	Зеленотропинське	Khersonska	Holoprystanskyi	46.2712	32.4457
75662	Долматівка	Khersonska	Holoprystanskyi	46.2143	32.4678
75663	Добропілля	Khersonska	Holoprystanskyi	46.2344	32.5825
75664	Новософіївка	Khersonska	Holoprystanskyi	46.1642	32.5052
75700	Скадовськ	Khersonska	Skadovskyi	46.1161	32.9112
75701	Скадовськ	Khersonska	Skadovskyi	46.1161	32.9112
75705	Антонівка	Khersonska	Skadovskyi	46.1432	32.9507
75706	Озерне	Khersonska	Skadovskyi	46.1157	32.8408
75707	Степне	Khersonska	Skadovskyi	46.1599	32.8111
75708	Труд	Khersonska	Skadovskyi	46.2936	32.7287
75709	Промінь	Khersonska	Skadovskyi	46.3359	32.7568
75710	Михайлівка	Khersonska	Skadovskyi	46.281	32.6547
75711	Карабулат	Khersonska	Skadovskyi	46.2703	32.8033
75712	Новомиколаївка	Khersonska	Skadovskyi	46.2281	32.7362
75713	Біленьке	Khersonska	Skadovskyi	46.2759	32.7886
75714	Новосілка	Khersonska	Skadovskyi	46.3102	32.8122
75715	Лиманське	Khersonska	Skadovskyi	46.2703	32.8033
75716	Велика Андронівка	Khersonska	Skadovskyi	46.2764	32.8679
75717	Гостроподолянське	Khersonska	Skadovskyi	46.2703	32.8033
75718	Андріївка	Khersonska	Skadovskyi	46.2585	32.9335
75719	Мала Андронівка	Khersonska	Skadovskyi	46.2623	32.8302
75720	Красне	Khersonska	Skadovskyi	46.1309	32.7691
75721	Володимирівка	Khersonska	Skadovskyi	46.1245	32.6507
75722	Лазурне	Khersonska	Skadovskyi	46.084	32.5296
75724	Петрівка	Khersonska	Skadovskyi	46.2349	32.8527
75725	Новоросійське	Khersonska	Skadovskyi	46.2271	32.9007
75726	Хатки	Khersonska	Skadovskyi	46.3549	33.0849
75727	Малоолександрівка	Khersonska	Skadovskyi	46.3657	33.1136
75728	Вишневе	Khersonska	Skadovskyi	46.2618	33.007
75729	Миколаівка	Khersonska	Skadovskyi	46.2598	33.1982
75730	Широке	Khersonska	Skadovskyi	46.1995	32.9019
75731	Ульянівка	Khersonska	Skadovskyi	48.2375	35.9758
75732	Шевченка	Khersonska	Skadovskyi	46.4968	33.7161
75733	Комсомольське	Khersonska	Skadovskyi	46.3404	33.1523
75734	Зелене	Khersonska	Skadovskyi	46.264	33.1151
75735	Грушівка	Khersonska	Skadovskyi	46.2254	33.1128
75736	Дарівка	Khersonska	Skadovskyi	46.1963	33.1937
75740	Птахівка	Khersonska	Skadovskyi	46.2943	33.0899
75741	Таврія	Khersonska	Skadovskyi	46.3286	33.028
75742	Радісне	Khersonska	Skadovskyi	47.1832	35.4009
75743	Благодатне	Khersonska	Skadovskyi	46.6239	34.4189
75750	Приморське	Khersonska	Skadovskyi	46.1496	33.1353
75751	Тарасівка	Khersonska	Skadovskyi	46.1447	33.1164
75752	Новоукраїнка	Khersonska	Skadovskyi	46.1544	33.1541
75800	Каланчак	Khersonska	Kalanchatskyi	46.2562	33.2907
75804	Новокиївка	Khersonska	Kalanchatskyi	46.3591	33.2361
75805	Каїрка	Khersonska	Kalanchatskyi	46.2781	33.6058
75806	Вербове	Khersonska	Kalanchatskyi	46.161	33.2885
75807	Ставки	Khersonska	Kalanchatskyi	46.17	33.5665
75808	Пам'ятник	Khersonska	Kalanchatskyi	46.2616	33.5295
75809	Польове	Khersonska	Kalanchatskyi	46.2636	33.5068
75810	Роздольне	Khersonska	Kalanchatskyi	46.1576	33.2334
75811	Привілля	Khersonska	Kalanchatskyi	46.1623	33.3524
75812	Максима Горького	Khersonska	Kalanchatskyi	46.1567	33.3484
75813	Хорли	Khersonska	Kalanchatskyi	46.08	33.2972
75814	Бабенківка Друга	Khersonska	Kalanchatskyi	46.2019	33.3639
75815	Бабенківка Перша	Khersonska	Kalanchatskyi	46.1819	33.4951
75816	Приморське	Khersonska	Kalanchatskyi	46.1567	33.3484
75820	Новопавлівка	Khersonska	Kalanchatskyi	46.3242	33.3986
75821	Новоолександрівка	Khersonska	Kalanchatskyi	46.2635	33.4016
75822	Мирне	Khersonska	Kalanchatskyi	46.2515	33.465
75830	Преображенка	Khersonska	Kalanchatskyi	46.3976	33.4794
75831	Макарівка	Khersonska	Kalanchatskyi	46.236	33.5299
75832	Гаврилівка Друга	Khersonska	Kalanchatskyi	46.1794	33.4688
75840	Олександрівка	Khersonska	Kalanchatskyi	46.1183	33.4788
75841	Олексіївка	Khersonska	Kalanchatskyi	46.0685	33.4457
29000	Хмельницький	Khmelnytska	Khmelnytska	49.4216	26.9965
29001	Хмельницький	Khmelnytska	Khmelnytska	49.4216	26.9965
29002	Хмельницький	Khmelnytska	Khmelnytska	49.4216	26.9965
29004	Хмельницький	Khmelnytska	Khmelnytska	49.4216	26.9965
29005	Хмельницький	Khmelnytska	Khmelnytska	49.4216	26.9965
29006	Хмельницький	Khmelnytska	Khmelnytska	49.4216	26.9965
29007	Хмельницький	Khmelnytska	Khmelnytska	49.4216	26.9965
29008	Хмельницький	Khmelnytska	Khmelnytska	49.4216	26.9965
29009	Хмельницький	Khmelnytska	Khmelnytska	49.4216	26.9965
29010	Хмельницький	Khmelnytska	Khmelnytska	49.4216	26.9965
29011	Хмельницький	Khmelnytska	Khmelnytska	49.4216	26.9965
29013	Хмельницький	Khmelnytska	Khmelnytska	49.4216	26.9965
29014	Хмельницький	Khmelnytska	Khmelnytska	49.4216	26.9965
29015	Хмельницький	Khmelnytska	Khmelnytska	49.4216	26.9965
29016	Хмельницький	Khmelnytska	Khmelnytska	49.4216	26.9965
29017	Хмельницький	Khmelnytska	Khmelnytska	49.4216	26.9965
29018	Хмельницький	Khmelnytska	Khmelnytska	49.4216	26.9965
29019	Хмельницький	Khmelnytska	Khmelnytska	49.4216	26.9965
29021	Хмельницький	Khmelnytska	Khmelnytska	49.4216	26.9965
29022	Хмельницький	Khmelnytska	Khmelnytska	49.4216	26.9965
29025	Хмельницький	Khmelnytska	Khmelnytska	49.4216	26.9965
29026	Хмельницький	Khmelnytska	Khmelnytska	49.4216	26.9965
29027	Хмельницький	Khmelnytska	Khmelnytska	49.4216	26.9965
29041	Хмельницький	Khmelnytska	Khmelnytska	49.4216	26.9965
30000	Славута	Khmelnytska	Slavutskyi	50.3016	26.8651
30000	Нижні Головлі	Khmelnytska	Slavutskyi	50.4116	26.8025
30000	Новий Кривин	Khmelnytska	Slavutskyi	50.3838	26.7001
30002	Славута	Khmelnytska	Slavutskyi	50.3016	26.8651
30005	Славута	Khmelnytska	Slavutskyi	50.3016	26.8651
30007	Славута	Khmelnytska	Slavutskyi	50.3016	26.8651
30014	Цвітоха	Khmelnytska	Slavutskyi	50.2473	26.9438
30015	Кам'янка	Khmelnytska	Slavutskyi	50.2586	26.9372
30016	Варварівка	Khmelnytska	Slavutskyi	50.2098	26.8882
30017	Голики	Khmelnytska	Slavutskyi	50.2186	26.8927
30018	Шевченко (Миньковецька сільська рада)	Khmelnytska	Slavutskyi	50.2586	26.9372
30018	Миньківці	Khmelnytska	Slavutskyi	50.2586	26.9372
30018	Романіни (Миньковецька сільська рада)	Khmelnytska	Slavutskyi	50.2586	26.9372
30019	Бачманівка	Khmelnytska	Slavutskyi	50.3585	27.0243
30020	Малий Скнит	Khmelnytska	Slavutskyi	50.4731	26.9409
30021	Шатерники	Khmelnytska	Slavutskyi	50.4672	26.9294
30022	Довжки	Khmelnytska	Slavutskyi	50.5028	26.9045
30023	Нараївка (Великоскнитська сільська рада)	Khmelnytska	Slavutskyi	50.4801	26.8438
30023	Великий Скнит	Khmelnytska	Slavutskyi	50.4801	26.8438
30024	Рівки	Khmelnytska	Slavutskyi	50.4735	26.8822
30028	Марачівка (Марачівська сільська рада)	Khmelnytska	Slavutskyi	50.4794	26.9002
30030	Соснівка (Ганнопільська сільська рада)	Khmelnytska	Slavutskyi	50.4636	26.8822
30030	Ганнопіль	Khmelnytska	Slavutskyi	50.4636	26.8822
30030	Досін (Ганнопільська сільська рада)	Khmelnytska	Slavutskyi	50.4636	26.8822
30031	Глинники	Khmelnytska	Slavutskyi	50.4488	26.9041
30032	Хоросток (Ганнопільська сільська рада)	Khmelnytska	Slavutskyi	50.4636	26.8822
30033	Хоняків	Khmelnytska	Slavutskyi	50.4497	26.7864
30033	Пр Улашанівка (Хоняківська сільська рада)	Khmelnytska	Slavutskyi	50.4497	26.7864
30034	Понора (Хоняківська сільська Рада)	Khmelnytska	Slavutskyi	50.4636	26.8822
30035	Пашуки (Хоровецька сільська Рада)	Khmelnytska	Slavutskyi	50.4636	26.8822
30036	Клепачі	Khmelnytska	Slavutskyi	50.4923	26.956
30040	Піддубці (Піддубецька сільська Рада)	Khmelnytska	Slavutskyi	50.5228	27.1219
30040	Веселинівка (Піддубецька сільська Рада)	Khmelnytska	Slavutskyi	50.5228	27.1219
30040	Тростянець (Піддубецька сільська Рада)	Khmelnytska	Slavutskyi	50.5228	27.1219
30040	Шагове (Печиводська)	Khmelnytska	Slavutskyi	50.5228	27.1219
30041	Печиводи	Khmelnytska	Slavutskyi	50.5423	27.0971
30042	Киликіїв	Khmelnytska	Slavutskyi	50.5316	27.0525
30043	Мухарів	Khmelnytska	Slavutskyi	50.5409	27.1458
30043	Ульянівка (Мухарівська сільська Рада)	Khmelnytska	Slavutskyi	50.5409	27.1458
30045	Кутки	Khmelnytska	Slavutskyi	50.5082	27.1156
30045	Ставичани (Ставичанська сільська Рада)	Khmelnytska	Slavutskyi	50.5082	27.1156
30046	Хвощівка	Khmelnytska	Slavutskyi	50.491	27.1986
30046	Бесідки (Хвощівська сільська Рада)	Khmelnytska	Slavutskyi	50.491	27.1986
30051	Мирутин	Khmelnytska	Slavutskyi	50.4833	27.05
30051	Плоска (Мирутинська сільська Рада)	Khmelnytska	Slavutskyi	50.4833	27.05
30053	Берездів	Khmelnytska	Slavutskyi	50.4626	27.1176
30053	Зубовщина (Берездівська сільська Рада)	Khmelnytska	Slavutskyi	50.4626	27.1176
30053	Селичів (Берездівська сільська Рада)	Khmelnytska	Slavutskyi	50.4626	27.1176
30053	Михайлівка (Берездівська сільська Рада)	Khmelnytska	Slavutskyi	50.4626	27.1176
30053	Модестівка (Берездівська сільська Рада)	Khmelnytska	Slavutskyi	50.4626	27.1176
30055	Великий Правутин	Khmelnytska	Slavutskyi	50.4787	27.2589
30055	Комарівка (Полянська сільська Рада)	Khmelnytska	Slavutskyi	50.4787	27.2589
30056	Малий Правутин	Khmelnytska	Slavutskyi	50.4577	27.2207
30057	Дяків	Khmelnytska	Slavutskyi	50.4586	27.0328
30057	Красносілка (Дяківська сільська Рада)	Khmelnytska	Slavutskyi	50.4586	27.0328
30060	Головлі	Khmelnytska	Slavutskyi	50.4225	26.7868
30061	Лисиче	Khmelnytska	Slavutskyi	50.394	26.7669
30061	Д Гора (Лисичанська сільська Рада)	Khmelnytska	Slavutskyi	50.394	26.7669
30061	Потереба (Лисичанська сільська Рада)	Khmelnytska	Slavutskyi	50.394	26.7669
30063	Кривин	Khmelnytska	Slavutskyi	50.3472	26.7049
30065	Хоровиця (Полянська сільська Рада)	Khmelnytska	Slavutskyi	50.3258	26.7214
30065	Полянь	Khmelnytska	Slavutskyi	50.3258	26.7214
30066	Колом'є (Полянська сільська Рада)	Khmelnytska	Slavutskyi	50.3724	26.745
30066	Колом'є (Полнянська сільська Рада)	Khmelnytska	Slavutskyi	50.3724	26.745
30068	Крупець	Khmelnytska	Slavutskyi	50.3724	26.745
30069	Стригани (Крупецька сільська Рада)	Khmelnytska	Slavutskyi	50.3724	26.745
30070	Улашанівка	Khmelnytska	Slavutskyi	50.3402	26.8761
30071	Губельці	Khmelnytska	Slavutskyi	50.3924	26.8793
30071	Волиця (Волицька сільська рада)	Khmelnytska	Slavutskyi	50.3924	26.8793
30073	Перемишель	Khmelnytska	Slavutskyi	50.3504	26.9221
30073	Вачів (Улашанівська сільська Рада)	Khmelnytska	Slavutskyi	50.3504	26.9221
30074	Іванівка	Khmelnytska	Slavutskyi	50.3829	26.9237
30074	Пузирки (Іівнівська сільська Рада)	Khmelnytska	Slavutskyi	50.3829	26.9237
30075	Жуків	Khmelnytska	Slavutskyi	50.4019	26.9773
30080	Ногачівка	Khmelnytska	Slavutskyi	50.432	27.0312
30080	Дятилівка (Сьомаківська сільська Рада)	Khmelnytska	Slavutskyi	50.432	27.0312
30081	Сьомаки	Khmelnytska	Slavutskyi	50.4109	27.1489
30082	Хоровець	Khmelnytska	Slavutskyi	50.3829	27.1204
30082	Гута (Хоровецька сільська Рада)	Khmelnytska	Slavutskyi	50.3829	27.1204
30084	Гориця	Khmelnytska	Slavutskyi	50.4229	27.1508
30085	Красностав (Горицька сільська Рада)	Khmelnytska	Slavutskyi	50.4109	27.1489
30086	Манятин	Khmelnytska	Slavutskyi	50.4261	27.2249
30087	Яблунівка	Khmelnytska	Slavutskyi	50.3909	27.217
30100	Нетішин	Khmelnytska	Netishyn	50.34	26.6417
30200	Карасиха	Khmelnytska	Bilohirskyi	50.0438	26.3531
30200	Українка	Khmelnytska	Bilohirskyi	50.1432	30.7461
30200	Тростянка	Khmelnytska	Bilohirskyi	50.8745	24.1925
30200	Гурщина	Khmelnytska	Bilohirskyi	50.3538	27.0972
30200	Загірці	Khmelnytska	Bilohirskyi	50.3538	27.0972
30200	Закіт	Khmelnytska	Bilohirskyi	50.3538	27.0972
30200	Білогір'я	Khmelnytska	Bilohirskyi	50.3538	27.0972
30207	Жижниківці	Khmelnytska	Bilohirskyi	50.3538	27.0972
30207	Синютки	Khmelnytska	Bilohirskyi	50.3538	27.0972
30207	Гулівці	Khmelnytska	Bilohirskyi	50.3538	27.0972
30208	Мокроволя	Khmelnytska	Bilohirskyi	50.3538	27.0972
30209	Жемелинці	Khmelnytska	Bilohirskyi	50.3538	27.0972
30210	Карпилівка	Khmelnytska	Bilohirskyi	51.407	26.706
30210	Зіньки	Khmelnytska	Bilohirskyi	50.167	26.2293
30210	Іванівка	Khmelnytska	Bilohirskyi	50.3829	26.9237
30210	Мала Боровиця	Khmelnytska	Bilohirskyi	50.3689	26.6261
30210	Заріччя	Khmelnytska	Bilohirskyi	49.4389	26.9967
30210	Загребля	Khmelnytska	Bilohirskyi	50.4488	26.275
30211	Велика Боровиця	Khmelnytska	Bilohirskyi	50.3706	27.1592
30213	Йосипівці	Khmelnytska	Bilohirskyi	50.3706	27.1592
30214	Червоне	Khmelnytska	Bilohirskyi	50.1	27.3333
30214	Козин	Khmelnytska	Bilohirskyi	50.201	26.5551
30214	Переросле	Khmelnytska	Bilohirskyi	50.302	25.777
30214	Шимківці	Khmelnytska	Bilohirskyi	50.201	26.5551
30214	Держаки	Khmelnytska	Bilohirskyi	50.201	26.5551
30215	Кур'янки	Khmelnytska	Bilohirskyi	50.3706	27.1592
30216	Вікнини	Khmelnytska	Bilohirskyi	50.3706	27.1592
30216	Дзвінки	Khmelnytska	Bilohirskyi	50.3706	27.1592
30216	Надешень	Khmelnytska	Bilohirskyi	50.3706	27.1592
30217	Юрківці	Khmelnytska	Bilohirskyi	50.779	32.9337
30217	Коритне	Khmelnytska	Bilohirskyi	50.3097	25.2578
30220	Степанівка	Khmelnytska	Bilohirskyi	49.1656	34.9843
30220	Хорошів	Khmelnytska	Bilohirskyi	49.1656	34.9843
30220	Малі Калетинці	Khmelnytska	Bilohirskyi	49.1656	34.9843
30222	Ліски	Khmelnytska	Bilohirskyi	50.0434	26.2457
30222	Баймаки	Khmelnytska	Bilohirskyi	50.0113	24.7939
30222	Ставищани	Khmelnytska	Bilohirskyi	50.0274	25.5198
30223	Кащенці	Khmelnytska	Bilohirskyi	49.8302	26.9968
30224	Сивки	Khmelnytska	Bilohirskyi	50.0269	26.2421
30224	Міжгіря	Khmelnytska	Bilohirskyi	50.0269	26.2421
30225	Шуньки	Khmelnytska	Bilohirskyi	50.0783	26.3685
30225	Юрівка	Khmelnytska	Bilohirskyi	50.2357	29.7065
30225	Великі Калетинці	Khmelnytska	Bilohirskyi	50.157	28.0375
30226	Залужжя	Khmelnytska	Bilohirskyi	48.3586	22.8525
30226	Шельвів	Khmelnytska	Bilohirskyi	50.7214	24.7807
30226	Корниця	Khmelnytska	Bilohirskyi	49.54	23.8166
30226	Вікентово	Khmelnytska	Bilohirskyi	49.54	23.8166
30230	Вільшаниця	Khmelnytska	Bilohirskyi	50.3474	26.6118
30231	Ямпіль	Khmelnytska	Bilohirskyi	50.3474	26.6118
30232	Паньківці	Khmelnytska	Bilohirskyi	50.3474	26.6118
30233	Лепесівка	Khmelnytska	Bilohirskyi	50.3474	26.6118
30235	Воробіївка	Khmelnytska	Bilohirskyi	49.9047	27.4943
30235	Погорільці	Khmelnytska	Bilohirskyi	49.9047	27.4943
30236	Ставок	Khmelnytska	Bilohirskyi	51.1137	24.4839
30236	В'язовець	Khmelnytska	Bilohirskyi	50.5065	28.2646
30237	Москалівка	Khmelnytska	Bilohirskyi	49.9232	27.4523
30237	Довгалівка	Khmelnytska	Bilohirskyi	50.2887	25.364
30240	Водички	Khmelnytska	Bilohirskyi	49.4213	26.7536
30240	Сушівці	Khmelnytska	Bilohirskyi	49.4213	26.7536
30240	Варивідки	Khmelnytska	Bilohirskyi	49.4213	26.7536
30241	Миклаші	Khmelnytska	Bilohirskyi	49.9537	26.3595
30242	Калинівка	Khmelnytska	Bilohirskyi	49.4539	28.5261
30242	Данилівка	Khmelnytska	Bilohirskyi	49.6703	30.5525
30242	Денисівка	Khmelnytska	Bilohirskyi	49.8867	32.5789
30243	Новосеменів	Khmelnytska	Bilohirskyi	50.0225	28.2377
30243	Семенів	Khmelnytska	Bilohirskyi	50.0225	28.2377
30244	Квітневе	Khmelnytska	Bilohirskyi	50.3167	29.25
30244	Весняне	Khmelnytska	Bilohirskyi	50.6837	27.2253
30244	Соснівочка	Khmelnytska	Bilohirskyi	50.5002	28.2376
30244	Окіп	Khmelnytska	Bilohirskyi	50.5002	28.2376
30245	Соснівка	Khmelnytska	Bilohirskyi	50.4413	26.9705
30268	Дідківці	Khmelnytska	Bilohirskyi	50.0951	28.1321
30269	Норилів	Khmelnytska	Bilohirskyi	50.0951	28.1321
30270	Тихомель	Khmelnytska	Bilohirskyi	49.9667	26.2599
30300	Путринці	Khmelnytska	Iziaslavskyi	50.1546	26.8219
30300	Ізяслав	Khmelnytska	Iziaslavskyi	50.1195	26.8213
30300	Шевченка	Khmelnytska	Iziaslavskyi	49.9976	26.9645
30300	Зарічча	Khmelnytska	Iziaslavskyi	50.0905	26.8692
30300	Хотень Другий	Khmelnytska	Iziaslavskyi	50.0905	26.8692
30300	Сошне	Khmelnytska	Iziaslavskyi	50.0905	26.8692
30301	Мала Медведівка	Khmelnytska	Iziaslavskyi	49.916	26.9453
30309	Ревуха	Khmelnytska	Iziaslavskyi	50.0738	26.8399
30309	Васьківці	Khmelnytska	Iziaslavskyi	50.0738	26.8399
30310	Антонівка	Khmelnytska	Iziaslavskyi	49.4537	27.7173
30310	Долочча	Khmelnytska	Iziaslavskyi	49.4537	27.7173
30310	Кунів	Khmelnytska	Iziaslavskyi	49.4537	27.7173
30311	Кам'янка	Khmelnytska	Iziaslavskyi	50.0039	26.7715
30312	Дертка	Khmelnytska	Iziaslavskyi	50.2314	26.4634
30312	Новосілка	Khmelnytska	Iziaslavskyi	49.2276	26.5217
30312	Півнева Гора	Khmelnytska	Iziaslavskyi	50.271	26.5839
30312	Михайлівка	Khmelnytska	Iziaslavskyi	50.4746	27.1632
30312	Сивер	Khmelnytska	Iziaslavskyi	50.2185	26.4634
30312	Комини	Khmelnytska	Iziaslavskyi	50.0846	26.6391
30312	Лісна	Khmelnytska	Iziaslavskyi	50.0846	26.6391
30314	М'якоти	Khmelnytska	Iziaslavskyi	50.0039	26.7715
30315	Велика Радогощ	Khmelnytska	Iziaslavskyi	50.0039	26.7715
30315	Закриничне	Khmelnytska	Iziaslavskyi	50.0039	26.7715
30315	Мала Радагощ	Khmelnytska	Iziaslavskyi	50.0039	26.7715
30316	Добрин	Khmelnytska	Iziaslavskyi	50.1503	26.4875
30317	Старе Гутисько	Khmelnytska	Iziaslavskyi	50.0039	26.7715
30317	Нове Гутисько	Khmelnytska	Iziaslavskyi	50.0039	26.7715
30317	Шекеринці	Khmelnytska	Iziaslavskyi	50.0039	26.7715
30320	Плужне	Khmelnytska	Iziaslavskyi	50.3214	26.5182
30320	Ульянівка	Khmelnytska	Iziaslavskyi	50.3214	26.5182
30321	Хотень	Khmelnytska	Iziaslavskyi	50.2	26.5167
30322	Білотин	Khmelnytska	Iziaslavskyi	50.3214	26.5182
30324	Новостав	Khmelnytska	Iziaslavskyi	50.7651	25.9741
30324	Михля	Khmelnytska	Iziaslavskyi	50.1605	26.8111
30324	Лютарка	Khmelnytska	Iziaslavskyi	50.1602	26.771
30324	Мокрець	Khmelnytska	Iziaslavskyi	50.3619	26.5187
30326	Стороничи	Khmelnytska	Iziaslavskyi	50.3214	26.5182
30326	Борисів	Khmelnytska	Iziaslavskyi	50.3214	26.5182
30330	Радошівка	Khmelnytska	Iziaslavskyi	50.1827	26.8817
30334	Дібровка	Khmelnytska	Iziaslavskyi	50.0463	26.7866
30334	Заваденці	Khmelnytska	Iziaslavskyi	50.0463	26.7866
30334	Калитинці	Khmelnytska	Iziaslavskyi	50.0463	26.7866
30337	Сморшки	Khmelnytska	Iziaslavskyi	49.9099	26.6915
30340	Поліське	Khmelnytska	Iziaslavskyi	50.8446	26.8099
30341	Білиженці	Khmelnytska	Iziaslavskyi	50.2732	26.9143
30341	Двірець	Khmelnytska	Iziaslavskyi	50.2732	26.9143
30343	Білогородка	Khmelnytska	Iziaslavskyi	50.3897	30.2253
30343	Рокитне	Khmelnytska	Iziaslavskyi	51.2796	27.214
30344	Криволука	Khmelnytska	Iziaslavskyi	50.0872	26.74
30344	Більчинка	Khmelnytska	Iziaslavskyi	49.7085	25.7454
30344	Лопушне	Khmelnytska	Iziaslavskyi	48.6553	23.5725
30344	Мислятин	Khmelnytska	Iziaslavskyi	49.7085	25.7454
30344	Іванівка	Khmelnytska	Iziaslavskyi	50.3829	26.9237
30344	Більчин	Khmelnytska	Iziaslavskyi	49.7085	25.7454
30346	Закружці	Khmelnytska	Iziaslavskyi	50.2732	26.9143
30346	Михнів	Khmelnytska	Iziaslavskyi	50.2732	26.9143
30346	Покощівка	Khmelnytska	Iziaslavskyi	50.2732	26.9143
30350	Клубівка	Khmelnytska	Iziaslavskyi	50.0807	26.7755
30352	Припутенка	Khmelnytska	Iziaslavskyi	50.1152	26.8983
30352	Кіндратка	Khmelnytska	Iziaslavskyi	50.1152	26.8983
30352	Білево	Khmelnytska	Iziaslavskyi	50.1152	26.8983
30353	Припутні	Khmelnytska	Iziaslavskyi	50.1067	26.9216
30354	Тишевичі	Khmelnytska	Iziaslavskyi	50.068	26.9739
30356	Зубарі	Khmelnytska	Iziaslavskyi	50.0557	26.9329
30356	Ріпки	Khmelnytska	Iziaslavskyi	50.051	26.8959
30356	Нечаївка	Khmelnytska	Iziaslavskyi	50.0486	26.9764
30360	Влашанівка	Khmelnytska	Iziaslavskyi	49.963	26.8673
30360	Підлісці	Khmelnytska	Iziaslavskyi	49.9963	26.8132
30360	Забрід	Khmelnytska	Iziaslavskyi	50.029	26.8345
30360	Щурівчики	Khmelnytska	Iziaslavskyi	50.0115	26.8218
30360	Сохуженць	Khmelnytska	Iziaslavskyi	50.0075	26.8261
30360	Щурівці	Khmelnytska	Iziaslavskyi	50.0379	26.7936
30362	Топірчики	Khmelnytska	Iziaslavskyi	50.0208	26.8715
30362	Топори	Khmelnytska	Iziaslavskyi	50.0367	26.8583
30363	Григорівка	Khmelnytska	Iziaslavskyi	49.7264	27.1809
30363	Ліщани	Khmelnytska	Iziaslavskyi	49.9932	26.9133
30363	Хутір Шевченка	Khmelnytska	Iziaslavskyi	49.9177	26.9765
30363	Бейзими	Khmelnytska	Iziaslavskyi	49.9774	26.9145
30363	Данківці	Khmelnytska	Iziaslavskyi	49.9736	26.8976
30363	Чіпці	Khmelnytska	Iziaslavskyi	49.9177	26.9765
30364	Кропивна	Khmelnytska	Iziaslavskyi	49.9663	26.8069
30364	Сахнівці	Khmelnytska	Iziaslavskyi	49.9727	26.8519
30364	Влашанівка	Khmelnytska	Iziaslavskyi	49.963	26.8673
30365	Чижівка	Khmelnytska	Iziaslavskyi	52.0167	31.1
30365	Мирне	Khmelnytska	Iziaslavskyi	50.6026	24.9238
30365	Калинівка	Khmelnytska	Iziaslavskyi	49.9592	26.774
30365	Пильки	Khmelnytska	Iziaslavskyi	50.8595	27.5993
30365	Теліжинці	Khmelnytska	Iziaslavskyi	50.8595	27.5993
30370	Христівка	Khmelnytska	Iziaslavskyi	49.9214	34.2199
30372	Тернавка	Khmelnytska	Iziaslavskyi	49.932	26.7515
30374	Нове Село	Khmelnytska	Iziaslavskyi	49.927	26.8424
30374	Свириди	Khmelnytska	Iziaslavskyi	49.9023	26.8822
30375	Тарасівка	Khmelnytska	Iziaslavskyi	49.8811	26.9052
30375	Великі Пузирки	Khmelnytska	Iziaslavskyi	49.912	26.9304
30400	Шепетівка	Khmelnytska	Shepetivskyi	50.2	27.0833
30401	Шепетівка	Khmelnytska	Shepetivskyi	50.2	27.0833
30403	Шепетівка	Khmelnytska	Shepetivskyi	50.2	27.0833
30404	Шепетівка	Khmelnytska	Shepetivskyi	50.2	27.0833
30405	Шепетівка	Khmelnytska	Shepetivskyi	50.2	27.0833
30410	Рилівка	Khmelnytska	Shepetivskyi	50.3617	27.2861
30410	Круглик (Рилівська сільська рада)	Khmelnytska	Shepetivskyi	50.3617	27.2572
30410	Сенігів	Khmelnytska	Shepetivskyi	50.3616	27.2282
30411	Романів	Khmelnytska	Shepetivskyi	50.3108	27.1401
30411	Корчик	Khmelnytska	Shepetivskyi	50.3307	27.1391
30412	Хутір	Khmelnytska	Shepetivskyi	50.3258	27.0949
30413	Городнявка	Khmelnytska	Shepetivskyi	50.2997	27.2653
30414	Дубіївка	Khmelnytska	Shepetivskyi	50.3233	27.3262
30414	Заморочення	Khmelnytska	Shepetivskyi	50.3088	27.3001
30415	Червоний Цвіт	Khmelnytska	Shepetivskyi	50.27	27.2319
30416	Михайлючка	Khmelnytska	Shepetivskyi	50.2911	27.3113
30416	Майданлабунь	Khmelnytska	Shepetivskyi	50.2911	27.3113
30417	Коса Рішнівка	Khmelnytska	Shepetivskyi	50.0662	27.1505
30418	Цмівка	Khmelnytska	Shepetivskyi	50.2562	27.3081
30420	Пліщин	Khmelnytska	Shepetivskyi	50.1707	26.9676
30421	Плесна	Khmelnytska	Shepetivskyi	50.1448	27.0032
30422	Жилинці	Khmelnytska	Shepetivskyi	50.1045	26.9873
30423	Городище	Khmelnytska	Shepetivskyi	50.1208	27.0649
30423	Красносілка	Khmelnytska	Shepetivskyi	50.1547	27.0892
30423	Пашуки	Khmelnytska	Shepetivskyi	50.0934	27.0634
30425	Вовківчики	Khmelnytska	Shepetivskyi	50.077	27.0218
30426	Березна	Khmelnytska	Shepetivskyi	50.0482	27.4324
30426	Серединці	Khmelnytska	Shepetivskyi	50.0948	27.1347
30427	Сошки	Khmelnytska	Shepetivskyi	50.0897	27.2317
30430	Судилків	Khmelnytska	Shepetivskyi	50.1722	27.1252
30430	Лозичне	Khmelnytska	Shepetivskyi	50.1461	27.1235
30432	Білокриниччя	Khmelnytska	Shepetivskyi	50.1363	27.1633
30433	Купино	Khmelnytska	Shepetivskyi	50.2228	27.2338
30433	Рудня-Новенька	Khmelnytska	Shepetivskyi	50.2205	27.1857
30434	Хролин	Khmelnytska	Shepetivskyi	50.1538	27.2482
30435	Велика Медведівка	Khmelnytska	Shepetivskyi	50.117	27.2507
30436	Траулин	Khmelnytska	Shepetivskyi	50.1643	27.2142
30437	Новичі	Khmelnytska	Shepetivskyi	50.1313	27.294
30438	Поляна	Khmelnytska	Shepetivskyi	50.1452	27.3488
30438	Романів	Khmelnytska	Shepetivskyi	50.3108	27.1401
30439	Броники	Khmelnytska	Shepetivskyi	50.5537	27.8058
30442	Чотирибоки	Khmelnytska	Shepetivskyi	49.9633	27.048
30443	Степ	Khmelnytska	Shepetivskyi	50.0207	27.1069
30443	Ленківці	Khmelnytska	Shepetivskyi	50.0131	27.0677
30444	Велика Шкарівка	Khmelnytska	Shepetivskyi	49.9265	27.2281
30447	Лавринівці	Khmelnytska	Shepetivskyi	49.9378	26.9967
30447	Брикуля	Khmelnytska	Shepetivskyi	49.9501	27.0157
30447	Марківці	Khmelnytska	Shepetivskyi	49.9429	26.9368
30447	Старі Бейзими	Khmelnytska	Shepetivskyi	49.9522	26.9839
30450	Велика Рішнівка	Khmelnytska	Shepetivskyi	50.0917	27.2044
30452	Устянівка	Khmelnytska	Shepetivskyi	50.0383	27.2155
30452	Орлинці	Khmelnytska	Shepetivskyi	50.0333	27.25
30452	Рожичне	Khmelnytska	Shepetivskyi	50.0358	27.2327
30453	Саверці	Khmelnytska	Shepetivskyi	50.0273	27.1662
30453	Лотівка	Khmelnytska	Shepetivskyi	50.0118	27.1768
30454	Коськів	Khmelnytska	Shepetivskyi	49.9833	27.1333
30455	Гриців	Khmelnytska	Shepetivskyi	49.9659	27.2148
30456	Курганівка	Khmelnytska	Shepetivskyi	49.9367	27.2344
30457	Онишківці	Khmelnytska	Shepetivskyi	49.9557	27.2307
30459	Конотоп	Khmelnytska	Shepetivskyi	50.2371	27.3149
30460	Судимонд	Khmelnytska	Shepetivskyi	50.2024	27.2647
30461	Хмелівка	Khmelnytska	Shepetivskyi	50.2609	27.3701
30464	Кліментовичі	Khmelnytska	Shepetivskyi	50.2374	27.1174
30466	Савичі	Khmelnytska	Shepetivskyi	50.2062	27.222
30467	Жолудки	Khmelnytska	Shepetivskyi	50.1241	27.3093
30468	Мальованка	Khmelnytska	Shepetivskyi	50.1833	27.3046
30478	Кропилівка (Грицівська сільска рада)	Khmelnytska	Shepetivskyi	50.1494	27.1824
30500	Полонне	Khmelnytska	Polonskyi	50.1242	27.5109
30501	Радгоспне	Khmelnytska	Polonskyi	50.0027	27.4916
30501	Полонне	Khmelnytska	Polonskyi	50.1242	27.5109
30510	Буртин	Khmelnytska	Polonskyi	50.2209	27.4224
30510	Новаки	Khmelnytska	Polonskyi	50.2622	27.3993
30510	Лісне	Khmelnytska	Polonskyi	50.1909	27.4527
30511	Понінка	Khmelnytska	Polonskyi	50.1849	27.5363
30511	Залісся	Khmelnytska	Polonskyi	50.229	27.4848
30512	Лодзянівка	Khmelnytska	Polonskyi	50.2444	27.5807
30512	Липівка	Khmelnytska	Polonskyi	50.2355	27.5556
30514	Черніївка	Khmelnytska	Polonskyi	50.1787	27.6529
30514	Котюржинці	Khmelnytska	Polonskyi	50.1556	27.6455
30514	Блидні	Khmelnytska	Polonskyi	50.1146	27.5977
30521	Коханівка	Khmelnytska	Polonskyi	50.0671	27.3414
30521	Великі Каленичі	Khmelnytska	Polonskyi	50.0747	27.3111
30521	Малі Каленичі	Khmelnytska	Polonskyi	50.0749	27.2823
30522	Новолабунь	Khmelnytska	Polonskyi	50.0127	27.3474
30522	Троєщина	Khmelnytska	Polonskyi	50.0187	27.3671
30522	Юровщина	Khmelnytska	Polonskyi	50.0157	27.3573
30523	Титьків	Khmelnytska	Polonskyi	50.0274	27.3194
30525	Микулин	Khmelnytska	Polonskyi	49.9881	27.2907
30526	Сасанівка	Khmelnytska	Polonskyi	49.956	27.2958
30526	Красанівка	Khmelnytska	Polonskyi	49.956	27.2958
30530	Адамів	Khmelnytska	Polonskyi	50.0831	27.4051
30530	Велика Березна	Khmelnytska	Polonskyi	50.0482	27.4324
30532	Дубовий Гай	Khmelnytska	Polonskyi	50.0213	27.5539
30532	Варварівка	Khmelnytska	Polonskyi	50.0193	27.495
30533	Новоселиця	Khmelnytska	Polonskyi	50.0703	27.5196
30534	Котелянка	Khmelnytska	Polonskyi	50.0418	27.6108
30535	Любомирка	Khmelnytska	Polonskyi	50.0383	27.6735
30535	Колосівка	Khmelnytska	Polonskyi	50.0667	27.65
30535	Прислуч	Khmelnytska	Polonskyi	50.0744	27.6362
30536	Бражинці	Khmelnytska	Polonskyi	49.9686	27.5187
30536	Фадіївка	Khmelnytska	Polonskyi	49.9833	27.4333
30536	Кіпченці	Khmelnytska	Polonskyi	49.976	27.476
30540	Мала Шкарівка	Khmelnytska	Polonskyi	49.9142	27.2794
30541	Москвитянівка	Khmelnytska	Polonskyi	49.9247	27.2761
30542	Москалівка	Khmelnytska	Polonskyi	49.9232	27.4523
30542	Кустівці	Khmelnytska	Polonskyi	49.9246	27.4059
30542	Голубча	Khmelnytska	Polonskyi	49.9313	27.3401
30543	Білецьке	Khmelnytska	Polonskyi	49.9204	27.3747
30545	Воробіївка	Khmelnytska	Polonskyi	49.9047	27.4943
30600	Ленінка	Khmelnytska	Teofipolskyi	49.4456	35.4286
30600	Караїна	Khmelnytska	Teofipolskyi	49.4456	35.4286
30600	Медисівка	Khmelnytska	Teofipolskyi	49.4456	35.4286
30601	Теофіполь	Khmelnytska	Teofipolskyi	49.703	29.4054
30601	Коровє	Khmelnytska	Teofipolskyi	49.703	29.4054
30601	Цукровий завод	Khmelnytska	Teofipolskyi	49.703	29.4054
30602	Теофіполь	Khmelnytska	Teofipolskyi	49.8382	26.4143
30602	Василівка	Khmelnytska	Teofipolskyi	49.8382	26.4143
30602	Малі Жеребки	Khmelnytska	Teofipolskyi	49.8382	26.4143
30609	Кунча	Khmelnytska	Teofipolskyi	49.8251	26.3733
30610	Човгузів	Khmelnytska	Teofipolskyi	49.9589	27.2768
30611	Новоставці	Khmelnytska	Teofipolskyi	50.5306	26.4947
30611	Кривовільна	Khmelnytska	Teofipolskyi	50.5306	26.4947
30611	Кривовілька	Khmelnytska	Teofipolskyi	50.5306	26.4947
30612	Кривовільна	Khmelnytska	Teofipolskyi	49.9589	27.2768
30613	Святець	Khmelnytska	Teofipolskyi	49.9589	27.2768
30614	Лісогірка	Khmelnytska	Teofipolskyi	49.7667	27.9
30616	Дмитрівка	Khmelnytska	Teofipolskyi	49.9589	27.2768
30617	Антонівка	Khmelnytska	Teofipolskyi	49.4537	27.7173
30618	Вовківці	Khmelnytska	Teofipolskyi	50.0849	26.9953
30619	Марянівка	Khmelnytska	Teofipolskyi	49.9589	27.2768
30620	Поляхове	Khmelnytska	Teofipolskyi	50.581	25.9016
30620	Поляхова	Khmelnytska	Teofipolskyi	50.581	25.9016
30621	Рідка	Khmelnytska	Teofipolskyi	50.581	25.9016
30621	Бережинці	Khmelnytska	Teofipolskyi	50.581	25.9016
30622	Кузьминці	Khmelnytska	Teofipolskyi	50.581	25.9016
30623	Лідихівка	Khmelnytska	Teofipolskyi	50.581	25.9016
30624	Строки	Khmelnytska	Teofipolskyi	49.8257	26.5179
30624	Троянівка	Khmelnytska	Teofipolskyi	51.3363	25.2853
30625	Турівка	Khmelnytska	Teofipolskyi	50.581	25.9016
30625	Червона Дубина	Khmelnytska	Teofipolskyi	50.581	25.9016
30626	Волиця-Польова	Khmelnytska	Teofipolskyi	50.581	25.9016
30627	Волиця	Khmelnytska	Teofipolskyi	50.581	25.9016
30628	Романово	Khmelnytska	Teofipolskyi	50.581	25.9016
30630	Ільківці	Khmelnytska	Teofipolskyi	49.773	27.329
30631	Воронівці	Khmelnytska	Teofipolskyi	49.6667	28.1667
30631	Немиринці	Khmelnytska	Teofipolskyi	49.6223	29.0589
30631	Колісець	Khmelnytska	Teofipolskyi	49.6445	28.6128
30631	Марянівка	Khmelnytska	Teofipolskyi	49.6445	28.6128
30632	Немиринці	Khmelnytska	Teofipolskyi	49.6223	29.0589
30633	Колісець	Khmelnytska	Teofipolskyi	49.773	27.329
30634	Гаврилівка	Khmelnytska	Teofipolskyi	48.6947	24.7294
30635	Шибена	Khmelnytska	Teofipolskyi	49.7518	26.2859
30635	Ульяново	Khmelnytska	Teofipolskyi	49.7518	26.2859
30637	Єлізаветпіль	Khmelnytska	Teofipolskyi	50.6101	28.026
30637	Гальчинці	Khmelnytska	Teofipolskyi	50.6101	28.026
30637	Червона Случ	Khmelnytska	Teofipolskyi	50.6101	28.026
30638	Заруддя	Khmelnytska	Teofipolskyi	50.443	25.9775
30640	Карабіївка	Khmelnytska	Teofipolskyi	49.4872	31.419
30641	Михнівка	Khmelnytska	Teofipolskyi	49.4956	33.9511
30642	Олійники	Khmelnytska	Teofipolskyi	49.2256	36.0679
30643	Колки	Khmelnytska	Teofipolskyi	49.7926	26.6018
30644	Великий Лазучин	Khmelnytska	Teofipolskyi	49.4872	31.419
30646	Ординці	Khmelnytska	Teofipolskyi	49.4351	29.0551
30647	Лютарівка	Khmelnytska	Teofipolskyi	49.4872	31.419
30648	Михиринці	Khmelnytska	Teofipolskyi	49.4872	31.419
30650	Базалія	Khmelnytska	Teofipolskyi	49.7127	26.4733
30651	Борщівка	Khmelnytska	Teofipolskyi	51.0498	25.1883
30655	Котюрженці	Khmelnytska	Teofipolskyi	50.3813	25.8308
30656	Малий Лазучин	Khmelnytska	Teofipolskyi	50.3813	25.8308
31000	Красилів	Khmelnytska	Krasylivskyi	49.6519	26.9725
31000	Слобідка Красилівська	Khmelnytska	Krasylivskyi	49.6519	26.9725
31001	Красилів	Khmelnytska	Krasylivskyi	49.6519	26.9725
31001	Каламаринка	Khmelnytska	Krasylivskyi	49.6778	27.0574
31002	Красилів	Khmelnytska	Krasylivskyi	49.6519	26.9725
31012	Зелена	Khmelnytska	Krasylivskyi	49.8839	26.7986
31012	Васьківчики	Khmelnytska	Krasylivskyi	49.8839	26.7986
31013	Трусилівка	Khmelnytska	Krasylivskyi	49.8418	26.7935
31013	Ледянка	Khmelnytska	Krasylivskyi	49.8418	26.7935
31013	Федорівка	Khmelnytska	Krasylivskyi	49.8418	26.7935
31013	Малі Пузирки	Khmelnytska	Krasylivskyi	49.8418	26.7935
31015	Тріски	Khmelnytska	Krasylivskyi	49.8155	26.7895
31015	Гриценки	Khmelnytska	Krasylivskyi	49.8207	26.7909
31015	Якимівці	Khmelnytska	Krasylivskyi	49.826	26.7922
31020	Велика Медведівка	Khmelnytska	Krasylivskyi	49.891	26.9649
31021	Долинівці	Khmelnytska	Krasylivskyi	49.848	26.9148
31021	Велика Салиха	Khmelnytska	Krasylivskyi	49.8676	26.8892
31021	Мала Салиха	Khmelnytska	Krasylivskyi	49.8713	26.8578
31022	Антоніни	Khmelnytska	Krasylivskyi	49.8097	26.8771
31024	Великі Орлинці	Khmelnytska	Krasylivskyi	49.8	26.9
31025	Закриниччя	Khmelnytska	Krasylivskyi	49.8389	26.8493
31026	Медці	Khmelnytska	Krasylivskyi	49.8372	26.9962
31026	Лісова Волиця	Khmelnytska	Krasylivskyi	49.8167	26.95
31026	Малі Юначки	Khmelnytska	Krasylivskyi	49.8333	26.9333
31026	Кременчуки	Khmelnytska	Krasylivskyi	49.8077	26.9762
31026	Великі Юначки	Khmelnytska	Krasylivskyi	49.828	26.9707
31028	Манівці	Khmelnytska	Krasylivskyi	49.7683	26.9762
31030	Решнівка	Khmelnytska	Krasylivskyi	49.7915	27.3942
31030	Севрюки	Khmelnytska	Krasylivskyi	49.7915	27.3942
31031	Корчівка	Khmelnytska	Krasylivskyi	51.3527	28.7619
31032	Жовтневе	Khmelnytska	Krasylivskyi	50.4586	27.0328
31032	Терешки	Khmelnytska	Krasylivskyi	49.7671	26.7578
31032	Малинки	Khmelnytska	Krasylivskyi	49.7733	26.739
31033	Вербівка	Khmelnytska	Krasylivskyi	49.4862	36.8279
31033	Чапаївка	Khmelnytska	Krasylivskyi	49.4167	29.0833
31033	Кошелівка	Khmelnytska	Krasylivskyi	49.4515	32.9556
31033	Дворик	Khmelnytska	Krasylivskyi	49.4515	32.9556
31033	Велика Клітна	Khmelnytska	Krasylivskyi	49.4515	32.9556
31033	Мала Клітна	Khmelnytska	Krasylivskyi	49.4515	32.9556
31033	Волиця Друга	Khmelnytska	Krasylivskyi	49.4515	32.9556
31036	Новосілка	Khmelnytska	Krasylivskyi	49.2276	26.5217
31036	Малі Зозулинці	Khmelnytska	Krasylivskyi	50.362	25.8046
31036	Підлісся	Khmelnytska	Krasylivskyi	51.3127	23.6975
31036	Улянівка	Khmelnytska	Krasylivskyi	50.5458	27.1945
31036	Великі Зозулинці	Khmelnytska	Krasylivskyi	50.362	25.8046
31040	Кульчини	Khmelnytska	Krasylivskyi	49.7504	26.9073
31040	Кульчинки	Khmelnytska	Krasylivskyi	49.7389	26.9417
31042	Лагодинці	Khmelnytska	Krasylivskyi	49.7263	27.0136
31043	Росолівці	Khmelnytska	Krasylivskyi	49.7724	27.0301
31044	Печеське	Khmelnytska	Krasylivskyi	49.7503	26.8412
31044	Зелений Гай	Khmelnytska	Krasylivskyi	49.7563	26.8295
31044	Грицики	Khmelnytska	Krasylivskyi	49.7623	26.8178
31045	Заставки	Khmelnytska	Krasylivskyi	49.6978	26.9502
31045	Дружне	Khmelnytska	Krasylivskyi	49.6833	26.9833
31047	Кузьмин	Khmelnytska	Krasylivskyi	49.7352	26.9357
31050	Заслучне	Khmelnytska	Krasylivskyi	49.6636	26.7717
31050	Слобідка Чернелівська	Khmelnytska	Krasylivskyi	49.6636	26.7717
31050	Улянівка -2	Khmelnytska	Krasylivskyi	49.6636	26.7717
31051	Глібки	Khmelnytska	Krasylivskyi	49.604	26.7202
31051	Говори	Khmelnytska	Krasylivskyi	49.604	26.7202
31051	Писарівка	Khmelnytska	Krasylivskyi	49.604	26.7202
31051	Трудове	Khmelnytska	Krasylivskyi	49.604	26.7202
31052	Чернелівка	Khmelnytska	Krasylivskyi	49.6782	26.8206
31052	Моньчинці	Khmelnytska	Krasylivskyi	49.732	26.9036
31052	Пилипи	Khmelnytska	Krasylivskyi	49.7097	26.8251
31052	Сорокодуби	Khmelnytska	Krasylivskyi	49.732	26.9036
31052	Дубина	Khmelnytska	Krasylivskyi	49.8516	27.1681
31052	Моньки	Khmelnytska	Krasylivskyi	49.6887	26.8008
31054	Дубище	Khmelnytska	Krasylivskyi	49.6755	26.8673
31054	Новодубище	Khmelnytska	Krasylivskyi	49.7184	26.8633
31054	Волиця	Khmelnytska	Krasylivskyi	49.6833	26.9167
31055	Яворівці	Khmelnytska	Krasylivskyi	49.7026	26.9115
31056	Чепелівка	Khmelnytska	Krasylivskyi	49.6502	26.8723
31056	Берегелі	Khmelnytska	Krasylivskyi	49.6404	27.3438
31056	Воскодавинці	Khmelnytska	Krasylivskyi	49.6453	27.1081
31057	Красівка	Khmelnytska	Krasylivskyi	49.8679	26.9677
31060	Марківці	Khmelnytska	Krasylivskyi	49.9429	26.9368
31060	Котюржинці	Khmelnytska	Krasylivskyi	50.1556	27.6455
31062	Митинці	Khmelnytska	Krasylivskyi	49.6751	27.9634
31062	Заруддя	Khmelnytska	Krasylivskyi	50.443	25.9775
31062	Вереміївка	Khmelnytska	Krasylivskyi	50.059	26.9704
31062	Хотьківці	Khmelnytska	Krasylivskyi	50.059	26.9704
31063	Ключівка	Khmelnytska	Krasylivskyi	49.8	26.9167
31064	Рублянка	Khmelnytska	Krasylivskyi	49.8593	26.8254
31065	Юзіно	Khmelnytska	Krasylivskyi	49.7963	26.8136
31070	Щиборівка	Khmelnytska	Krasylivskyi	49.6694	27.021
31072	Западинці	Khmelnytska	Krasylivskyi	48.9903	30.2663
31072	Баглайки	Khmelnytska	Krasylivskyi	48.9903	30.2663
31073	Мотрунки	Khmelnytska	Krasylivskyi	49.8829	27.9454
31073	Радісне	Khmelnytska	Krasylivskyi	47.1832	35.4009
31073	Мовчани	Khmelnytska	Krasylivskyi	48.8767	28.0223
31073	Михайлівці	Khmelnytska	Krasylivskyi	49.6478	27.0917
31073	Сушки	Khmelnytska	Krasylivskyi	49.1077	33.9308
31073	Борисів	Khmelnytska	Krasylivskyi	48.9396	30.4782
31074	Веселівка	Khmelnytska	Krasylivskyi	48.5643	32.4522
31075	Пашутинці	Khmelnytska	Krasylivskyi	48.9903	30.2663
31100	Старокостянтинів	Khmelnytska	Starokostiantynivskyi	49.7576	27.2034
31101	Старокостянтинів	Khmelnytska	Starokostiantynivskyi	49.7576	27.2034
31103	Старокостянтинів	Khmelnytska	Starokostiantynivskyi	49.7576	27.2034
31104	Старокостянтинів	Khmelnytska	Starokostiantynivskyi	49.7576	27.2034
31108	Мальки (Бутівці селищна рада)	Khmelnytska	Starokostiantynivskyi	49.7576	27.2034
31110	Пеньки	Khmelnytska	Starokostiantynivskyi	49.9196	27.0811
31111	Драчі	Khmelnytska	Starokostiantynivskyi	49.9041	27.0348
31112	Березне	Khmelnytska	Starokostiantynivskyi	49.8689	27.0456
31112	Вербівочка (Березненська сільська рада)	Khmelnytska	Starokostiantynivskyi	49.8689	27.0456
31113	Бутівці	Khmelnytska	Starokostiantynivskyi	49.8546	27.0936
31114	Губча	Khmelnytska	Starokostiantynivskyi	49.9053	27.1582
31115	Прохорівка (Стецьки)	Khmelnytska	Starokostiantynivskyi	49.8828	27.1957
31115	Стецьки	Khmelnytska	Starokostiantynivskyi	49.8828	27.1957
31116	Великі Мацевичі	Khmelnytska	Starokostiantynivskyi	49.8787	27.309
31116	Круча (В.Мацевичі)	Khmelnytska	Starokostiantynivskyi	49.8714	27.2859
31116	Раштівка	Khmelnytska	Starokostiantynivskyi	49.8642	27.2628
31117	Малі Мацевичі	Khmelnytska	Starokostiantynivskyi	49.8929	27.3485
31118	Андронівка (Пеньки)	Khmelnytska	Starokostiantynivskyi	49.8857	27.1699
31119	Залісся (Пеньки)	Khmelnytska	Starokostiantynivskyi	49.8857	27.1699
31120	Капустин	Khmelnytska	Starokostiantynivskyi	49.8316	27.171
31121	Волиця-Керекешина	Khmelnytska	Starokostiantynivskyi	49.8166	27.111
31122	Великий Чернятин (сіль рада)	Khmelnytska	Starokostiantynivskyi	49.8324	27.1679
31122	Оріхівка (Великий Чернятин)	Khmelnytska	Starokostiantynivskyi	49.8324	27.1679
31122	Малий Чернятин (Великий Чернятин)	Khmelnytska	Starokostiantynivskyi	49.8324	27.1679
31124	Пашківці	Khmelnytska	Starokostiantynivskyi	49.7774	27.1563
31124	Гребенинка (Пашківці)	Khmelnytska	Starokostiantynivskyi	49.7774	27.1563
31125	Попівці (Капустин)	Khmelnytska	Starokostiantynivskyi	49.8324	27.1679
31126	Демківці	Khmelnytska	Starokostiantynivskyi	49.8419	27.2495
31127	Радківці	Khmelnytska	Starokostiantynivskyi	49.8261	27.2303
31127	Футорі (Радківці)	Khmelnytska	Starokostiantynivskyi	49.8261	27.2303
31128	Криниця	Khmelnytska	Starokostiantynivskyi	49.9009	27.0894
31129	Бовкуни (Драчі)	Khmelnytska	Starokostiantynivskyi	49.8324	27.1679
31130	Громівка	Khmelnytska	Starokostiantynivskyi	49.8037	27.2961
31131	Огіївці	Khmelnytska	Starokostiantynivskyi	49.8317	27.2909
31133	Решнівка	Khmelnytska	Starokostiantynivskyi	49.7915	27.3942
31133	Киселі (Решнівка)	Khmelnytska	Starokostiantynivskyi	49.7915	27.3942
31134	Сахнівці	Khmelnytska	Starokostiantynivskyi	49.7706	27.3367
31135	Красносілка	Khmelnytska	Starokostiantynivskyi	49.7678	27.3022
31136	Іршики	Khmelnytska	Starokostiantynivskyi	49.8372	27.3972
31137	Хижники	Khmelnytska	Starokostiantynivskyi	49.8525	27.4115
31140	Чорна	Khmelnytska	Starokostiantynivskyi	49.8747	27.4416
31140	Леніна	Khmelnytska	Starokostiantynivskyi	49.8747	27.4416
31141	Вишнопіль	Khmelnytska	Starokostiantynivskyi	49.8473	27.5268
31142	Мартинівка	Khmelnytska	Starokostiantynivskyi	49.8706	27.5099
31142	Сиверини (Миртинівка)	Khmelnytska	Starokostiantynivskyi	49.8706	27.5099
31144	Сербенівка	Khmelnytska	Starokostiantynivskyi	49.8473	27.5268
31145	Коржівка	Khmelnytska	Starokostiantynivskyi	49.8358	27.5966
31145	Махаринці (Коржівка)	Khmelnytska	Starokostiantynivskyi	49.8358	27.5966
31146	Старий Остропіль	Khmelnytska	Starokostiantynivskyi	49.8082	27.5591
31146	Володарівка	Khmelnytska	Starokostiantynivskyi	49.8082	27.5591
31146	Райки (Остропіль)	Khmelnytska	Starokostiantynivskyi	49.8082	27.5591
31146	Йосипівка (Остропіль)	Khmelnytska	Starokostiantynivskyi	49.8082	27.5591
31146	Калинівка (Остропіль)	Khmelnytska	Starokostiantynivskyi	49.8082	27.5591
31146	Северини (Остропіль)	Khmelnytska	Starokostiantynivskyi	49.8082	27.5591
31146	Слобода (Остропіль)	Khmelnytska	Starokostiantynivskyi	49.8082	27.5591
31150	Григорівка (сіль рада)	Khmelnytska	Starokostiantynivskyi	49.7442	27.2638
31151	Воронківці	Khmelnytska	Starokostiantynivskyi	49.7175	27.1247
31151	Гнатки (Вербородинці)	Khmelnytska	Starokostiantynivskyi	49.7175	27.1247
31152	Веснянка	Khmelnytska	Starokostiantynivskyi	49.7194	27.317
31152	Ланок (Веснянка)	Khmelnytska	Starokostiantynivskyi	49.7194	27.317
31152	Караїмівка (Веснянка)	Khmelnytska	Starokostiantynivskyi	49.7194	27.317
31153	Вербородинці	Khmelnytska	Starokostiantynivskyi	49.6788	27.3318
31154	Першоквітневе (Бутівці селищна рада)	Khmelnytska	Starokostiantynivskyi	49.7442	27.2638
31155	Зеленці (Губча)	Khmelnytska	Starokostiantynivskyi	49.7442	27.2638
31156	Партинці (Губча)	Khmelnytska	Starokostiantynivskyi	49.7442	27.2638
31157	Дубина (Стецьки)	Khmelnytska	Starokostiantynivskyi	49.7442	27.2638
31158	Костянець	Khmelnytska	Starokostiantynivskyi	49.8862	27.2286
31159	Кучівка (Стецьки)	Khmelnytska	Starokostiantynivskyi	49.7442	27.2638
31160	Миролюбне	Khmelnytska	Starokostiantynivskyi	49.6576	27.1987
31160	Верхняки (Миролюбненська сільська рада)	Khmelnytska	Starokostiantynivskyi	49.6576	27.1987
31162	Новоселиця	Khmelnytska	Starokostiantynivskyi	50.0703	27.5196
31164	Сковородки	Khmelnytska	Starokostiantynivskyi	49.6104	27.2003
31164	Весела (Сковородки)	Khmelnytska	Starokostiantynivskyi	49.6104	27.2003
31164	Круглики (Сковородки)	Khmelnytska	Starokostiantynivskyi	49.6104	27.2003
31168	Червона Семенівка (Волиця Керекешино)	Khmelnytska	Starokostiantynivskyi	49.7794	27.3062
31170	Немиринці	Khmelnytska	Starokostiantynivskyi	49.6223	29.0589
31170	Морозівка (Немиренці)	Khmelnytska	Starokostiantynivskyi	49.6223	29.0589
31170	Підгірне (Немиренці)	Khmelnytska	Starokostiantynivskyi	49.6223	29.0589
31170	Берегелі (Немиренці)	Khmelnytska	Starokostiantynivskyi	49.6223	29.0589
31171	Деркачі	Khmelnytska	Starokostiantynivskyi	49.6201	27.3632
31171	Кантівка (Деркачі)	Khmelnytska	Starokostiantynivskyi	49.6201	27.3632
31172	Семереньки (Самченці)	Khmelnytska	Starokostiantynivskyi	49.6594	27.7525
31172	Самчинці	Khmelnytska	Starokostiantynivskyi	49.6594	27.7525
31174	Ілляшівка	Khmelnytska	Starokostiantynivskyi	49.6606	27.414
31175	Ємці (Баглаї селищна рада)	Khmelnytska	Starokostiantynivskyi	49.7024	27.4386
31175	Баглаї	Khmelnytska	Starokostiantynivskyi	49.7024	27.4386
31177	Лажева	Khmelnytska	Starokostiantynivskyi	49.6914	27.4878
31177	Загірне (Лажева)	Khmelnytska	Starokostiantynivskyi	49.6914	27.4878
31180	Левківка	Khmelnytska	Starokostiantynivskyi	49.7895	27.5707
31182	Самчики	Khmelnytska	Starokostiantynivskyi	49.7641	27.4077
31182	Степок (Самчики)	Khmelnytska	Starokostiantynivskyi	49.7641	27.4077
31183	Ладиги	Khmelnytska	Starokostiantynivskyi	49.75	27.4667
31183	Губин (Ладиги)	Khmelnytska	Starokostiantynivskyi	49.75	27.4667
31187	Жабче (Радківці)	Khmelnytska	Starokostiantynivskyi	49.7679	27.4817
31190	Писарівка (Огіївці)	Khmelnytska	Starokostiantynivskyi	49.8467	27.4689
31192	Малашівка	Khmelnytska	Starokostiantynivskyi	49.8467	27.4689
31193	Яремичі	Khmelnytska	Starokostiantynivskyi	49.8382	27.4556
31195	Шевченка	Khmelnytska	Starokostiantynivskyi	49.8552	27.4823
31196	Малий Вишнопіль (Вишнополь)	Khmelnytska	Starokostiantynivskyi	49.8467	27.4689
31199	Лисенці	Khmelnytska	Starokostiantynivskyi	49.8467	27.4689
31200	Волочиськ	Khmelnytska	Volochyskyi	49.5375	26.2157
31200	Волиця	Khmelnytska	Volochyskyi	49.6833	26.9167
31202	Вочківці	Khmelnytska	Volochyskyi	49.5375	26.2157
31202	Волочиськ	Khmelnytska	Volochyskyi	49.5375	26.2157
31203	Мислова	Khmelnytska	Volochyskyi	49.598	26.4304
31204	Лонки	Khmelnytska	Volochyskyi	49.6338	26.3738
31204	Слобідка Кушнірівська	Khmelnytska	Volochyskyi	49.6338	26.3738
31209	Бальківці	Khmelnytska	Volochyskyi	49.598	26.4304
31210	Щаснівка	Khmelnytska	Volochyskyi	50.6497	31.4731
31211	Авратин	Khmelnytska	Volochyskyi	49.8799	27.8221
31211	Пальчинці	Khmelnytska	Volochyskyi	49.8799	27.8221
31211	Збручівка	Khmelnytska	Volochyskyi	49.8799	27.8221
31212	Яхнівці	Khmelnytska	Volochyskyi	49.9637	33.7953
31213	Курилівка	Khmelnytska	Volochyskyi	49.66	37.7183
31214	Петрівське	Khmelnytska	Volochyskyi	49.177	36.9
31214	Соболівка	Khmelnytska	Volochyskyi	49.177	36.9
31214	Ожигівці	Khmelnytska	Volochyskyi	49.177	36.9
31217	Вільшани	Khmelnytska	Volochyskyi	50.0544	35.8823
31218	Користова	Khmelnytska	Volochyskyi	49.9637	33.7953
31219	Петрівщина	Khmelnytska	Volochyskyi	50.3614	32.9759
31220	Богданівка	Khmelnytska	Volochyskyi	48.6422	29.1078
31220	Іванівка	Khmelnytska	Volochyskyi	50.3829	26.9237
31220	Нова Гребля	Khmelnytska	Volochyskyi	49.4635	28.7747
31220	Червоний Острів	Khmelnytska	Volochyskyi	49.4962	28.2687
31221	Левківці	Khmelnytska	Volochyskyi	48.7453	28.5382
31221	Чухелі	Khmelnytska	Volochyskyi	49.6653	26.4307
31221	Случ	Khmelnytska	Volochyskyi	49.2053	27.4845
31222	Попівці	Khmelnytska	Volochyskyi	49.5333	29.3667
31222	Жовтневе	Khmelnytska	Volochyskyi	49.7593	26.7783
31222	Червоний Кут	Khmelnytska	Volochyskyi	49.6463	28.0725
31222	Великі Жеребки	Khmelnytska	Volochyskyi	49.6463	28.0725
31223	Холодець	Khmelnytska	Volochyskyi	49.456	27.9886
31224	Клинини	Khmelnytska	Volochyskyi	49.456	27.9886
31224	Кушнирівка	Khmelnytska	Volochyskyi	49.456	27.9886
31224	Гонорівка	Khmelnytska	Volochyskyi	49.456	27.9886
31225	Рябіївка	Khmelnytska	Volochyskyi	49.456	27.9886
31226	Кущівка	Khmelnytska	Volochyskyi	49.456	27.9886
31226	Купіль	Khmelnytska	Volochyskyi	49.456	27.9886
31226	Гайдайки	Khmelnytska	Volochyskyi	49.456	27.9886
31231	Шмирки	Khmelnytska	Volochyskyi	50.9326	26.0502
31231	Личівка	Khmelnytska	Volochyskyi	50.9326	26.0502
31232	Кущівка	Khmelnytska	Volochyskyi	50.9326	26.0502
31232	Чернява	Khmelnytska	Volochyskyi	50.9326	26.0502
31233	Глядки	Khmelnytska	Volochyskyi	50.9326	26.0502
31234	Березина	Khmelnytska	Volochyskyi	51.4353	25.6926
31234	Пахутинці	Khmelnytska	Volochyskyi	51.4353	25.6926
31234	Копачівка 2	Khmelnytska	Volochyskyi	51.4353	25.6926
31235	Бубнівка	Khmelnytska	Volochyskyi	50.4298	26.4079
31235	Новоленськ	Khmelnytska	Volochyskyi	50.4298	26.4079
31240	Копачівка	Khmelnytska	Volochyskyi	50.8803	25.2262
31240	Лозова	Khmelnytska	Volochyskyi	49.514	26.2975
31242	Вигода	Khmelnytska	Volochyskyi	48.9333	23.9167
31242	Гарнишівка	Khmelnytska	Volochyskyi	49.1609	24.0094
31242	Іванівці	Khmelnytska	Volochyskyi	49.3885	24.1022
31243	Маначин	Khmelnytska	Volochyskyi	49.5396	26.3543
31244	Поляни	Khmelnytska	Volochyskyi	51.0537	26.6468
31245	Тарноруда	Khmelnytska	Volochyskyi	49.4144	26.2356
31246	Федірки	Khmelnytska	Volochyskyi	48.9332	32.8042
31246	Мирівка	Khmelnytska	Volochyskyi	47.7772	35.8813
31248	Ріпна	Khmelnytska	Volochyskyi	49.4107	26.3093
31248	Сербинів	Khmelnytska	Volochyskyi	49.4107	26.3093
31250	Писарівка	Khmelnytska	Volochyskyi	49.8354	27.3305
31251	Зелена	Khmelnytska	Volochyskyi	49.8839	26.7986
31252	Кривачинці	Khmelnytska	Volochyskyi	49.7198	26.8406
31253	Криштопівка	Khmelnytska	Volochyskyi	49.7198	26.8406
31254	Петриківці	Khmelnytska	Volochyskyi	49.7198	26.8406
31255	Порохня	Khmelnytska	Volochyskyi	49.7198	26.8406
31256	Війтівці	Khmelnytska	Volochyskyi	49.7198	26.8406
31257	Завалійки	Khmelnytska	Volochyskyi	49.7198	26.8406
31258	Сарнів	Khmelnytska	Volochyskyi	49.7198	26.8406
31259	Куровечка	Khmelnytska	Volochyskyi	49.4401	26.3927
31260	Наркевичі	Khmelnytska	Volochyskyi	49.5172	26.6418
31260	Ясне	Khmelnytska	Volochyskyi	49.5172	26.6418
31261	Юхимівці	Khmelnytska	Volochyskyi	49.5172	26.6418
31262	Трительники	Khmelnytska	Volochyskyi	49.5172	26.6418
31263	Баглаї	Khmelnytska	Volochyskyi	49.5172	26.6418
31264	Бокиївка	Khmelnytska	Volochyskyi	49.5172	26.6418
31264	Медведівка	Khmelnytska	Volochyskyi	49.5172	26.6418
31265	Дзеленці	Khmelnytska	Volochyskyi	49.5172	26.6418
31266	Павликівці	Khmelnytska	Volochyskyi	49.5172	26.6418
31267	Сергіївка	Khmelnytska	Volochyskyi	49.5172	26.6418
31269	Мочулинці	Khmelnytska	Volochyskyi	49.5172	26.6418
31270	Видава	Khmelnytska	Volochyskyi	49.4203	26.4893
31270	Качуринці	Khmelnytska	Volochyskyi	49.4203	26.4893
31270	Бронівка	Khmelnytska	Volochyskyi	49.4203	26.4893
31272	Соломна	Khmelnytska	Volochyskyi	49.3948	26.3523
31272	Раціборівка	Khmelnytska	Volochyskyi	49.3948	26.3523
31273	Гречана	Khmelnytska	Volochyskyi	49.3721	26.3403
31274	Зайчики	Khmelnytska	Volochyskyi	49.3957	26.3939
31292	Канівка	Khmelnytska	Volochyskyi	49.665	28.2398
31293	Петрівка	Khmelnytska	Volochyskyi	49.665	28.2398
31296	Постолівка	Khmelnytska	Volochyskyi	49.665	28.2398
31301	Ставчинці	Khmelnytska	Khmelnytskyi	50.183	32.7778
31301	Польові Гринівці	Khmelnytska	Khmelnytskyi	50.183	32.7778
31302	Шпиченці	Khmelnytska	Khmelnytskyi	50.183	32.7778
31303	Манилівка	Khmelnytska	Khmelnytskyi	50.1545	34.4018
31303	Миколаїв	Khmelnytska	Khmelnytskyi	50.1545	34.4018
31303	Малі Орлинці	Khmelnytska	Khmelnytskyi	50.1545	34.4018
31305	Люботин	Khmelnytska	Khmelnytskyi	49.9469	35.9291
31305	Черепівка	Khmelnytska	Khmelnytskyi	51.0475	33.9029
31306	Везденьки	Khmelnytska	Khmelnytskyi	49.5831	26.8774
31307	Захарівці	Khmelnytska	Khmelnytskyi	50.183	32.7778
31310	Чорний Острів	Khmelnytska	Khmelnytskyi	49.4667	24.2667
31311	Вовча Гора	Khmelnytska	Khmelnytskyi	49.5408	26.7202
31312	Калинівка	Khmelnytska	Khmelnytskyi	49.4539	28.5261
31312	Олешин	Khmelnytska	Khmelnytskyi	49.4654	26.932
31313	Мар'янівка	Khmelnytska	Khmelnytskyi	49.5408	26.7202
31314	Іванківці	Khmelnytska	Khmelnytskyi	49.5408	26.7202
31315	Осташки	Khmelnytska	Khmelnytskyi	49.5408	26.7202
31316	Черепова	Khmelnytska	Khmelnytskyi	49.5408	26.7202
31317	Грузевиця	Khmelnytska	Khmelnytskyi	49.5408	26.7202
31317	Засядьки	Khmelnytska	Khmelnytskyi	49.5408	26.7202
31318	Пашківці	Khmelnytska	Khmelnytskyi	49.7774	27.1563
31319	Клемашівка	Khmelnytska	Khmelnytskyi	49.5408	26.7202
31320	Печеськи	Khmelnytska	Khmelnytskyi	49.4989	27.2005
31321	Аркадіївці	Khmelnytska	Khmelnytskyi	49.4989	27.2005
31322	Шпиченці	Khmelnytska	Khmelnytskyi	49.4989	27.2005
31323	Стуфчинці	Khmelnytska	Khmelnytskyi	49.4989	27.2005
31323	Тиранівка	Khmelnytska	Khmelnytskyi	49.4989	27.2005
31324	Гнатівці	Khmelnytska	Khmelnytskyi	49.4989	27.2005
31325	Моломолинці	Khmelnytska	Khmelnytskyi	49.4989	27.2005
31326	Терешівці	Khmelnytska	Khmelnytskyi	49.4989	27.2005
31327	Антонівка	Khmelnytska	Khmelnytskyi	49.4537	27.7173
31328	Катеринівка	Khmelnytska	Khmelnytskyi	49.4989	27.2005
31329	Крачки	Khmelnytska	Khmelnytskyi	49.5442	26.6838
31330	Лапківці	Khmelnytska	Khmelnytskyi	49.7763	27.9917
31330	Рідкодуби	Khmelnytska	Khmelnytskyi	49.7763	27.9917
31331	Малиничі	Khmelnytska	Khmelnytskyi	49.382	26.8425
31332	Бережанка	Khmelnytska	Khmelnytskyi	49.4671	26.7729
31332	Педоси	Khmelnytska	Khmelnytskyi	49.4671	26.7729
31333	Чабани	Khmelnytska	Khmelnytskyi	50.3407	30.4236
31333	Хоминці	Khmelnytska	Khmelnytskyi	50.6403	33.2271
31333	Данюки	Khmelnytska	Khmelnytskyi	50.4905	31.8253
31334	Водички	Khmelnytska	Khmelnytskyi	49.4213	26.7536
31334	Климківці	Khmelnytska	Khmelnytskyi	49.4213	26.7536
31335	Малашівці	Khmelnytska	Khmelnytskyi	49.6736	25.4926
31336	Шаровечка	Khmelnytska	Khmelnytskyi	49.4146	26.9111
31337	Мацьківці	Khmelnytska	Khmelnytskyi	49.7763	27.9917
31337	Ляпинці	Khmelnytska	Khmelnytskyi	49.7763	27.9917
31338	Мартинівка	Khmelnytska	Khmelnytskyi	49.8706	27.5099
31340	Скаржинці	Khmelnytska	Khmelnytskyi	49.7066	27.9419
31340	Лісові Гринівці	Khmelnytska	Khmelnytskyi	49.7066	27.9419
31341	Давидківці	Khmelnytska	Khmelnytskyi	50.1632	30.1494
31342	Пархомівці	Khmelnytska	Khmelnytskyi	50.1632	30.1494
31343	Пирогівці	Khmelnytska	Khmelnytskyi	50.6198	32.3569
31344	Бахматівці	Khmelnytska	Khmelnytskyi	50.1632	30.1494
31344	Богданівці	Khmelnytska	Khmelnytskyi	50.1632	30.1494
31345	Копистин	Khmelnytska	Khmelnytskyi	50.1632	30.1494
31345	Мала Колибань	Khmelnytska	Khmelnytskyi	50.1632	30.1494
31345	Івашківці	Khmelnytska	Khmelnytskyi	50.1632	30.1494
31345	Богданівці	Khmelnytska	Khmelnytskyi	50.1632	30.1494
31347	Колибань	Khmelnytska	Khmelnytskyi	50.1632	30.1494
31348	Масівці	Khmelnytska	Khmelnytskyi	50.1632	30.1494
31350	Олешківці	Khmelnytska	Khmelnytskyi	49.3076	26.68
31350	Жучківці	Khmelnytska	Khmelnytskyi	49.3076	26.68
31351	Гелетинці	Khmelnytska	Khmelnytskyi	49.3076	26.68
31352	Нафтулівка	Khmelnytska	Khmelnytskyi	49.3076	26.68
31352	Гвардійське	Khmelnytska	Khmelnytskyi	49.3076	26.68
31353	Доброгорща	Khmelnytska	Khmelnytskyi	49.3076	26.68
31354	Немичинці	Khmelnytska	Khmelnytskyi	49.3076	26.68
31355	Андрійківці	Khmelnytska	Khmelnytskyi	49.3076	26.68
31355	Вищі Вовківці	Khmelnytska	Khmelnytskyi	49.3076	26.68
31356	Райківці	Khmelnytska	Khmelnytskyi	49.3076	26.68
31359	Ходаківці	Khmelnytska	Khmelnytskyi	49.3076	26.68
31361	Рижулинці	Khmelnytska	Khmelnytskyi	49.5495	27.332
31361	Кудринці	Khmelnytska	Khmelnytskyi	49.5495	27.332
31362	Розсоша	Khmelnytska	Khmelnytskyi	49.3405	26.8867
31362	Нижні Вовківці	Khmelnytska	Khmelnytskyi	49.3405	26.8867
31362	Скібнево	Khmelnytska	Khmelnytskyi	49.3405	26.8867
31362	Корчунок	Khmelnytska	Khmelnytskyi	49.3405	26.8867
31363	Ружичанка	Khmelnytska	Khmelnytskyi	49.3466	26.9905
31363	Карпівці	Khmelnytska	Khmelnytskyi	49.9616	28.1188
31363	Шумівці	Khmelnytska	Khmelnytskyi	49.6541	27.5547
31366	Редвенці	Khmelnytska	Khmelnytskyi	49.5495	27.332
31371	Волиця (Малашівці)	Khmelnytska	Khmelnytskyi	49.7661	28.5542
31373	Червона Зірка	Khmelnytska	Khmelnytskyi	49.7661	28.5542
31400	Стара Синява	Khmelnytska	Starosyniavskyi	49.2341	32.3917
31408	Іванківці	Khmelnytska	Starosyniavskyi	48.9112	32.7154
31408	Петрівське	Khmelnytska	Starosyniavskyi	49.177	36.9
31408	Дашківці	Khmelnytska	Starosyniavskyi	49.0441	34.8077
31409	Уласово-Русанівка	Khmelnytska	Starosyniavskyi	49.6142	27.5596
31410	Пишки	Khmelnytska	Starosyniavskyi	49.7761	27.675
31410	Ожарівка	Khmelnytska	Starosyniavskyi	49.7833	27.7
31411	Мшанець	Khmelnytska	Starosyniavskyi	49.7207	27.6501
31412	Харківці	Khmelnytska	Starosyniavskyi	49.7297	27.6146
31413	Цимбалівка	Khmelnytska	Starosyniavskyi	49.7161	27.7169
31413	Яблунівка	Khmelnytska	Starosyniavskyi	49.7173	27.7792
31414	Пасічна	Khmelnytska	Starosyniavskyi	49.6985	27.5797
31414	Рідкодуб	Khmelnytska	Starosyniavskyi	49.7068	27.5285
31415	Гречана	Khmelnytska	Starosyniavskyi	49.6927	27.6006
31416	Перекора	Khmelnytska	Starosyniavskyi	49.6917	27.6961
31416	Адампіль	Khmelnytska	Starosyniavskyi	49.6679	27.6565
31416	Липки	Khmelnytska	Starosyniavskyi	49.7	27.65
31417	Заставці	Khmelnytska	Starosyniavskyi	49.7207	27.6501
31418	Йосипівка	Khmelnytska	Starosyniavskyi	49.7686	27.6037
31419	Теліжинці	Khmelnytska	Starosyniavskyi	49.7207	27.6501
31420	Карпівці	Khmelnytska	Starosyniavskyi	49.9616	28.1188
31420	Миколаївка	Khmelnytska	Starosyniavskyi	49.9616	28.1188
31420	Пилявка	Khmelnytska	Starosyniavskyi	49.9616	28.1188
31421	Пилява	Khmelnytska	Starosyniavskyi	51.0335	30.311
31421	Олексіївка	Khmelnytska	Starosyniavskyi	48.9579	28.0637
31421	Вишневе	Khmelnytska	Starosyniavskyi	49.9957	29.1874
31421	Олександрівка	Khmelnytska	Starosyniavskyi	49.9957	29.1874
31423	Бабине	Khmelnytska	Starosyniavskyi	50.1833	24.6833
31424	Івки	Khmelnytska	Starosyniavskyi	49.6505	27.5703
31430	Паплинці	Khmelnytska	Starosyniavskyi	50.2768	27.573
31431	Залісся	Khmelnytska	Starosyniavskyi	50.229	27.4848
31432	Подоляни	Khmelnytska	Starosyniavskyi	50.643	26.583
31433	Нова Синявка	Khmelnytska	Starosyniavskyi	50.2768	27.573
31439	Дубова	Khmelnytska	Starosyniavskyi	49.9584	28.6511
31440	Лисанівці	Khmelnytska	Starosyniavskyi	49.6399	27.5645
31441	Паньківці	Khmelnytska	Starosyniavskyi	49.6399	27.5645
31442	Сьомаки	Khmelnytska	Starosyniavskyi	49.6399	27.5645
31443	Ілятка	Khmelnytska	Starosyniavskyi	49.6399	27.5645
31444	Красносілка	Khmelnytska	Starosyniavskyi	49.7678	27.3022
31445	Чехи	Khmelnytska	Starosyniavskyi	49.5484	27.6579
31446	Мисюрівка	Khmelnytska	Starosyniavskyi	49.6399	27.5645
31447	Травневе	Khmelnytska	Starosyniavskyi	49.6833	27.5667
31448	Гончариха	Khmelnytska	Starosyniavskyi	49.6753	27.7417
31449	Буглаї	Khmelnytska	Starosyniavskyi	49.5244	27.5543
31450	Щербані	Khmelnytska	Starosyniavskyi	49.756	28.1523
31500	Летичів	Khmelnytska	Letychivskyi	49.3826	27.6305
31500	Свічна	Khmelnytska	Letychivskyi	49.5142	27.7265
31500	Вишневе	Khmelnytska	Letychivskyi	50.3891	30.3705
31500	Подільське	Khmelnytska	Letychivskyi	49.7445	31.9706
31500	Рудня (Руднянська сільська рада)	Khmelnytska	Letychivskyi	49.7576	29.4245
31510	Волосівці	Khmelnytska	Letychivskyi	50.5152	32.2521
31511	Митківці	Khmelnytska	Letychivskyi	50.5152	32.2521
31512	Ярославка	Khmelnytska	Letychivskyi	50.6739	31.2944
31513	Шрубків	Khmelnytska	Letychivskyi	50.5152	32.2521
31514	Западинці	Khmelnytska	Letychivskyi	50.3565	33.2097
31515	Михунки	Khmelnytska	Letychivskyi	50.5152	32.2521
31515	Гречинці	Khmelnytska	Letychivskyi	50.5152	32.2521
31518	Івоненці	Khmelnytska	Letychivskyi	50.5152	32.2521
31520	Кудинка	Khmelnytska	Letychivskyi	49.4828	27.7138
31520	Рожни	Khmelnytska	Letychivskyi	50.6669	30.735
31520	Юрченки	Khmelnytska	Letychivskyi	50.0749	29.2244
31520	Чапля	Khmelnytska	Letychivskyi	50.0749	29.2244
31522	Попівці	Khmelnytska	Letychivskyi	49.5333	29.3667
31522	Суслівці	Khmelnytska	Letychivskyi	49.4378	27.6491
31522	Копитинці	Khmelnytska	Letychivskyi	49.4856	28.5079
31523	Антонівка	Khmelnytska	Letychivskyi	49.4537	27.7173
31523	Новокостянтинів	Khmelnytska	Letychivskyi	49.4537	27.7173
31524	Ялинівка	Khmelnytska	Letychivskyi	50.3943	28.3602
31525	Вербка	Khmelnytska	Letychivskyi	49.3876	27.7471
31530	Меджибіж	Khmelnytska	Letychivskyi	49.8449	27.6761
31531	Ставниця	Khmelnytska	Letychivskyi	49.8449	27.6761
31532	Требухівці	Khmelnytska	Letychivskyi	49.8449	27.6761
31533	Головчинці	Khmelnytska	Letychivskyi	49.8449	27.6761
31534	Лисогірка	Khmelnytska	Letychivskyi	49.7667	27.9
31535	Русанівці	Khmelnytska	Letychivskyi	49.8449	27.6761
31535	Голосків	Khmelnytska	Letychivskyi	49.8449	27.6761
31538	Лісо-Березівка	Khmelnytska	Letychivskyi	49.8449	27.6761
31539	Москалівка	Khmelnytska	Letychivskyi	49.9232	27.4523
31540	Марківці	Khmelnytska	Letychivskyi	49.9429	26.9368
31540	Горбасів	Khmelnytska	Letychivskyi	49.9429	26.9368
31542	Ревуха	Khmelnytska	Letychivskyi	50.0738	26.8399
31542	Терлівка	Khmelnytska	Letychivskyi	50.0738	26.8399
31543	Малаківщина	Khmelnytska	Letychivskyi	49.7726	27.1465
31543	Рос буда	Khmelnytska	Letychivskyi	49.7726	27.1465
31543	Снітівка	Khmelnytska	Letychivskyi	49.7726	27.1465
31544	Грушківці	Khmelnytska	Letychivskyi	49.7726	27.1465
31545	Бохни	Khmelnytska	Letychivskyi	49.7726	27.1465
31546	Анютино	Khmelnytska	Letychivskyi	49.7726	27.1465
31546	Козачки	Khmelnytska	Letychivskyi	49.7726	27.1465
31547	Варенка	Khmelnytska	Letychivskyi	49.301	27.6627
31548	Новомиколаївка	Khmelnytska	Letychivskyi	49.7726	27.1465
31549	Росохувата	Khmelnytska	Letychivskyi	49.7726	27.1465
31551	Білецьке	Khmelnytska	Letychivskyi	50.2609	29.2898
31552	Сахни	Khmelnytska	Letychivskyi	49.6065	29.1265
31553	Майдан-Голенищівський	Khmelnytska	Letychivskyi	50.2609	29.2898
31553	Голенищеве	Khmelnytska	Letychivskyi	50.2609	29.2898
31554	Нова Гута	Khmelnytska	Letychivskyi	50.9152	29.453
31554	Буцні	Khmelnytska	Letychivskyi	50.9152	29.453
31560	Майдан-Вербецький	Khmelnytska	Letychivskyi	49.3784	27.8338
31561	Лозни	Khmelnytska	Letychivskyi	49.3784	27.8338
31562	Майдан-Сахнівський	Khmelnytska	Letychivskyi	49.3784	27.8338
31564	Майдан	Khmelnytska	Letychivskyi	50.305	27.3855
31565	Прилужне	Khmelnytska	Letychivskyi	48.4519	28.2822
31600	Діброва	Khmelnytska	Chemerovetskyi	48.9806	26.528
31600	Нова Гута	Khmelnytska	Chemerovetskyi	48.9611	26.5262
31600	Долинівка	Khmelnytska	Chemerovetskyi	48.897	23.2225
31600	Гайове	Khmelnytska	Chemerovetskyi	48.9462	25.4256
31601	Чемерівці (Чемеровецька селищна)	Khmelnytska	Chemerovetskyi	48.9462	25.4256
31602	Слобідка-Смотрицька (Слобідко-Смотрицька сільська рада)	Khmelnytska	Chemerovetskyi	48.9462	25.4256
31608	Ямпільчик (Ямпільчицька сільська рада)	Khmelnytska	Chemerovetskyi	48.9462	25.4256
31609	Юрківці (Юрковецька сільська рада)	Khmelnytska	Chemerovetskyi	48.9462	25.4256
31610	Лисогірка	Khmelnytska	Chemerovetskyi	49.7667	27.9
31610	Вівся (Вівсяньська сільська рада)	Khmelnytska	Chemerovetskyi	49.7667	27.9
31611	Романівка	Khmelnytska	Chemerovetskyi	49.8947	28.4816
31611	Голенищеве (Голенищівська сільська рада)	Khmelnytska	Chemerovetskyi	49.8947	28.4816
31612	Кутківці (Кутковецька сільська рада)	Khmelnytska	Chemerovetskyi	49.5995	27.6608
31613	Дубівка (Кутковецька сільська рада)	Khmelnytska	Chemerovetskyi	49.5995	27.6608
31614	Закупне (Закупненська сільська рада)	Khmelnytska	Chemerovetskyi	49.5995	27.6608
31615	Рудка	Khmelnytska	Chemerovetskyi	48.9679	26.6577
31615	Вільхівці (Вільховецька сільська рада)	Khmelnytska	Chemerovetskyi	48.9679	26.6577
31616	Кузьминчик (Вільховецька сільська рада)	Khmelnytska	Chemerovetskyi	49.5995	27.6608
31617	Йосипівка	Khmelnytska	Chemerovetskyi	49.7686	27.6037
31617	Гусятин (Гусятинська сільська рада)	Khmelnytska	Chemerovetskyi	49.7686	27.6037
31618	Івахнівці (Івахновецька сільська рада)	Khmelnytska	Chemerovetskyi	49.5995	27.6608
31620	Свіршківці (Свіршковецька сільська рада)	Khmelnytska	Chemerovetskyi	49.6896	26.9424
31621	Залісся	Khmelnytska	Chemerovetskyi	49.9122	27.112
31621	Демківці (Свіршковецька сільська рада)	Khmelnytska	Chemerovetskyi	49.9122	27.112
31622	Вишнівчик (Вишнівчицька сільська рада)	Khmelnytska	Chemerovetskyi	49.6896	26.9424
31623	Завадівка (Вишнівчицька сілььска рада)	Khmelnytska	Chemerovetskyi	49.6896	26.9424
31624	Слобідка-Скипчанська (Вишнівчицька сільська рада)	Khmelnytska	Chemerovetskyi	49.6896	26.9424
31626	Бережанка	Khmelnytska	Chemerovetskyi	49.4671	26.7729
31627	Теремківці	Khmelnytska	Chemerovetskyi	49.6896	26.9424
31630	Шидлівці (Шидловецька сільська рада)	Khmelnytska	Chemerovetskyi	50.0343	28.3506
31631	Мала Зелена	Khmelnytska	Chemerovetskyi	50.0343	28.3506
31632	Кугаївці (Кугаєвецька сільська рада)	Khmelnytska	Chemerovetskyi	50.0343	28.3506
31633	Андріївка (Андріївська)	Khmelnytska	Chemerovetskyi	50.0343	28.3506
31634	Ленінське	Khmelnytska	Chemerovetskyi	49.8944	27.442
31635	Сокиринці (Сокиринецька сільська рада)	Khmelnytska	Chemerovetskyi	48.9107	26.198
31635	Збриж	Khmelnytska	Chemerovetskyi	48.9107	26.198
31637	Боднарівка (Гусятинська сільська рада)	Khmelnytska	Chemerovetskyi	50.0343	28.3506
31637	Криків	Khmelnytska	Chemerovetskyi	50.0343	28.3506
31638	Велика Зелена	Khmelnytska	Chemerovetskyi	50.0343	28.3506
31639	Вікторівка	Khmelnytska	Chemerovetskyi	51.2977	31.4118
31640	Слобідка-Смотрицька (Слобідко-Смотрицька сільська рада)	Khmelnytska	Chemerovetskyi	49.4537	27.7173
31641	Хропотова (Хропотівська сільська рада)	Khmelnytska	Chemerovetskyi	49.4537	27.7173
31642	Антонівка	Khmelnytska	Chemerovetskyi	49.4537	27.7173
31642	Чорна (Чорнянська сільська рада)	Khmelnytska	Chemerovetskyi	49.4537	27.7173
31643	Біла (Білянська сільська рада)	Khmelnytska	Chemerovetskyi	49.4537	27.7173
31644	Степанівка (Степанівська сільська рада)	Khmelnytska	Chemerovetskyi	49.4537	27.7173
31645	Карачківці	Khmelnytska	Chemerovetskyi	49.4537	27.7173
31645	Цикова (Циківська сільська рада)	Khmelnytska	Chemerovetskyi	49.4537	27.7173
31646	Залуччя (Залучанська сільська рада)	Khmelnytska	Chemerovetskyi	49.4537	27.7173
31647	Черче (Залучанська сільська рада)	Khmelnytska	Chemerovetskyi	49.4537	27.7173
31650	Жабинці (Жабинецька сільська рада)	Khmelnytska	Chemerovetskyi	49.4709	26.4471
31651	Вигода	Khmelnytska	Chemerovetskyi	48.9333	23.9167
31651	Нове життя	Khmelnytska	Chemerovetskyi	48.3761	28.1736
31651	Михайлівка	Khmelnytska	Chemerovetskyi	50.4746	27.1632
31651	Чагарівка	Khmelnytska	Chemerovetskyi	49.2613	26.4178
31651	Летава (Летавська сільська рада)	Khmelnytska	Chemerovetskyi	49.2613	26.4178
31652	Зарічанка (Зарічанська сільська рада)	Khmelnytska	Chemerovetskyi	49.4709	26.4471
31653	Драганівка (Зарічанська сільська рада)	Khmelnytska	Chemerovetskyi	49.4709	26.4471
31654	Садове	Khmelnytska	Chemerovetskyi	50.7094	26.6435
31654	Почапинці (Почапинецька сільська рада)	Khmelnytska	Chemerovetskyi	50.7094	26.6435
31655	Ружа	Khmelnytska	Chemerovetskyi	48.8612	26.3388
31655	Кормильча (Кормильчанська сілььска рада)	Khmelnytska	Chemerovetskyi	48.8612	26.3388
31660	Бурти	Khmelnytska	Chemerovetskyi	49.5293	26.9894
31660	Гуків (Гуківська сільська рада)	Khmelnytska	Chemerovetskyi	49.5293	26.9894
31661	Мар'янівка (Гуківська сільська рада)	Khmelnytska	Chemerovetskyi	49.5293	26.9894
31662	П'ятничани (П’ятничанська сільська рада)	Khmelnytska	Chemerovetskyi	49.5293	26.9894
31663	Мала Бережанка	Khmelnytska	Chemerovetskyi	49.5293	26.9894
31663	Пукляки (Пуклякська сільська рада)	Khmelnytska	Chemerovetskyi	49.5293	26.9894
31664	Жердя (Жердянська сільська рада)	Khmelnytska	Chemerovetskyi	49.5293	26.9894
31665	Кочубіїв (Кочубіївська сільська рада)	Khmelnytska	Chemerovetskyi	49.5293	26.9894
31666	Красноставці (Красноставська сільська рада)	Khmelnytska	Chemerovetskyi	49.5293	26.9894
32000	Городок	Khmelnytska	Horodotskyi	49.1637	26.5839
32002	Городок	Khmelnytska	Horodotskyi	49.1637	26.5839
32008	Чорниводи	Khmelnytska	Horodotskyi	49.1637	26.5839
32008	Папірна	Khmelnytska	Horodotskyi	49.1637	26.5839
32009	Мудриголови	Khmelnytska	Horodotskyi	49.1637	26.5839
32010	Дахнівка	Khmelnytska	Horodotskyi	49.4833	31.9667
32010	Немиринці	Khmelnytska	Horodotskyi	49.6223	29.0589
32011	Бубнівка	Khmelnytska	Horodotskyi	50.4298	26.4079
32011	Липівка	Khmelnytska	Horodotskyi	50.2355	27.5556
32011	Калинівка (Бубнівська)	Khmelnytska	Horodotskyi	50.3326	26.9817
32012	Хоптинці	Khmelnytska	Horodotskyi	50.1575	27.6951
32013	Вигнанка	Khmelnytska	Horodotskyi	51.2929	24.2766
32013	Андріївка (куманівська)	Khmelnytska	Horodotskyi	51.2929	24.2766
32013	Куманів	Khmelnytska	Horodotskyi	51.2929	24.2766
32013	Ліпибоки	Khmelnytska	Horodotskyi	51.2929	24.2766
32014	Тарасівка	Khmelnytska	Horodotskyi	49.8811	26.9052
32014	Курівка	Khmelnytska	Horodotskyi	49.8811	26.9052
32014	Жаглівка	Khmelnytska	Horodotskyi	49.8811	26.9052
32014	Мартинківці	Khmelnytska	Horodotskyi	49.8811	26.9052
32015	Журавлинці (Хоптинецька)	Khmelnytska	Horodotskyi	50.1575	27.6951
32015	Веселець	Khmelnytska	Horodotskyi	50.1575	27.6951
32020	Варівці	Khmelnytska	Horodotskyi	49.5707	28.1011
32021	Хмелівка	Khmelnytska	Horodotskyi	50.2609	27.3701
32022	Остапківці	Khmelnytska	Horodotskyi	48.8805	28.832
32022	Калитинці	Khmelnytska	Horodotskyi	48.8805	28.832
32026	Підлісний Олексинець	Khmelnytska	Horodotskyi	49.5707	28.1011
32027	Кузьмин	Khmelnytska	Horodotskyi	49.5707	28.1011
32027	Кузьминська Слобідка	Khmelnytska	Horodotskyi	49.5707	28.1011
32027	Шишківці	Khmelnytska	Horodotskyi	49.5707	28.1011
32030	Юринці	Khmelnytska	Horodotskyi	48.8728	31.3007
32031	Покрівка	Khmelnytska	Horodotskyi	48.8728	31.3007
32032	Зверхівці	Khmelnytska	Horodotskyi	48.8728	31.3007
32032	Кринцілів	Khmelnytska	Horodotskyi	48.8728	31.3007
32033	Сатанів	Khmelnytska	Horodotskyi	49.2543	26.269
32033	Сатанівка	Khmelnytska	Horodotskyi	49.2543	26.269
32034	Сатанів	Khmelnytska	Horodotskyi	49.2543	26.269
32035	Кам'янка	Khmelnytska	Horodotskyi	48.8728	31.3007
32036	Спасівка	Khmelnytska	Horodotskyi	47.9286	35.4455
32037	Іванківці	Khmelnytska	Horodotskyi	48.9112	32.7154
32038	Олександрівка	Khmelnytska	Horodotskyi	49.0158	35.8045
32040	Радковиця	Khmelnytska	Horodotskyi	49.8152	25.5289
32041	Борщівка	Khmelnytska	Horodotskyi	51.0498	25.1883
32042	Турчинці	Khmelnytska	Horodotskyi	49.8152	25.5289
32043	Бедриківці	Khmelnytska	Horodotskyi	49.8152	25.5289
32044	Новосілка	Khmelnytska	Horodotskyi	49.2276	26.5217
32045	Старе Поріччя	Khmelnytska	Horodotskyi	49.7833	23.9167
32045	Басівка	Khmelnytska	Horodotskyi	49.7833	23.9167
32045	Нове Поріччя	Khmelnytska	Horodotskyi	49.7833	23.9167
32046	Лісоводи	Khmelnytska	Horodotskyi	49.8152	25.5289
32047	Кремінна	Khmelnytska	Horodotskyi	49.2002	26.4887
32048	Клинове	Khmelnytska	Horodotskyi	49.8152	25.5289
32050	Пільний Олексинець	Khmelnytska	Horodotskyi	50.0417	28.475
32051	Жищинці	Khmelnytska	Horodotskyi	50.0417	28.475
32052	Балакири	Khmelnytska	Horodotskyi	50.0417	28.475
32053	Лісогірка	Khmelnytska	Horodotskyi	49.7667	27.9
32054	Велика Яромирка	Khmelnytska	Horodotskyi	50.3167	29.05
32054	Золотарка	Khmelnytska	Horodotskyi	50.3167	29.05
32056	Завадинці	Khmelnytska	Horodotskyi	50.0417	28.475
32060	Купин	Khmelnytska	Horodotskyi	49.0981	26.5812
32061	Ульянівка	Khmelnytska	Horodotskyi	49.0981	26.5812
32061	Велика Левада	Khmelnytska	Horodotskyi	49.0981	26.5812
32064	Скипче	Khmelnytska	Horodotskyi	49.0981	26.5812
32065	Сирватинці	Khmelnytska	Horodotskyi	49.0981	26.5812
32066	Великий Карабчіїв	Khmelnytska	Horodotskyi	49.0981	26.5812
32067	Грицьків	Khmelnytska	Horodotskyi	49.0981	26.5812
32100	Ярмолинці	Khmelnytska	Yarmolynetskyi	49.6864	27.2858
32101	Ярмолинці	Khmelnytska	Yarmolynetskyi	49.6864	27.2858
32106	Шевченкове	Khmelnytska	Yarmolynetskyi	49.6864	27.2858
32107	Андріївка	Khmelnytska	Yarmolynetskyi	49.6864	27.2858
32108	Верхівці	Khmelnytska	Yarmolynetskyi	49.6864	27.2858
32110	Москалівка	Khmelnytska	Yarmolynetskyi	49.9232	27.4523
32112	Слобідка Кадиївська	Khmelnytska	Yarmolynetskyi	49.9232	27.4523
32112	Волудринці	Khmelnytska	Yarmolynetskyi	49.9232	27.4523
32112	Кадиївка	Khmelnytska	Yarmolynetskyi	49.9232	27.4523
32114	Буйволівці	Khmelnytska	Yarmolynetskyi	49.9232	27.4523
32115	Голохвасти	Khmelnytska	Yarmolynetskyi	49.9232	27.4523
32115	Антонівці	Khmelnytska	Yarmolynetskyi	49.9232	27.4523
32119	Коритна	Khmelnytska	Yarmolynetskyi	49.9232	27.4523
32120	Скаржинці	Khmelnytska	Yarmolynetskyi	49.7066	27.9419
32121	Перегінка	Khmelnytska	Yarmolynetskyi	48.8768	27.8924
32122	Баламутівка	Khmelnytska	Yarmolynetskyi	48.8768	27.8924
32123	Слобідка	Khmelnytska	Yarmolynetskyi	47.8869	29.3461
32123	Виноградівка	Khmelnytska	Yarmolynetskyi	45.6812	28.5714
32124	Лугове	Khmelnytska	Yarmolynetskyi	48.8768	27.8924
32125	Монастирок	Khmelnytska	Yarmolynetskyi	50.1718	28.0383
32125	Михалківці	Khmelnytska	Yarmolynetskyi	50.491	26.5643
32126	Іванківці	Khmelnytska	Yarmolynetskyi	48.8768	27.8924
32127	Лехнівка	Khmelnytska	Yarmolynetskyi	49.3232	26.8925
32130	Правдівка	Khmelnytska	Yarmolynetskyi	49.5161	27.7017
32131	Жилинці	Khmelnytska	Yarmolynetskyi	50.1045	26.9873
32131	Левківці	Khmelnytska	Yarmolynetskyi	48.7453	28.5382
32132	Шарівка	Khmelnytska	Yarmolynetskyi	49.5161	27.7017
32133	Пасічна	Khmelnytska	Yarmolynetskyi	49.6985	27.5797
32134	Сутківці	Khmelnytska	Yarmolynetskyi	49.5161	27.7017
32136	Боднарівка	Khmelnytska	Yarmolynetskyi	49.5161	27.7017
32137	Васильківці	Khmelnytska	Yarmolynetskyi	49.5161	27.7017
32138	Вихилівка	Khmelnytska	Yarmolynetskyi	49.5161	27.7017
32139	Магнишівка	Khmelnytska	Yarmolynetskyi	49.5161	27.7017
32140	Михайлівка	Khmelnytska	Yarmolynetskyi	50.4746	27.1632
32141	Вербка	Khmelnytska	Yarmolynetskyi	49.3876	27.7471
32142	Лебедівка	Khmelnytska	Yarmolynetskyi	50.0793	27.4888
32142	Борбухи	Khmelnytska	Yarmolynetskyi	50.0793	27.4888
32142	Вербка-Мурована	Khmelnytska	Yarmolynetskyi	50.0793	27.4888
32143	Баранівка	Khmelnytska	Yarmolynetskyi	50.8745	29.2201
32143	Круті Броди	Khmelnytska	Yarmolynetskyi	50.8745	29.2201
32144	Лисівка	Khmelnytska	Yarmolynetskyi	50.0225	29.0582
32145	Видошня	Khmelnytska	Yarmolynetskyi	50.0793	27.4888
32146	Іванівка	Khmelnytska	Yarmolynetskyi	50.3829	26.9237
32147	Королівка	Khmelnytska	Yarmolynetskyi	50.2797	25.0928
32148	Лука	Khmelnytska	Yarmolynetskyi	49.1333	27.2167
32149	Микитинці	Khmelnytska	Yarmolynetskyi	50.0793	27.4888
32150	Ясенівка	Khmelnytska	Yarmolynetskyi	50.9929	24.9461
32152	Нове Село	Khmelnytska	Yarmolynetskyi	49.927	26.8424
32153	Соколівка	Khmelnytska	Yarmolynetskyi	49.5702	24.2901
32154	Соснівка	Khmelnytska	Yarmolynetskyi	50.4413	26.9705
32155	Косогірка	Khmelnytska	Yarmolynetskyi	50.2329	25.7623
32156	Савинці	Khmelnytska	Yarmolynetskyi	50.2329	25.7623
32160	Глушковецьке	Khmelnytska	Yarmolynetskyi	49.6864	27.2858
32160	Слобідка Глушковецька	Khmelnytska	Yarmolynetskyi	49.6864	27.2858
32160	Глушківці	Khmelnytska	Yarmolynetskyi	49.6864	27.2858
32162	Солобківці	Khmelnytska	Yarmolynetskyi	49.6864	27.2858
32163	Стріхівці	Khmelnytska	Yarmolynetskyi	49.6864	27.2858
32164	Проскурівка	Khmelnytska	Yarmolynetskyi	49.6864	27.2858
32165	Майдан Морозівський	Khmelnytska	Yarmolynetskyi	49.6864	27.2858
32165	Корначівка	Khmelnytska	Yarmolynetskyi	49.6864	27.2858
32170	Тарасівка	Khmelnytska	Yarmolynetskyi	49.8811	26.9052
32200	Деражня	Khmelnytska	Derazhnianskyi	49.2692	27.4338
32200	Згар	Khmelnytska	Derazhnianskyi	49.6549	32.096
32200	Слобідка	Khmelnytska	Derazhnianskyi	47.8869	29.3461
32200	Чернелівці	Khmelnytska	Derazhnianskyi	48.937	29.6253
32200	Черешенька	Khmelnytska	Derazhnianskyi	48.937	29.6253
32206	Нижнє	Khmelnytska	Derazhnianskyi	49.1546	28.8085
32207	Яблунівка	Khmelnytska	Derazhnianskyi	49.7173	27.7792
32208	Буцневе	Khmelnytska	Derazhnianskyi	49.1546	28.8085
32209	Шарки	Khmelnytska	Derazhnianskyi	49.2446	27.3874
32210	Копачівка	Khmelnytska	Derazhnianskyi	50.8803	25.2262
32211	Березове	Khmelnytska	Derazhnianskyi	49.9546	27.2705
32211	Богданівці	Khmelnytska	Derazhnianskyi	49.9546	27.2705
32212	Шпичинці	Khmelnytska	Derazhnianskyi	49.8535	29.2034
32212	Теперівка	Khmelnytska	Derazhnianskyi	49.8535	29.2034
32212	Розсохи	Khmelnytska	Derazhnianskyi	49.8535	29.2034
32215	Гатна	Khmelnytska	Derazhnianskyi	49.3167	27.35
32216	Лозове	Khmelnytska	Derazhnianskyi	49.9546	27.2705
32217	Коржівці	Khmelnytska	Derazhnianskyi	49.9546	27.2705
32218	Красносілка	Khmelnytska	Derazhnianskyi	49.7678	27.3022
32220	Осикове	Khmelnytska	Derazhnianskyi	49.9678	28.6154
32220	Кальна	Khmelnytska	Derazhnianskyi	48.9653	23.8164
32220	Слобідка	Khmelnytska	Derazhnianskyi	48.8617	26.6508
32220	Сіноводи	Khmelnytska	Derazhnianskyi	49.2649	26.3609
32221	Городище	Khmelnytska	Derazhnianskyi	50.1208	27.0649
32222	Старий Майдан	Khmelnytska	Derazhnianskyi	50.403	28.0354
32222	Згарок	Khmelnytska	Derazhnianskyi	49.2372	27.616
32222	Подолянське	Khmelnytska	Derazhnianskyi	49.8201	27.8257
32223	Кайтанівка	Khmelnytska	Derazhnianskyi	50.4891	29.0107
32223	Садове	Khmelnytska	Derazhnianskyi	50.7094	26.6435
32223	Вовковинці	Khmelnytska	Derazhnianskyi	50.5992	27.8271
32225	Коричинці	Khmelnytska	Derazhnianskyi	49.8443	27.1816
32226	Галузинці	Khmelnytska	Derazhnianskyi	49.8443	27.1816
32228	Марківка	Khmelnytska	Derazhnianskyi	49.8443	27.1816
32230	Стара Гута	Khmelnytska	Derazhnianskyi	52.3075	33.7978
32230	Степнівка	Khmelnytska	Derazhnianskyi	52.3075	33.7978
32230	Майдан-Чернелівецький	Khmelnytska	Derazhnianskyi	52.3075	33.7978
32231	Макарове	Khmelnytska	Derazhnianskyi	50.2946	36.1439
32232	Клопотівці	Khmelnytska	Derazhnianskyi	50.315	31.6555
32233	Вівсяники	Khmelnytska	Derazhnianskyi	49.4707	28.9263
32235	Стреків	Khmelnytska	Derazhnianskyi	50.315	31.6555
32235	Радівці	Khmelnytska	Derazhnianskyi	50.315	31.6555
32236	Гришки	Khmelnytska	Derazhnianskyi	49.1873	27.7539
32239	Новий Майдан	Khmelnytska	Derazhnianskyi	50.315	31.6555
32240	Новосілка	Khmelnytska	Derazhnianskyi	49.2276	26.5217
32240	Літки	Khmelnytska	Derazhnianskyi	49.265	27.3529
32240	Підлісне	Khmelnytska	Derazhnianskyi	48.7831	32.2539
32243	Яськівці	Khmelnytska	Derazhnianskyi	49.0354	30.4602
32244	Маниківці	Khmelnytska	Derazhnianskyi	49.0354	30.4602
32245	Загінці	Khmelnytska	Derazhnianskyi	49.0354	30.4602
32246	Новостроївка	Khmelnytska	Derazhnianskyi	48.8659	35.7125
32250	Зяньківці	Khmelnytska	Derazhnianskyi	49.4057	29.8376
32250	Бомкове	Khmelnytska	Derazhnianskyi	49.4057	29.8376
32251	Гута	Khmelnytska	Derazhnianskyi	50.2	27.55
32251	Волоське	Khmelnytska	Derazhnianskyi	48.3073	35.1378
32252	Пилипи	Khmelnytska	Derazhnianskyi	49.7097	26.8251
32253	Шиїнці	Khmelnytska	Derazhnianskyi	49.4057	29.8376
32260	Явтухи	Khmelnytska	Derazhnianskyi	49.5342	27.8713
32261	Адамівка	Khmelnytska	Derazhnianskyi	49.5342	27.8713
32261	Слобідка-Шелехівська	Khmelnytska	Derazhnianskyi	49.5342	27.8713
32262	Божиківці	Khmelnytska	Derazhnianskyi	49.5342	27.8713
32263	Радянське	Khmelnytska	Derazhnianskyi	49.8947	28.4816
32264	Шелехове	Khmelnytska	Derazhnianskyi	49.5342	27.8713
32265	Мазники	Khmelnytska	Derazhnianskyi	49.1737	27.261
32300	Кам'янець-Подільський	Khmelnytska	Kamianets-Podilskyi	48.6845	26.5856
32301	Кам'янець-Подільський	Khmelnytska	Kamianets-Podilskyi	48.6845	26.5856
32302	Каштанівка	Khmelnytska	Kamianets-Podilskyi	49.6638	26.5843
32302	Подоляни	Khmelnytska	Kamianets-Podilskyi	50.643	26.583
32302	Ніверка	Khmelnytska	Kamianets-Podilskyi	49.6638	26.5843
32302	Кам'янець-Подільський	Khmelnytska	Kamianets-Podilskyi	48.6845	26.5856
32302	Патринці	Khmelnytska	Kamianets-Podilskyi	49.6638	26.5843
32302	Каветчина	Khmelnytska	Kamianets-Podilskyi	49.6638	26.5843
32302	Слобідка-Малиновецька	Khmelnytska	Kamianets-Podilskyi	49.6638	26.5843
32302	Залісся Друге	Khmelnytska	Kamianets-Podilskyi	49.6638	26.5843
32302	Шутнівці	Khmelnytska	Kamianets-Podilskyi	49.6638	26.5843
32302	Мала Слобода	Khmelnytska	Kamianets-Podilskyi	49.6638	26.5843
32302	Слобідка-Кульчієвецька	Khmelnytska	Kamianets-Podilskyi	49.6638	26.5843
32302	Нововолодимирівка	Khmelnytska	Kamianets-Podilskyi	49.6638	26.5843
32302	Межигір'я	Khmelnytska	Kamianets-Podilskyi	49.6638	26.5843
32304	Колубаївці	Khmelnytska	Kamianets-Podilskyi	49.0109	26.5852
32305	Кам'янець-Подільський	Khmelnytska	Kamianets-Podilskyi	48.6845	26.5856
32306	Кам'янець-Подільський	Khmelnytska	Kamianets-Podilskyi	48.6845	26.5856
32307	Кам'янець-Подільський	Khmelnytska	Kamianets-Podilskyi	48.6845	26.5856
32312	Кам'янець-Подільський	Khmelnytska	Kamianets-Podilskyi	48.6845	26.5856
32313	Кам'янець-Подільський	Khmelnytska	Kamianets-Podilskyi	48.6845	26.5856
32315	Кам'янець-Подільський	Khmelnytska	Kamianets-Podilskyi	48.6845	26.5856
32316	Кам'янець-Подільський	Khmelnytska	Kamianets-Podilskyi	48.6845	26.5856
32319	Жовтневе (Слобідка-Кульчиївецька сільська рада)	Khmelnytska	Kamianets-Podilskyi	48.6845	26.5856
32320	Нігин (Нігинська сільська рада)	Khmelnytska	Kamianets-Podilskyi	48.8022	26.4959
32321	Думанів (Думанівська сільська рада)	Khmelnytska	Kamianets-Podilskyi	48.8022	26.4959
32322	Сахкамінь (Нігинська сільська рада)	Khmelnytska	Kamianets-Podilskyi	48.8022	26.4959
32323	Великозалісся (Великозаліссянська сільська рада)	Khmelnytska	Kamianets-Podilskyi	48.8022	26.4959
32323	Мале Залісся	Khmelnytska	Kamianets-Podilskyi	48.8022	26.4959
32323	Киселівка (Великозаліська)	Khmelnytska	Kamianets-Podilskyi	48.8022	26.4959
32324	Дубинка	Khmelnytska	Kamianets-Podilskyi	48.8022	26.4959
32324	Залісся (Залісецька сільська рада)	Khmelnytska	Kamianets-Podilskyi	48.8022	26.4959
32325	Гуменці (Гуменецька сільська рада)	Khmelnytska	Kamianets-Podilskyi	48.8022	26.4959
32326	Привороття-2	Khmelnytska	Kamianets-Podilskyi	48.8022	26.4959
32326	Вербка (Гуменецька сільська рада)	Khmelnytska	Kamianets-Podilskyi	48.8022	26.4959
32327	Слобідка-Гуменецька (Гуменецька сільська рада)	Khmelnytska	Kamianets-Podilskyi	48.8022	26.4959
32330	Підпилип'я (Підпилип’янська сільська рада)	Khmelnytska	Kamianets-Podilskyi	48.8372	31.0217
32331	Теклівка	Khmelnytska	Kamianets-Podilskyi	48.4615	28.6188
32331	Оринин (Оринінська сільська рада)	Khmelnytska	Kamianets-Podilskyi	48.4615	28.6188
32332	Ріпенці (Оринінська сільська рада)	Khmelnytska	Kamianets-Podilskyi	48.8372	31.0217
32333	Добровілля	Khmelnytska	Kamianets-Podilskyi	48.3078	36.0938
32333	Кізя	Khmelnytska	Kamianets-Podilskyi	50.2512	25.1613
32333	Адамівка	Khmelnytska	Kamianets-Podilskyi	48.3284	34.2131
32333	Привороття (Приворотянська сільська рада)	Khmelnytska	Kamianets-Podilskyi	48.9625	31.8227
32334	Параївка	Khmelnytska	Kamianets-Podilskyi	48.8372	31.0217
32334	Залісся Перше	Khmelnytska	Kamianets-Podilskyi	48.8372	31.0217
32335	Шустівці (Шустівецька сільська рада)	Khmelnytska	Kamianets-Podilskyi	48.8372	31.0217
32336	Чорнокозинці (Шустовецька сільська рада)	Khmelnytska	Kamianets-Podilskyi	48.8372	31.0217
32337	Завалля (Завалецька сільська рада)	Khmelnytska	Kamianets-Podilskyi	48.8372	31.0217
32338	Кудринці (Завалецька сільська рада)	Khmelnytska	Kamianets-Podilskyi	48.8372	31.0217
32338	Кізя-Кудринецька	Khmelnytska	Kamianets-Podilskyi	48.8372	31.0217
32338	Мілівці	Khmelnytska	Kamianets-Podilskyi	48.8372	31.0217
32340	Улянівка	Khmelnytska	Kamianets-Podilskyi	50.5458	27.1945
32340	Голосків (Голосківська сільська рада)	Khmelnytska	Kamianets-Podilskyi	50.5458	27.1945
32341	Зіньківці (Зіньковецька сільська рада)	Khmelnytska	Kamianets-Podilskyi	49.6051	26.8292
32342	Пудлівці (Голосківська сільська рада)	Khmelnytska	Kamianets-Podilskyi	49.6051	26.8292
32343	Довжок (Довжоцька сільська рада)	Khmelnytska	Kamianets-Podilskyi	49.6051	26.8292
32344	Нагоряни (Довжоцька сільська рада)	Khmelnytska	Kamianets-Podilskyi	49.6051	26.8292
32345	Кадиївці (Кадиївецька сільська рада)	Khmelnytska	Kamianets-Podilskyi	49.6051	26.8292
32346	Суржа	Khmelnytska	Kamianets-Podilskyi	48.6645	26.4639
32346	Рихта (Рихтецька сільська рада)	Khmelnytska	Kamianets-Podilskyi	48.6645	26.4639
32347	Лясківці (Рихтецька сільська рада)	Khmelnytska	Kamianets-Podilskyi	49.6051	26.8292
32350	Тернавка	Khmelnytska	Kamianets-Podilskyi	49.932	26.7515
32350	Супрунківці (Супруньковецька сільська рада)	Khmelnytska	Kamianets-Podilskyi	49.932	26.7515
32351	Корчівка	Khmelnytska	Kamianets-Podilskyi	51.3527	28.7619
32351	Абрикосівка (Абрикосівська сільська рада)	Khmelnytska	Kamianets-Podilskyi	51.3527	28.7619
32353	Оленівка	Khmelnytska	Kamianets-Podilskyi	50.9912	25.2796
32353	Боришківці (Слобідка-Кульчиївецька сільська рада)	Khmelnytska	Kamianets-Podilskyi	50.9912	25.2796
32354	Фурманівка	Khmelnytska	Kamianets-Podilskyi	48.6539	26.7611
32354	Кульчіївці (Кульчиївецька сільська рада)	Khmelnytska	Kamianets-Podilskyi	48.6539	26.7611
32354	Суржинці	Khmelnytska	Kamianets-Podilskyi	48.6539	26.7611
32354	Калиня	Khmelnytska	Kamianets-Podilskyi	48.6539	26.7611
32355	Княжпіль (Княжпільська сільська рада)	Khmelnytska	Kamianets-Podilskyi	50.2325	26.8885
32356	Бровари	Khmelnytska	Kamianets-Podilskyi	50.2325	26.8885
32356	Дерев'яне (Дерев’янська сільька рада)	Khmelnytska	Kamianets-Podilskyi	50.2325	26.8885
32356	Привітне	Khmelnytska	Kamianets-Podilskyi	50.2325	26.8885
32356	Гелетина	Khmelnytska	Kamianets-Podilskyi	50.2325	26.8885
32357	Зубрівка	Khmelnytska	Kamianets-Podilskyi	50.2325	26.8885
32358	Цибулівка	Khmelnytska	Kamianets-Podilskyi	50.2325	26.8885
32359	Кам'янка	Khmelnytska	Kamianets-Podilskyi	50.2325	26.8885
32360	Червона Діброва	Khmelnytska	Kamianets-Podilskyi	48.997	38.1084
32360	Вільне	Khmelnytska	Kamianets-Podilskyi	47.6365	34.8139
32360	Слобідка-Рихтівська (Слобідко-Рихтецька сільська рада)	Khmelnytska	Kamianets-Podilskyi	48.3167	36.4612
32361	Ходорівці (Ходоровецька сільська рада)	Khmelnytska	Kamianets-Podilskyi	48.5154	31.4082
32362	Островчани (Ходоровецька сільська рада)	Khmelnytska	Kamianets-Podilskyi	48.5154	31.4082
32363	Княгинин (Ходоровецька сільська рада)	Khmelnytska	Kamianets-Podilskyi	48.5154	31.4082
32364	Ластівці (Ластівецька сільська рада)	Khmelnytska	Kamianets-Podilskyi	48.5154	31.4082
32365	Збруч	Khmelnytska	Kamianets-Podilskyi	48.9107	26.198
32365	Вітківці	Khmelnytska	Kamianets-Podilskyi	48.714	26.3552
32365	Брага	Khmelnytska	Kamianets-Podilskyi	48.5173	26.5125
32365	Жванець (Жванецька сільська рада)	Khmelnytska	Kamianets-Podilskyi	48.714	26.3552
32365	Гринчук (Гринчуцька сільська рада)	Khmelnytska	Kamianets-Podilskyi	48.714	26.3552
32365	Ісаківці	Khmelnytska	Kamianets-Podilskyi	48.714	26.3552
32366	Руда (Рудянська сільська рада)	Khmelnytska	Kamianets-Podilskyi	48.5154	31.4082
32367	Гаврилівці (Рудянська сільська рада)	Khmelnytska	Kamianets-Podilskyi	48.5154	31.4082
32368	Цвіклівці Другі	Khmelnytska	Kamianets-Podilskyi	48.5154	31.4082
32368	Цвіклівці (Рудянська сільська рада)	Khmelnytska	Kamianets-Podilskyi	48.5154	31.4082
32370	Вільховець	Khmelnytska	Kamianets-Podilskyi	48.4751	26.5557
32370	Колибаївка (Колибаївська сільська рада)	Khmelnytska	Kamianets-Podilskyi	48.4751	26.5557
32370	Чагарівка	Khmelnytska	Kamianets-Podilskyi	48.4751	26.5557
32372	Устя (Устянська сільська рада)	Khmelnytska	Kamianets-Podilskyi	48.4751	26.5557
32373	Баговиця (Устянська сільська рада)	Khmelnytska	Kamianets-Podilskyi	48.4751	26.5557
32374	Тарасівка (Устянська сільська рада)	Khmelnytska	Kamianets-Podilskyi	48.4751	26.5557
32375	Велика Слобідка (Устянська сільська рада)	Khmelnytska	Kamianets-Podilskyi	48.4751	26.5557
32376	Панівці	Khmelnytska	Kamianets-Podilskyi	48.4751	26.5557
32377	Сокіл (Сокілянська сільська рада)	Khmelnytska	Kamianets-Podilskyi	48.4751	26.5557
32378	Бабшин	Khmelnytska	Kamianets-Podilskyi	48.4751	26.5557
32378	Малинівці	Khmelnytska	Kamianets-Podilskyi	48.4751	26.5557
32378	Гринчук (Гринчуцька сільська рада)	Khmelnytska	Kamianets-Podilskyi	48.4751	26.5557
32380	Грушка (Грушковецька сільська рада)	Khmelnytska	Kamianets-Podilskyi	49.0827	28.5385
32381	Подільське (Подільська сільська рада)	Khmelnytska	Kamianets-Podilskyi	49.0827	28.5385
32382	Рункошів (Грушковаецька сільська рада)	Khmelnytska	Kamianets-Podilskyi	49.0827	28.5385
32383	Лисківці	Khmelnytska	Kamianets-Podilskyi	49.0827	28.5385
32383	Чабанівка (Чабанівська сільська рада)	Khmelnytska	Kamianets-Podilskyi	49.0827	28.5385
32384	Липи	Khmelnytska	Kamianets-Podilskyi	49.0827	28.5385
32384	Гута-Чугорська (Чабанівська сільська рада)	Khmelnytska	Kamianets-Podilskyi	49.0827	28.5385
32385	Стара Ушиця (Староушицька сільська рада)	Khmelnytska	Kamianets-Podilskyi	49.0827	28.5385
32386	Гораївка (Гораївецька сільська рада)	Khmelnytska	Kamianets-Podilskyi	49.0827	28.5385
32390	Крушанівка (Крушанівська сільська рада)	Khmelnytska	Kamianets-Podilskyi	49.2126	31.5796
32391	Лучки	Khmelnytska	Kamianets-Podilskyi	48.9954	34.1072
32391	Нефедівці (Нефедівська сільська рада)	Khmelnytska	Kamianets-Podilskyi	48.9954	34.1072
32392	Китайгород (Китайгородська сільська рада)	Khmelnytska	Kamianets-Podilskyi	49.2126	31.5796
32393	Ленівка	Khmelnytska	Kamianets-Podilskyi	49.3447	36.0092
32393	Вихватнівці (Китайгородська сільська рада)	Khmelnytska	Kamianets-Podilskyi	49.3447	36.0092
32394	Яруга	Khmelnytska	Kamianets-Podilskyi	48.3307	28.0468
32394	Станіславівка	Khmelnytska	Kamianets-Podilskyi	50.1795	28.1552
32394	Врублівці	Khmelnytska	Kamianets-Podilskyi	49.2551	28.101
32395	Субіч	Khmelnytska	Kamianets-Podilskyi	49.2126	31.5796
32395	Калачківці (Калачківська сільська рада)	Khmelnytska	Kamianets-Podilskyi	49.2126	31.5796
32396	Демшин (Калачковецька сільська рада)	Khmelnytska	Kamianets-Podilskyi	49.2126	31.5796
32397	Рогізна (Калачківецька сільськ рада)	Khmelnytska	Kamianets-Podilskyi	49.2126	31.5796
32398	Колодіївка (Колодіївецька сільська рада)	Khmelnytska	Kamianets-Podilskyi	49.2126	31.5796
32400	Дунаївці	Khmelnytska	Dunaievetskyi	49.0208	26.8412
32401	Дунаївці	Khmelnytska	Dunaievetskyi	49.0208	26.8412
32407	Петрівське	Khmelnytska	Dunaievetskyi	49.0208	26.8412
32408	Зеленче	Khmelnytska	Dunaievetskyi	49.0208	26.8412
32408	Панасівка	Khmelnytska	Dunaievetskyi	49.0208	26.8412
32408	Степок	Khmelnytska	Dunaievetskyi	49.0208	26.8412
32409	Мушкутинці	Khmelnytska	Dunaievetskyi	49.0208	26.8412
32410	Томашівка	Khmelnytska	Dunaievetskyi	49.5096	27.7309
32411	Тинна	Khmelnytska	Dunaievetskyi	49.5096	27.7309
32411	Малий Карабчиїв	Khmelnytska	Dunaievetskyi	49.5096	27.7309
32413	Дунаївці СМТ	Khmelnytska	Dunaievetskyi	49.5096	27.7309
32414	Лошківці	Khmelnytska	Dunaievetskyi	49.5096	27.7309
32415	Удріївці	Khmelnytska	Dunaievetskyi	49.5096	27.7309
32416	Тернова	Khmelnytska	Dunaievetskyi	49.5096	27.7309
32416	Харитонівка	Khmelnytska	Dunaievetskyi	49.5096	27.7309
32420	Лисогірка	Khmelnytska	Dunaievetskyi	49.7667	27.9
32421	Рудка	Khmelnytska	Dunaievetskyi	48.9679	26.6577
32422	Стара Гута	Khmelnytska	Dunaievetskyi	49.552	26.3995
32423	Смотрич	Khmelnytska	Dunaievetskyi	48.9494	26.5615
32423	Ріпенці	Khmelnytska	Dunaievetskyi	48.9494	26.5615
32423	Криничани	Khmelnytska	Dunaievetskyi	48.9494	26.5615
32424	Нестерівці	Khmelnytska	Dunaievetskyi	49.552	26.3995
32425	Ганівка	Khmelnytska	Dunaievetskyi	50.5242	24.4787
32430	Міцівці	Khmelnytska	Dunaievetskyi	50.3985	28.7321
32431	Ставище	Khmelnytska	Dunaievetskyi	50.4005	29.528
32432	Сприсівка	Khmelnytska	Dunaievetskyi	50.3985	28.7321
32432	Маліївці	Khmelnytska	Dunaievetskyi	50.3985	28.7321
32432	Синяківці	Khmelnytska	Dunaievetskyi	50.3985	28.7321
32432	Слобідка Малієвецька	Khmelnytska	Dunaievetskyi	50.3985	28.7321
32434	Гамарня	Khmelnytska	Dunaievetskyi	50.7758	29.1732
32434	Морозів	Khmelnytska	Dunaievetskyi	50.7758	29.1732
32434	Г Морозівська	Khmelnytska	Dunaievetskyi	50.7758	29.1732
32435	Варварівка	Khmelnytska	Dunaievetskyi	50.0193	27.495
32435	Підлісний Мукарів	Khmelnytska	Dunaievetskyi	50.0193	27.495
32435	Пільний Мукарів	Khmelnytska	Dunaievetskyi	50.0193	27.495
32436	Вихрівка	Khmelnytska	Dunaievetskyi	50.3985	28.7321
32437	Ярова Слобідка	Khmelnytska	Dunaievetskyi	50.3985	28.7321
32437	Руда Горчичанська	Khmelnytska	Dunaievetskyi	50.3985	28.7321
32437	Мала Кужелівка	Khmelnytska	Dunaievetskyi	50.3985	28.7321
32440	Балин	Khmelnytska	Dunaievetskyi	48.8797	26.6736
32442	Чаньків	Khmelnytska	Dunaievetskyi	49.3589	26.2845
32443	Заставля	Khmelnytska	Dunaievetskyi	49.3589	26.2845
32444	Залісці	Khmelnytska	Dunaievetskyi	50.9236	25.1239
32445	Маків	Khmelnytska	Dunaievetskyi	48.7949	26.6919
32446	Чечельник	Khmelnytska	Dunaievetskyi	48.8374	26.6485
32446	Слобідка Балинська	Khmelnytska	Dunaievetskyi	48.8374	26.6485
32447	Слобідка-Рахнівська	Khmelnytska	Dunaievetskyi	49.3589	26.2845
32447	Слобідка Залісецька	Khmelnytska	Dunaievetskyi	49.3589	26.2845
32450	Воробіївка	Khmelnytska	Dunaievetskyi	49.9047	27.4943
32451	Січинці	Khmelnytska	Dunaievetskyi	49.6847	27.2995
32452	Рахнівка	Khmelnytska	Dunaievetskyi	49.6847	27.2995
32453	Кривчик	Khmelnytska	Dunaievetskyi	48.8082	26.8358
32453	Дубинка	Khmelnytska	Dunaievetskyi	48.8022	26.4959
32454	Михайлівка	Khmelnytska	Dunaievetskyi	50.4746	27.1632
32455	Блищанівка	Khmelnytska	Dunaievetskyi	49.6847	27.2995
32456	Ксаверівка	Khmelnytska	Dunaievetskyi	50.4337	28.5083
32456	Гута Яцьковецька	Khmelnytska	Dunaievetskyi	50.4337	28.5083
32456	Яцківці	Khmelnytska	Dunaievetskyi	50.4337	28.5083
32456	Г Блищанівська	Khmelnytska	Dunaievetskyi	50.4337	28.5083
32456	Млаки	Khmelnytska	Dunaievetskyi	50.4337	28.5083
32460	Гірчична	Khmelnytska	Dunaievetskyi	49.3948	29.9848
32461	Дем'янківці	Khmelnytska	Dunaievetskyi	49.3948	29.9848
32462	Антонівка	Khmelnytska	Dunaievetskyi	49.4537	27.7173
32462	Держанівка	Khmelnytska	Dunaievetskyi	51.0649	31.3402
32462	Іванківці	Khmelnytska	Dunaievetskyi	48.9112	32.7154
32462	Слобідка Іванковецька	Khmelnytska	Dunaievetskyi	49.8099	30.591
32463	Катеринівка	Khmelnytska	Dunaievetskyi	47.6411	34.148
32463	Миньківці	Khmelnytska	Dunaievetskyi	47.6411	34.148
32464	Велика Кужелова	Khmelnytska	Dunaievetskyi	49.3948	29.9848
32465	Соснівка	Khmelnytska	Dunaievetskyi	50.4413	26.9705
32465	Сивороги	Khmelnytska	Dunaievetskyi	48.8564	27.0174
32466	Голозубинці	Khmelnytska	Dunaievetskyi	49.3948	29.9848
32467	Рачинці	Khmelnytska	Dunaievetskyi	49.3948	29.9848
32470	Притулівка	Khmelnytska	Dunaievetskyi	48.7888	26.9912
32470	Мала Побіянка	Khmelnytska	Dunaievetskyi	48.7888	26.9912
32471	Заглосна	Khmelnytska	Dunaievetskyi	48.8135	27.0534
32471	Притулівка	Khmelnytska	Dunaievetskyi	48.8135	27.0534
32471	Велика Побійна	Khmelnytska	Dunaievetskyi	48.8135	27.0534
32472	Лисець	Khmelnytska	Dunaievetskyi	48.7888	26.9912
32472	Сокілець	Khmelnytska	Dunaievetskyi	48.7888	26.9912
32473	Ліпіни	Khmelnytska	Dunaievetskyi	48.7641	26.929
32473	Чимбарівка	Khmelnytska	Dunaievetskyi	48.7641	26.929
32473	Требухівка	Khmelnytska	Dunaievetskyi	48.7641	26.929
32473	Малий Жванчик	Khmelnytska	Dunaievetskyi	48.7641	26.929
32473	Великий Жванчик	Khmelnytska	Dunaievetskyi	48.7641	26.929
32500	Віньківці	Khmelnytska	Vinkovetskyi	49.0346	27.2362
32507	Подолянське	Khmelnytska	Vinkovetskyi	49.0346	27.2362
32508	Великий Олександрів	Khmelnytska	Vinkovetskyi	49.0346	27.2362
32509	Пилипи Олександрівські	Khmelnytska	Vinkovetskyi	49.0346	27.2362
32510	Грим'ячка	Khmelnytska	Vinkovetskyi	51.0608	33.8286
32511	Адамівка	Khmelnytska	Vinkovetskyi	51.0608	33.8286
32512	Пирогівка	Khmelnytska	Vinkovetskyi	51.9135	33.2935
32512	Петрашівка	Khmelnytska	Vinkovetskyi	51.9135	33.2935
32514	Зіньків	Khmelnytska	Vinkovetskyi	50.2081	34.3638
32514	Станіславівка	Khmelnytska	Vinkovetskyi	50.2081	34.3638
32516	Покутинці	Khmelnytska	Vinkovetskyi	51.0608	33.8286
32516	Черкасівка	Khmelnytska	Vinkovetskyi	51.0608	33.8286
32520	Яснозір'я	Khmelnytska	Vinkovetskyi	50.1229	29.1337
32520	Фащіївка	Khmelnytska	Vinkovetskyi	50.1229	29.1337
32520	Виселок	Khmelnytska	Vinkovetskyi	50.1229	29.1337
32523	Охрімівці	Khmelnytska	Vinkovetskyi	50.1229	29.1337
32523	Слобідка-Охрімовецька	Khmelnytska	Vinkovetskyi	50.1229	29.1337
32524	Женишківці	Khmelnytska	Vinkovetskyi	50.1229	29.1337
32524	Гоголі	Khmelnytska	Vinkovetskyi	50.1229	29.1337
32526	Славута	Khmelnytska	Vinkovetskyi	50.1229	29.1337
32526	Нетечинці	Khmelnytska	Vinkovetskyi	50.1229	29.1337
32526	Дружба	Khmelnytska	Vinkovetskyi	50.1229	29.1337
32530	Дашківці	Khmelnytska	Vinkovetskyi	49.7292	25.3876
32532	Осламів	Khmelnytska	Vinkovetskyi	49.7292	25.3876
32533	Гута	Khmelnytska	Vinkovetskyi	50.2	27.55
32533	Балки	Khmelnytska	Vinkovetskyi	50.2	27.55
32533	Майдан-Олександрівський	Khmelnytska	Vinkovetskyi	50.2	27.55
32535	Бистриця	Khmelnytska	Vinkovetskyi	49.2583	23.2251
32535	Калюсик	Khmelnytska	Vinkovetskyi	49.2583	23.2251
32536	Говори	Khmelnytska	Vinkovetskyi	49.7292	25.3876
32536	Ломачинці	Khmelnytska	Vinkovetskyi	49.7292	25.3876
32600	Нова Ушиця	Khmelnytska	Novoushytskyi	48.8372	27.2743
32600	Іванівка	Khmelnytska	Novoushytskyi	50.3829	26.9237
32600	Філянівка	Khmelnytska	Novoushytskyi	49.348	27.1562
32600	Каскада	Khmelnytska	Novoushytskyi	48.8239	27.2706
32610	Глібів	Khmelnytska	Novoushytskyi	50.214	27.6337
32610	Гута Глібівська	Khmelnytska	Novoushytskyi	50.214	27.6337
32610	Мерджіївка	Khmelnytska	Novoushytskyi	50.214	27.6337
32610	Джурджівка	Khmelnytska	Novoushytskyi	50.214	27.6337
32610	Новий Глібів	Khmelnytska	Novoushytskyi	50.214	27.6337
32612	Капустяни	Khmelnytska	Novoushytskyi	50.214	27.6337
32613	Глибочок	Khmelnytska	Novoushytskyi	50.214	27.6337
32614	Заборознівці	Khmelnytska	Novoushytskyi	50.214	27.6337
32614	Пилипківці	Khmelnytska	Novoushytskyi	50.214	27.6337
32616	Цівківці	Khmelnytska	Novoushytskyi	50.214	27.6337
32616	Браїлівка	Khmelnytska	Novoushytskyi	50.214	27.6337
32620	Отроків	Khmelnytska	Novoushytskyi	49.2968	25.0469
32620	Тимків	Khmelnytska	Novoushytskyi	49.2968	25.0469
32621	Антонівка	Khmelnytska	Novoushytskyi	49.4537	27.7173
32621	Хворосна	Khmelnytska	Novoushytskyi	49.4537	27.7173
32621	Кружківці	Khmelnytska	Novoushytskyi	49.4537	27.7173
32623	Івашківці	Khmelnytska	Novoushytskyi	48.8667	23.1333
32623	Соколівка	Khmelnytska	Novoushytskyi	49.5702	24.2901
32624	Комунар	Khmelnytska	Novoushytskyi	49.2968	25.0469
32625	Песець	Khmelnytska	Novoushytskyi	49.2968	25.0469
32630	Заміхів	Khmelnytska	Novoushytskyi	49.5852	26.5592
32630	Виселок (Заміхівська сільська рада)	Khmelnytska	Novoushytskyi	49.5852	26.5592
32630	Щербівці	Khmelnytska	Novoushytskyi	49.5852	26.5592
32631	Жабинці	Khmelnytska	Novoushytskyi	49.5852	26.5592
32632	Струга	Khmelnytska	Novoushytskyi	49.5852	26.5592
32633	Балабанівка	Khmelnytska	Novoushytskyi	49.5852	26.5592
32633	Мала Стружка	Khmelnytska	Novoushytskyi	49.5852	26.5592
32635	Ставчани	Khmelnytska	Novoushytskyi	49.5852	26.5592
32636	Любомирівка	Khmelnytska	Novoushytskyi	49.5852	26.5592
32637	Слобідка	Khmelnytska	Novoushytskyi	49.5852	26.5592
32638	Стара Гута	Khmelnytska	Novoushytskyi	49.5852	26.5592
32640	Шелестяни	Khmelnytska	Novoushytskyi	50.2975	26.3129
32640	Косиківці	Khmelnytska	Novoushytskyi	50.2975	26.3129
32641	Бучая	Khmelnytska	Novoushytskyi	50.2975	26.3129
32642	Борсуки	Khmelnytska	Novoushytskyi	49.8856	25.9823
32642	Садове	Khmelnytska	Novoushytskyi	50.7094	26.6435
32643	Березівка	Khmelnytska	Novoushytskyi	50.2975	26.3129
32643	Загоряни	Khmelnytska	Novoushytskyi	50.2975	26.3129
32644	Шебутинці	Khmelnytska	Novoushytskyi	50.2975	26.3129
32645	Куча	Khmelnytska	Novoushytskyi	50.2975	26.3129
32650	Вахнівці	Khmelnytska	Novoushytskyi	49.5852	26.5592
32650	Губарів	Khmelnytska	Novoushytskyi	49.5852	26.5592
32651	Зелені Курилівці	Khmelnytska	Novoushytskyi	49.5852	26.5592
32652	Пижівка	Khmelnytska	Novoushytskyi	49.5852	26.5592
32653	Іванківці	Khmelnytska	Novoushytskyi	49.5852	26.5592
32653	Пилипи-Хребтіївські	Khmelnytska	Novoushytskyi	49.5852	26.5592
32654	Хребтіїв	Khmelnytska	Novoushytskyi	49.5852	26.5592
32660	Нова Гута	Khmelnytska	Novoushytskyi	48.9611	26.5262
32660	Маціорськ	Khmelnytska	Novoushytskyi	48.9611	26.5262
32660	Вільховець	Khmelnytska	Novoushytskyi	48.9611	26.5262
32662	Рудківці	Khmelnytska	Novoushytskyi	49.4518	24.2267
32663	Куражин	Khmelnytska	Novoushytskyi	48.6583	27.2841
32663	Малі Шурки	Khmelnytska	Novoushytskyi	48.6583	27.2841
32664	Глибівка	Khmelnytska	Novoushytskyi	50.7935	30.3635
32721	Лисогірка	Khmelnytska	Kamianets-Podilskyi	49.7667	27.9
25000	Кропивницький	Kirovohradska	Kirovohradska	48.5132	32.2597
25002	Кропивницький	Kirovohradska	Kirovohradska	48.5132	32.2597
25004	Кропивницький	Kirovohradska	Kirovohradska	48.5132	32.2597
25005	Кропивницький	Kirovohradska	Kirovohradska	48.5132	32.2597
25006	Кропивницький	Kirovohradska	Kirovohradska	48.5132	32.2597
25009	Кропивницький	Kirovohradska	Kirovohradska	48.5132	32.2597
25011	Кропивницький	Kirovohradska	Kirovohradska	48.5132	32.2597
25014	Кропивницький	Kirovohradska	Kirovohradska	48.5132	32.2597
25015	Кропивницький	Kirovohradska	Kirovohradska	48.5132	32.2597
25018	Кропивницький	Kirovohradska	Kirovohradska	48.5132	32.2597
25019	Сонячне	Kirovohradska	Kirovohradskyi	48.4665	32.2877
25019	Кропивницький	Kirovohradska	Kirovohradska	48.5132	32.2597
25020	Кропивницький	Kirovohradska	Kirovohradska	48.5132	32.2597
25022	Кропивницький	Kirovohradska	Kirovohradska	48.5132	32.2597
25026	Кропивницький	Kirovohradska	Kirovohradska	48.5132	32.2597
25030	Кропивницький	Kirovohradska	Kirovohradska	48.5132	32.2597
25031	Кропивницький	Kirovohradska	Kirovohradska	48.5132	32.2597
25491	Нове	Kirovohradska	Kirovohradskyi	46.8875	29.8712
26000	Ганнівка	Kirovohradska	Novomyrhorodskyi	48.9312	32.9127
26000	Костянтинівка	Kirovohradska	Novomyrhorodskyi	48.6737	32.5293
26000	Новомиргород	Kirovohradska	Novomyrhorodskyi	48.781	31.642
26001	Новомиргород	Kirovohradska	Novomyrhorodskyi	48.781	31.642
26009	Троянове	Kirovohradska	Novomyrhorodskyi	48.7918	32.1815
26009	Лікареве	Kirovohradska	Novomyrhorodskyi	48.7918	32.1815
26009	Бирзулове	Kirovohradska	Novomyrhorodskyi	48.7918	32.1815
26010	Капітанівка	Kirovohradska	Novomyrhorodskyi	48.9172	31.7167
26010	Прищепівка	Kirovohradska	Novomyrhorodskyi	48.9172	31.7167
26011	Турія	Kirovohradska	Novomyrhorodskyi	48.8796	31.6401
26012	Листопадове	Kirovohradska	Novomyrhorodskyi	49.0295	33.1454
26013	Андріївка	Kirovohradska	Novomyrhorodskyi	48.6363	33.2315
26014	Мостове	Kirovohradska	Novomyrhorodskyi	47.1052	35.7408
26014	Коробчине	Kirovohradska	Novomyrhorodskyi	50.9622	31.7076
26014	Рубаний міст	Kirovohradska	Novomyrhorodskyi	49.0337	33.7242
26014	Моргунівка	Kirovohradska	Novomyrhorodskyi	49.0337	33.7242
26015	Миколаївка	Kirovohradska	Novomyrhorodskyi	48.6094	32.5339
26015	Петроострів	Kirovohradska	Novomyrhorodskyi	48.6094	32.5339
26015	Заповідне	Kirovohradska	Malovyskivskyi	48.6094	32.5339
26015	Лев-балка	Kirovohradska	Novomyrhorodskyi	48.6094	32.5339
26015	Сухолітівка	Kirovohradska	Novomyrhorodskyi	48.6094	32.5339
26016	Миролюбівка	Kirovohradska	Novomyrhorodskyi	50.0967	35.447
26020	Писарівка	Kirovohradska	Novomyrhorodskyi	50.247	35.7569
26020	Оситняжка	Kirovohradska	Novomyrhorodskyi	48.6799	32.192
26021	Дібрівка	Kirovohradska	Novomyrhorodskyi	49.2919	34.2928
26022	Бровкове	Kirovohradska	Novomyrhorodskyi	49.8538	35.4085
26022	Зелене	Kirovohradska	Novomyrhorodskyi	48.4575	33.4221
26022	Кам'януватка	Kirovohradska	Novomyrhorodskyi	48.4555	35.4674
26022	Шпакове	Kirovohradska	Novomyrhorodskyi	50.0575	33.5099
26022	Пенькине	Kirovohradska	Novomyrhorodskyi	49.2061	34.452
26022	Защита	Kirovohradska	Novomyrhorodskyi	49.2061	34.452
26030	Йосипівка	Kirovohradska	Novomyrhorodskyi	48.5407	31.348
26030	Розлива	Kirovohradska	Novomyrhorodskyi	48.5407	31.348
26031	Рівне	Kirovohradska	Novomyrhorodskyi	48.2474	31.7543
26031	Тишківка	Kirovohradska	Novomyrhorodskyi	48.4966	30.9423
26032	Кам'янка	Kirovohradska	Novomyrhorodskyi	48.5407	31.348
26033	Мартоноша	Kirovohradska	Novomyrhorodskyi	48.7616	31.7818
26033	Котівка	Kirovohradska	Novomyrhorodskyi	48.2788	29.816
26034	Панчеве	Kirovohradska	Novomyrhorodskyi	48.7383	31.8628
26035	Каніж	Kirovohradska	Novomyrhorodskyi	48.7214	31.9307
26040	Іванівка	Kirovohradska	Novomyrhorodskyi	48.8681	32.9011
26040	Мар'янопіль	Kirovohradska	Novomyrhorodskyi	48.8681	32.9011
26040	Пурпурівка	Kirovohradska	Novomyrhorodskyi	48.8681	32.9011
26041	Арсенівка	Kirovohradska	Novomyrhorodskyi	48.935	32.8578
26041	Мар' ївка	Kirovohradska	Novomyrhorodskyi	48.935	32.8578
26042	Веселівка	Kirovohradska	Novomyrhorodskyi	48.9221	32.766
26043	Оситна	Kirovohradska	Novomyrhorodskyi	48.9419	33.2902
26044	Василівка	Kirovohradska	Novomyrhorodskyi	48.8391	33.2812
26044	Бурти	Kirovohradska	Novomyrhorodskyi	49.1453	34.6448
26100	Новоархангельськ	Kirovohradska	Novoarkhanhelskyi	48.658	30.8182
26101	Журівка	Kirovohradska	Novoarkhanhelskyi	47.3942	30.492
26102	Солдатське	Kirovohradska	Novoarkhanhelskyi	48.9117	33.5395
26105	Синюха	Kirovohradska	Novoarkhanhelskyi	48.754	30.7545
26106	Торговиця	Kirovohradska	Novoarkhanhelskyi	48.754	30.7545
26107	Левківка	Kirovohradska	Novoarkhanhelskyi	48.6268	30.7677
26108	Станіславівка	Kirovohradska	Novoarkhanhelskyi	50.1795	28.1552
26109	Низове	Kirovohradska	Novoarkhanhelskyi	48.754	30.7545
26110	Кам'янече	Kirovohradska	Novoarkhanhelskyi	48.9592	33.7167
26111	Кальниболота	Kirovohradska	Novoarkhanhelskyi	48.7558	30.9897
26112	Скалева	Kirovohradska	Novoarkhanhelskyi	48.7371	30.8931
26113	Свердликове	Kirovohradska	Novoarkhanhelskyi	48.9592	33.7167
26114	Володимирівка	Kirovohradska	Novoarkhanhelskyi	48.2855	33.4345
26115	Борщова	Kirovohradska	Novoarkhanhelskyi	50.0017	37.124
26116	Шевченка	Kirovohradska	Novoarkhanhelskyi	48.8802	33.2678
26117	Вербівка	Kirovohradska	Novoarkhanhelskyi	49.4862	36.8279
26118	Тарасівка	Kirovohradska	Novoarkhanhelskyi	48.5678	33.4795
26119	Диковичеве	Kirovohradska	Novoarkhanhelskyi	48.9592	33.7167
26120	Нерубайка	Kirovohradska	Novoarkhanhelskyi	48.6607	30.6901
26121	Небелівка	Kirovohradska	Novoarkhanhelskyi	47.9539	34.0167
26122	Підвисоке	Kirovohradska	Novoarkhanhelskyi	47.9539	34.0167
26123	Копенкувате	Kirovohradska	Novoarkhanhelskyi	47.9539	34.0167
26124	Сабове	Kirovohradska	Novoarkhanhelskyi	47.9539	34.0167
26125	Червінка	Kirovohradska	Novoarkhanhelskyi	47.9539	34.0167
26126	Новопетрівка	Kirovohradska	Novoarkhanhelskyi	46.8255	36.8931
26127	Кринички	Kirovohradska	Novoarkhanhelskyi	48.3755	34.467
26128	Голубенка	Kirovohradska	Novoarkhanhelskyi	47.9539	34.0167
26129	Вукитичеве	Kirovohradska	Novoarkhanhelskyi	47.9539	34.0167
26130	Розсохуватець	Kirovohradska	Novoarkhanhelskyi	48.6022	35.1552
26131	Тернівка	Kirovohradska	Novoarkhanhelskyi	48.5225	36.0826
26132	Покотилове	Kirovohradska	Novoarkhanhelskyi	48.6022	35.1552
26133	Орлове	Kirovohradska	Novoarkhanhelskyi	47.0638	35.5622
26134	Ятрань	Kirovohradska	Novoarkhanhelskyi	48.6022	35.1552
26135	Калинівка	Kirovohradska	Novoarkhanhelskyi	48.7894	32.6484
26136	Шляхове	Kirovohradska	Novoarkhanhelskyi	49.8245	35.421
26137	Жеванівка	Kirovohradska	Novoarkhanhelskyi	48.6022	35.1552
26138	Кіндратівка	Kirovohradska	Novoarkhanhelskyi	48.8106	36.0618
26140	Скалівські Хутори	Kirovohradska	Novoarkhanhelskyi	49.9648	32.7651
26141	Мар'янівка	Kirovohradska	Novoarkhanhelskyi	49.9648	32.7651
26142	Ганнівка	Kirovohradska	Novoarkhanhelskyi	48.9312	32.9127
26143	Мартинівка	Kirovohradska	Novoarkhanhelskyi	50.9985	32.6174
26150	Надлак	Kirovohradska	Novoarkhanhelskyi	48.7341	31.134
26151	Іванівка	Kirovohradska	Novoarkhanhelskyi	48.8681	32.9011
26152	Тимофіївка	Kirovohradska	Novoarkhanhelskyi	51.0181	33.788
26153	Вільшанка	Kirovohradska	Novoarkhanhelskyi	49.5401	32.6077
26154	Покровка	Kirovohradska	Novoarkhanhelskyi	49.5401	32.6077
26200	Мала Виска	Kirovohradska	Malovyskivskyi	48.6431	31.6366
26202	Олексіївка	Kirovohradska	Malovyskivskyi	48.9579	28.0637
26206	Паліївка	Kirovohradska	Malovyskivskyi	49.0246	27.6908
26207	Веселе	Kirovohradska	Malovyskivskyi	48.9259	32.223
26207	Мануйлівка	Kirovohradska	Malovyskivskyi	48.9259	32.223
26209	П'ятихатки	Kirovohradska	Malovyskivskyi	48.8879	29.9035
26210	Первомайське	Kirovohradska	Malovyskivskyi	50.0967	35.447
26212	Полохівка	Kirovohradska	Malovyskivskyi	50.0967	35.447
26212	Копанки	Kirovohradska	Malovyskivskyi	50.0967	35.447
26213	Миролюбівка	Kirovohradska	Malovyskivskyi	50.0967	35.447
26215	Лутківка	Kirovohradska	Malovyskivskyi	50.0967	35.447
26220	Андріївка	Kirovohradska	Malovyskivskyi	48.6363	33.2315
26220	Успенка	Kirovohradska	Malovyskivskyi	48.9306	33.6339
26220	Якимівка	Kirovohradska	Malovyskivskyi	46.6997	35.1592
26220	Дорофіївка	Kirovohradska	Malovyskivskyi	48.0889	34.0082
26220	Миропіль	Kirovohradska	Malovyskivskyi	48.0889	34.0082
26220	Межове	Kirovohradska	Malovyskivskyi	48.0889	34.0082
26220	Новостанівка	Kirovohradska	Malovyskivskyi	48.0889	34.0082
26220	Виноградне	Kirovohradska	Malovyskivskyi	48.0889	34.0082
26221	Нововознесенка	Kirovohradska	Malovyskivskyi	48.2861	35.7511
26222	Березівка	Kirovohradska	Malovyskivskyi	48.7499	33.0987
26223	Новопетрівка	Kirovohradska	Malovyskivskyi	48.6299	33.3585
26223	Смоліне	Kirovohradska	Malovyskivskyi	48.6299	33.3585
26225	Хмельове	Kirovohradska	Malovyskivskyi	49.9505	28.657
26225	Запашка	Kirovohradska	Malovyskivskyi	49.9505	28.657
26226	Новоолександрівка	Kirovohradska	Malovyskivskyi	48.6635	32.7498
26227	Новогригорівка	Kirovohradska	Malovyskivskyi	48.4964	32.42
26228	Новопавлівка	Kirovohradska	Malovyskivskyi	49.256	35.5252
26230	Лозуватка	Kirovohradska	Malovyskivskyi	48.6264	32.9237
26231	Розсохуватка	Kirovohradska	Malovyskivskyi	48.5558	32.2314
26232	Злинка	Kirovohradska	Malovyskivskyi	48.4852	31.5391
26240	Мар'янівка	Kirovohradska	Malovyskivskyi	48.835	33.5644
26240	Заріччя	Kirovohradska	Malovyskivskyi	48.835	33.5644
26240	Матусівка	Kirovohradska	Malovyskivskyi	48.835	33.5644
26240	Вись	Kirovohradska	Malovyskivskyi	48.835	33.5644
26241	Велика Виска	Kirovohradska	Malovyskivskyi	48.835	33.5644
26243	Олександрівка	Kirovohradska	Malovyskivskyi	48.9634	32.2349
26244	Пасічне	Kirovohradska	Malovyskivskyi	49.9303	35.7383
26244	Оникієве	Kirovohradska	Malovyskivskyi	48.627	34.0132
26244	Новомихайлівка	Kirovohradska	Malovyskivskyi	49.226	35.967
26244	Новомиколаївка	Kirovohradska	Malovyskivskyi	48.5562	34.374
26244	Новокрасне	Kirovohradska	Malovyskivskyi	46.7953	29.9736
26245	Первомайськ	Kirovohradska	Malovyskivskyi	48.6299	38.5481
26245	Шевченкове	Kirovohradska	Malovyskivskyi	48.6302	32.8129
26245	Плетений Ташлик	Kirovohradska	Malovyskivskyi	48.6301	35.6805
26247	Павлівка	Kirovohradska	Malovyskivskyi	48.9893	33.2581
26247	Тарасівка	Kirovohradska	Malovyskivskyi	48.5678	33.4795
26247	Вишневе	Kirovohradska	Malovyskivskyi	50.3891	30.3705
26247	Калаколове	Kirovohradska	Malovyskivskyi	49.3154	32.3694
26248	Гаївка	Kirovohradska	Malovyskivskyi	48.5073	32.4511
26248	Червона Поляна	Kirovohradska	Malovyskivskyi	48.5073	32.4511
26248	Краснопілка	Kirovohradska	Malovyskivskyi	48.5073	32.4511
26248	Димине	Kirovohradska	Malovyskivskyi	48.5073	32.4511
26300	Гайворон	Kirovohradska	Haivoronskyi	48.4692	31.5764
26301	Гайворон	Kirovohradska	Haivoronskyi	48.4692	31.5764
26302	Гайворон	Kirovohradska	Haivoronskyi	48.4692	31.5764
26303	Садове	Kirovohradska	Haivoronskyi	48.4692	31.5764
26310	Вікнина	Kirovohradska	Haivoronskyi	49.0786	37.2767
26311	Берестяги	Kirovohradska	Haivoronskyi	48.6259	32.9415
26312	Червоне	Kirovohradska	Haivoronskyi	48.0183	33.024
26313	Долинівка	Kirovohradska	Haivoronskyi	48.6259	32.9415
26314	Мощене	Kirovohradska	Haivoronskyi	48.6259	32.9415
26315	Тополі	Kirovohradska	Haivoronskyi	48.6259	32.9415
26316	Прогрес	Kirovohradska	Haivoronskyi	48.6259	32.9415
26317	Вільховецьке	Kirovohradska	Haivoronskyi	48.6259	32.9415
26318	Кленове	Kirovohradska	Haivoronskyi	48.7809	28.5237
26319	Жакчик	Kirovohradska	Haivoronskyi	48.6259	32.9415
26320	Солгутове	Kirovohradska	Haivoronskyi	48.3587	31.2035
26321	Соломія	Kirovohradska	Haivoronskyi	48.3587	31.2035
26322	Казавчин	Kirovohradska	Haivoronskyi	48.275	29.9441
26323	Бугове	Kirovohradska	Haivoronskyi	48.3587	31.2035
26324	Покровське	Kirovohradska	Haivoronskyi	48.4424	32.4628
26325	Бандурове	Kirovohradska	Haivoronskyi	48.3587	31.2035
26326	Тракт	Kirovohradska	Haivoronskyi	48.3587	31.2035
26327	Червоні маяки	Kirovohradska	Haivoronskyi	48.3587	31.2035
26328	Переямпіль	Kirovohradska	Haivoronskyi	48.3587	31.2035
26329	Ташлик	Kirovohradska	Haivoronskyi	48.3587	31.2035
26330	Таужне	Kirovohradska	Haivoronskyi	48.3366	30.1014
26331	Хащувате	Kirovohradska	Haivoronskyi	48.3861	30.46
26332	Салькове	Kirovohradska	Haivoronskyi	48.3861	30.46
26333	Могильне	Kirovohradska	Haivoronskyi	48.3861	30.46
26334	Завалля	Kirovohradska	Haivoronskyi	48.2135	30.0156
26335	Чемерпіль	Kirovohradska	Haivoronskyi	48.3861	30.46
26336	Березівка	Kirovohradska	Haivoronskyi	48.6082	31.2631
26400	Благовіщенське	Kirovohradska	Blagovitshenskyy	48.0207	31.0525
26410	Вільхове	Kirovohradska	Blagovitshenskyy	48.4564	30.1708
26411	Синьки	Kirovohradska	Blagovitshenskyy	48.4597	30.2682
26412	Кам'яна Криниця	Kirovohradska	Blagovitshenskyy	47.6478	30.2719
26413	Великі Трояни	Kirovohradska	Blagovitshenskyy	47.6478	30.2719
26414	Йосипівка	Kirovohradska	Blagovitshenskyy	47.6478	30.2719
26415	Мечиславка	Kirovohradska	Blagovitshenskyy	47.6478	30.2719
26416	Сергіївка	Kirovohradska	Blagovitshenskyy	46.0272	30.3768
26418	Маньківське	Kirovohradska	Blagovitshenskyy	47.6478	30.2719
26419	Змійове	Kirovohradska	Blagovitshenskyy	47.6478	30.2719
26420	Грушка	Kirovohradska	Blagovitshenskyy	48.3471	30.2916
26421	Станіславове	Kirovohradska	Blagovitshenskyy	48.104	30.196
26422	Розношенське	Kirovohradska	Blagovitshenskyy	48.104	30.196
26423	Новоселиця	Kirovohradska	Blagovitshenskyy	48.2193	26.2653
26424	Петрівка	Kirovohradska	Blagovitshenskyy	46.9695	30.9591
26425	Шевченка	Kirovohradska	Blagovitshenskyy	48.8802	33.2678
26430	Кам'яний Брід	Kirovohradska	Blagovitshenskyy	48.8065	36.8202
26431	Христофорове	Kirovohradska	Blagovitshenskyy	48.8065	36.8202
26432	Богданове	Kirovohradska	Blagovitshenskyy	48.8065	36.8202
26433	Синицівка	Kirovohradska	Blagovitshenskyy	48.8065	36.8202
26434	Сабатинівка	Kirovohradska	Blagovitshenskyy	48.8065	36.8202
26440	Данилова Балка	Kirovohradska	Blagovitshenskyy	48.0207	31.0525
26441	Лозувата	Kirovohradska	Blagovitshenskyy	48.0207	31.0525
26442	Дельфінове	Kirovohradska	Blagovitshenskyy	48.0207	31.0525
26443	Луполове	Kirovohradska	Blagovitshenskyy	48.0207	31.0525
26444	Кошаро-Олександрівка	Kirovohradska	Blagovitshenskyy	48.0207	31.0525
26452	Шамраєве	Kirovohradska	Blagovitshenskyy	48.0207	31.0525
26500	Голованівськ	Kirovohradska	Holovanivskyi	48.384	30.4613
26508	Голованівськ-С	Kirovohradska	Holovanivskyi	48.384	30.4613
26509	Вербове	Kirovohradska	Holovanivskyi	48.384	30.4613
26510	Межирічка	Kirovohradska	Holovanivskyi	50.0488	31.9383
26511	Краснопілля	Kirovohradska	Holovanivskyi	50.7746	35.2596
26512	Наливайка	Kirovohradska	Holovanivskyi	50.0488	31.9383
26513	Лісне	Kirovohradska	Holovanivskyi	51.3141	30.6995
26514	Ясне	Kirovohradska	Holovanivskyi	52.1225	32.9939
26515	Давидівка	Kirovohradska	Holovanivskyi	48.4662	30.5317
26516	Лещівка	Kirovohradska	Holovanivskyi	48.4628	30.6079
26517	Табанове	Kirovohradska	Holovanivskyi	50.0488	31.9383
26518	Цвіткове	Kirovohradska	Holovanivskyi	49.1523	31.5374
26519	Маринопіль	Kirovohradska	Holovanivskyi	50.0488	31.9383
26520	Крутеньке	Kirovohradska	Holovanivskyi	48.9634	32.2349
26521	Семидуби	Kirovohradska	Holovanivskyi	48.9634	32.2349
26522	Перегонівка	Kirovohradska	Holovanivskyi	48.9634	32.2349
26523	Полонисте	Kirovohradska	Holovanivskyi	48.9634	32.2349
26524	Лебединка	Kirovohradska	Holovanivskyi	48.9634	32.2349
26525	Клинове	Kirovohradska	Holovanivskyi	48.9634	32.2349
26526	Грузьке	Kirovohradska	Holovanivskyi	48.9634	32.2349
26527	Мар'янівка	Kirovohradska	Holovanivskyi	48.9634	32.2349
26528	Олександрівка	Kirovohradska	Holovanivskyi	48.9634	32.2349
26529	Одая	Kirovohradska	Holovanivskyi	48.9634	32.2349
26530	Троянка	Kirovohradska	Holovanivskyi	48.4063	30.6512
26531	Журавлинка	Kirovohradska	Holovanivskyi	50.4774	29.0312
26532	Ємилівка	Kirovohradska	Holovanivskyi	50.6898	28.7322
26533	Ємилівка	Kirovohradska	Holovanivskyi	50.6898	28.7322
26534	Шепилове	Kirovohradska	Holovanivskyi	49.8443	29.0421
26535	Грузянка	Kirovohradska	Holovanivskyi	49.8443	29.0421
26536	Липняги	Kirovohradska	Holovanivskyi	49.8443	29.0421
26537	Манжурка	Kirovohradska	Holovanivskyi	49.8443	29.0421
26538	Зелена балка	Kirovohradska	Holovanivskyi	49.8443	29.0421
26539	Олексіївка	Kirovohradska	Holovanivskyi	48.9579	28.0637
26540	Красногірка	Kirovohradska	Holovanivskyi	49.9232	29.3757
26541	Роздол	Kirovohradska	Holovanivskyi	48.3361	32.6952
26542	Свірневе	Kirovohradska	Holovanivskyi	48.3361	32.6952
26543	Молдовка	Kirovohradska	Holovanivskyi	48.3361	32.6952
26544	Люшнювате	Kirovohradska	Holovanivskyi	48.3361	32.6952
26545	Матвіївка	Kirovohradska	Holovanivskyi	47.0747	35.1444
26546	Надеждівка	Kirovohradska	Holovanivskyi	48.0103	33.5655
26550	Розкішне	Kirovohradska	Holovanivskyi	48.4896	39.2788
26551	Новосілка	Kirovohradska	Holovanivskyi	47.8384	36.6864
26552	Липовеньке	Kirovohradska	Holovanivskyi	48.164	37.9826
26553	Пушкове	Kirovohradska	Holovanivskyi	48.164	37.9826
26554	Капітанка	Kirovohradska	Holovanivskyi	48.164	37.9826
26555	Побузьке	Kirovohradska	Holovanivskyi	48.164	37.9826
26600	Вільшанка	Kirovohradska	Vilshanskyi	48.236	30.8761
26601	Степанівка	Kirovohradska	Vilshanskyi	48.609	33.199
26604	Осички	Kirovohradska	Vilshanskyi	50.5713	29.1215
26605	Калмазове	Kirovohradska	Vilshanskyi	49.777	29.4952
26606	Добре	Kirovohradska	Vilshanskyi	51.6918	24.7842
26607	Мала Вільшанка	Kirovohradska	Vilshanskyi	49.777	29.4952
26608	Станкувате	Kirovohradska	Vilshanskyi	49.777	29.4952
26609	Мала мазниця	Kirovohradska	Vilshanskyi	49.777	29.4952
26610	Плоско-Забузьке	Kirovohradska	Vilshanskyi	49.6403	29.1139
26611	Чистопілля	Kirovohradska	Vilshanskyi	49.6403	29.1139
26612	Добрянка	Kirovohradska	Vilshanskyi	48.3466	30.9044
26613	Владиславка	Kirovohradska	Vilshanskyi	49.6387	30.9551
26614	Вовча Балка	Kirovohradska	Vilshanskyi	49.6403	29.1139
26615	Завітне	Kirovohradska	Vilshanskyi	50.9358	25.4823
26616	Синюха	Kirovohradska	Vilshanskyi	49.6403	29.1139
26617	Березова Балка	Kirovohradska	Vilshanskyi	49.6403	29.1139
26620	Вівсяники	Kirovohradska	Vilshanskyi	49.4707	28.9263
26621	Бузникувате	Kirovohradska	Vilshanskyi	49.8854	26.7612
26622	Коритно-Забузьке	Kirovohradska	Vilshanskyi	49.8854	26.7612
26623	Йосипівка	Kirovohradska	Vilshanskyi	50.3002	24.5962
26624	Дорожинка	Kirovohradska	Vilshanskyi	49.8854	26.7612
26625	Залізничне	Kirovohradska	Vilshanskyi	49.8854	26.7612
26630	Сухий Ташлик	Kirovohradska	Vilshanskyi	49.7556	28.7606
26633	Куца Балка	Kirovohradska	Vilshanskyi	49.7556	28.7606
27000	Добровеличківка	Kirovohradska	Dobrovelychkivskyi	48.3878	31.1803
27001	Мар'ївка	Kirovohradska	Dobrovelychkivskyi	48.1845	30.1289
27002	Варваро-Олександрівка	Kirovohradska	Dobrovelychkivskyi	48.1845	30.1289
27006	Юр'ївка	Kirovohradska	Dobrovelychkivskyi	48.1845	30.1289
27007	Дружелюбівка	Kirovohradska	Dobrovelychkivskyi	49.4667	28.6
27008	Крикунка	Kirovohradska	Dobrovelychkivskyi	48.1845	30.1289
27009	Нова Ковалівка	Kirovohradska	Dobrovelychkivskyi	46.6992	30.6065
27010	Гаївка	Kirovohradska	Dobrovelychkivskyi	48.5073	32.4511
27011	Маркове	Kirovohradska	Dobrovelychkivskyi	48.2956	32.7201
27012	Олександрівка	Kirovohradska	Dobrovelychkivskyi	48.9634	32.2349
27013	Тишківка	Kirovohradska	Dobrovelychkivskyi	48.4966	30.9423
27014	Андріївка	Kirovohradska	Dobrovelychkivskyi	48.6363	33.2315
27015	Липняжка	Kirovohradska	Dobrovelychkivskyi	48.4469	31.0761
27016	Перемога	Kirovohradska	Dobrovelychkivskyi	48.6616	33.0542
27017	Карбівка	Kirovohradska	Dobrovelychkivskyi	48.2956	32.7201
27018	Кирилівка	Kirovohradska	Dobrovelychkivskyi	46.3669	35.3366
27019	Володимирівка	Kirovohradska	Dobrovelychkivskyi	48.2855	33.4345
27020	Федорівка	Kirovohradska	Dobrovelychkivskyi	48.4691	33.16
27021	Трояни	Kirovohradska	Dobrovelychkivskyi	46.8767	36.6053
27022	Новолутківка	Kirovohradska	Dobrovelychkivskyi	48.5415	35.0773
27023	Тернове	Kirovohradska	Dobrovelychkivskyi	49.0868	39.4203
27024	Богданівка	Kirovohradska	Dobrovelychkivskyi	48.7461	32.5095
27025	Гнатівка	Kirovohradska	Dobrovelychkivskyi	49.082	34.5913
27026	Братолюбівка	Kirovohradska	Dobrovelychkivskyi	48.9306	36.4447
27027	Новомиколаївка	Kirovohradska	Dobrovelychkivskyi	48.5562	34.374
27028	Михайлівка	Kirovohradska	Dobrovelychkivskyi	48.5845	33.5134
27029	Вороб'ївка	Kirovohradska	Dobrovelychkivskyi	48.5415	35.0773
27030	Помічна	Kirovohradska	Dobrovelychkivskyi	48.2422	31.4158
27031	Веснянка	Kirovohradska	Dobrovelychkivskyi	47.9704	33.2058
27032	Якимівка	Kirovohradska	Dobrovelychkivskyi	46.6997	35.1592
27033	Микільське	Kirovohradska	Dobrovelychkivskyi	48.9693	33.0425
27034	Новопетрівка	Kirovohradska	Dobrovelychkivskyi	47.9704	33.2058
27035	Міжколодяжне	Kirovohradska	Dobrovelychkivskyi	47.9704	33.2058
27036	Олексіївка	Kirovohradska	Dobrovelychkivskyi	47.9704	33.2058
27037	Піщаний Брід	Kirovohradska	Dobrovelychkivskyi	47.9704	33.2058
27038	Червона Поляна	Kirovohradska	Dobrovelychkivskyi	47.9704	33.2058
27039	Новоглиняне	Kirovohradska	Dobrovelychkivskyi	47.9704	33.2058
27040	Любомирка	Kirovohradska	Dobrovelychkivskyi	49.0308	32.4445
27041	Глиняне	Kirovohradska	Dobrovelychkivskyi	50.9553	34.5813
27042	Миколаївка	Kirovohradska	Dobrovelychkivskyi	48.6094	32.5339
27043	Перчунове	Kirovohradska	Dobrovelychkivskyi	49.4554	33.8816
27047	Вікняне	Kirovohradska	Dobrovelychkivskyi	49.4554	33.8816
27048	Коколове	Kirovohradska	Dobrovelychkivskyi	49.4554	33.8816
27049	Новомихайлівка	Kirovohradska	Dobrovelychkivskyi	49.226	35.967
27050	Попівка	Kirovohradska	Dobrovelychkivskyi	48.9129	33.514
27051	Показове	Kirovohradska	Dobrovelychkivskyi	50.0494	33.4457
27052	Новодобрянка	Kirovohradska	Dobrovelychkivskyi	49.2671	33.4136
27053	Новоодеса	Kirovohradska	Dobrovelychkivskyi	49.2671	33.4136
27054	Добротимофіївка	Kirovohradska	Dobrovelychkivskyi	49.2671	33.4136
27055	Олександро-Акацатове	Kirovohradska	Dobrovelychkivskyi	49.2671	33.4136
27056	Новостанкувата	Kirovohradska	Dobrovelychkivskyi	49.2671	33.4136
27057	Василівка	Kirovohradska	Dobrovelychkivskyi	48.8391	33.2812
27058	Олександро-Завадське	Kirovohradska	Dobrovelychkivskyi	49.2671	33.4136
27059	Скопіївка	Kirovohradska	Dobrovelychkivskyi	49.2671	33.4136
27060	Шевченка	Kirovohradska	Dobrovelychkivskyi	48.8802	33.2678
27061	Водяне	Kirovohradska	Dobrovelychkivskyi	48.7456	32.569
27062	Богодарівка	Kirovohradska	Dobrovelychkivskyi	47.9517	36.2118
27063	Анатолівка	Kirovohradska	Dobrovelychkivskyi	47.0773	34.4921
27064	Новотишківка	Kirovohradska	Dobrovelychkivskyi	48.1181	34.4766
27065	Вірне	Kirovohradska	Dobrovelychkivskyi	48.1181	34.4766
27066	Осикове	Kirovohradska	Dobrovelychkivskyi	48.1181	34.4766
27067	Нововікторівка	Kirovohradska	Dobrovelychkivskyi	47.936	35.8423
27100	Новоукраїнка	Kirovohradska	Novoukrainskyi	48.3264	31.5285
27101	Яблунівка	Kirovohradska	Novoukrainskyi	50.4648	32.1829
27102	Новоукраїнка	Kirovohradska	Novoukrainskyi	48.3264	31.5285
27103	Вишневе	Kirovohradska	Novoukrainskyi	50.3891	30.3705
27104	Піщанське	Kirovohradska	Novoukrainskyi	49.234	31.672
27109	Новоолександрівка	Kirovohradska	Novoukrainskyi	48.6635	32.7498
27110	Глодоси	Kirovohradska	Novoukrainskyi	48.4983	34.6658
27111	Вільне	Kirovohradska	Novoukrainskyi	47.6365	34.8139
27112	Водяне	Kirovohradska	Novoukrainskyi	48.7456	32.569
27113	Софіївка	Kirovohradska	Novoukrainskyi	48.0487	33.8762
27114	Новоселівка	Kirovohradska	Novoukrainskyi	48.5748	35.2419
27115	Висоцьке	Kirovohradska	Novoukrainskyi	48.4983	34.6658
27116	Козакова Балка	Kirovohradska	Novoukrainskyi	48.4983	34.6658
27117	Вербівка	Kirovohradska	Novoukrainskyi	49.4862	36.8279
27118	Мар'янівка	Kirovohradska	Novoukrainskyi	48.4983	34.6658
27119	Ліски	Kirovohradska	Novoukrainskyi	48.4983	34.6658
27120	Новомиколаївка	Kirovohradska	Novoukrainskyi	48.5562	34.374
27121	Петрівка	Kirovohradska	Novoukrainskyi	48.8313	33.6625
27122	Фурманівка	Kirovohradska	Novoukrainskyi	48.8855	34.4687
27123	Мар'янопіль	Kirovohradska	Novoukrainskyi	48.8855	34.4687
27124	Кам'яний Міст	Kirovohradska	Novoukrainskyi	48.8855	34.4687
27125	Сотницька Балка	Kirovohradska	Novoukrainskyi	48.8855	34.4687
27126	Воронівка	Kirovohradska	Novoukrainskyi	48.2611	35.2169
27127	Ульянівка	Kirovohradska	Novoukrainskyi	48.2375	35.9758
27128	Ковалівка	Kirovohradska	Novoukrainskyi	50.1705	32.0579
27129	Новопавлівка	Kirovohradska	Novoukrainskyi	49.256	35.5252
27130	Іванівка	Kirovohradska	Novoukrainskyi	49.0547	32.3451
27131	Димине	Kirovohradska	Novoukrainskyi	49.0109	31.0842
27132	Захарівка	Kirovohradska	Novoukrainskyi	48.8442	33.0019
27133	Семенасте	Kirovohradska	Novoukrainskyi	49.0109	31.0842
27134	Приют	Kirovohradska	Novoukrainskyi	48.7561	34.8877
27135	Піддубне	Kirovohradska	Novoukrainskyi	49.0109	31.0842
27136	Червоний Розділ	Kirovohradska	Novoukrainskyi	49.0109	31.0842
27137	Іванівці	Kirovohradska	Novoukrainskyi	49.3885	24.1022
27138	Шутеньке	Kirovohradska	Novoukrainskyi	49.0109	31.0842
27139	Громуха	Kirovohradska	Novoukrainskyi	49.0109	31.0842
27140	Помічна село	Kirovohradska	Novoukrainskyi	48.1047	35.6942
27141	Мала Помічна	Kirovohradska	Novoukrainskyi	48.1047	35.6942
27142	Мала Тимошівка	Kirovohradska	Novoukrainskyi	48.1047	35.6942
27143	Варварівка	Kirovohradska	Novoukrainskyi	48.1047	35.6942
27144	Юр'ївка	Kirovohradska	Novoukrainskyi	48.1047	35.6942
27145	Острівка	Kirovohradska	Novoukrainskyi	48.1047	35.6942
27146	Караказелівка	Kirovohradska	Novoukrainskyi	48.1047	35.6942
27147	Трудолюбівка	Kirovohradska	Novoukrainskyi	48.1047	35.6942
27148	Вільні луки	Kirovohradska	Novoukrainskyi	48.1047	35.6942
27149	Арепівка	Kirovohradska	Novoukrainskyi	48.1047	35.6942
27150	Новоєгорівка	Kirovohradska	Novoukrainskyi	49.8406	37.968
27151	Веселий Кут	Kirovohradska	Novoukrainskyi	48.2567	36.0259
27152	Комишувате	Kirovohradska	Novoukrainskyi	47.0856	37.167
27153	Кропивницьке	Kirovohradska	Novoukrainskyi	47.6217	37.2153
27154	Вільні луки	Kirovohradska	Novoukrainskyi	48.2567	36.0259
27155	Єгорівка	Kirovohradska	Novoukrainskyi	47.7076	37.2232
27156	Новоподимка	Kirovohradska	Novoukrainskyi	48.2567	36.0259
27157	Войнівка	Kirovohradska	Novoukrainskyi	48.7003	33.0683
27158	Подимка	Kirovohradska	Novoukrainskyi	48.2567	36.0259
27159	Михайлівка	Kirovohradska	Novoukrainskyi	48.5845	33.5134
27160	Рівне	Kirovohradska	Novoukrainskyi	48.2474	31.7543
27160	Новоселівка	Kirovohradska	Novoukrainskyi	48.5748	35.2419
27161	Рівне	Kirovohradska	Novoukrainskyi	48.2474	31.7543
27162	Радісне	Kirovohradska	Novoukrainskyi	47.1832	35.4009
27163	Лозуватка	Kirovohradska	Novoukrainskyi	48.0571	33.2858
27164	Червоний Ташлик	Kirovohradska	Novoukrainskyi	48.1181	33.4971
27165	Ганнівка	Kirovohradska	Novoukrainskyi	48.2417	33.4634
27166	Григорівка	Kirovohradska	Novoukrainskyi	48.5451	32.9812
27167	Шишкине	Kirovohradska	Novoukrainskyi	47.8479	34.0948
27173	Квітка	Kirovohradska	Novoukrainskyi	47.2497	31.5308
27174	Костянтинівка	Kirovohradska	Novoukrainskyi	48.6737	32.5293
27175	Куликова Балка	Kirovohradska	Novoukrainskyi	47.9617	32.0301
27176	В'юнки	Kirovohradska	Novoukrainskyi	47.9617	32.0301
27177	Звірівка	Kirovohradska	Novoukrainskyi	47.9617	32.0301
27178	Щасливка	Kirovohradska	Novoukrainskyi	47.9617	32.0301
27179	Нерубаївка	Kirovohradska	Novoukrainskyi	47.9617	32.0301
27180	Леонтовичеве	Kirovohradska	Novoukrainskyi	47.3073	35.7807
27181	Далеке	Kirovohradska	Novoukrainskyi	46.903	34.9665
27182	Степове	Kirovohradska	Novoukrainskyi	47.7116	36.5949
27200	Бобринець	Kirovohradska	Bobrynetskyi	50.1379	29.7348
27200	Пенькове	Kirovohradska	Bobrynetskyi	50.1379	29.7348
27201	Дібрівка	Kirovohradska	Bobrynetskyi	50.4734	25.8415
27202	Коржеве	Kirovohradska	Bobrynetskyi	50.1379	29.7348
27203	Мюдівка	Kirovohradska	Bobrynetskyi	50.1379	29.7348
27204	Піщане	Kirovohradska	Bobrynetskyi	51.5076	25.1673
27205	Шляхове	Kirovohradska	Bobrynetskyi	49.8245	35.421
27206	Богданівка	Kirovohradska	Bobrynetskyi	48.7461	32.5095
27208	Завадівка	Kirovohradska	Bobrynetskyi	50.1379	29.7348
27210	Златопілля	Kirovohradska	Bobrynetskyi	48.584	33.6577
27211	Никонорівка	Kirovohradska	Bobrynetskyi	48.584	33.6577
27212	Полум'яне	Kirovohradska	Bobrynetskyi	48.584	33.6577
27213	Олексіївка	Kirovohradska	Bobrynetskyi	48.584	33.6577
27214	Верхньоінгульське	Kirovohradska	Bobrynetskyi	48.584	33.6577
27215	Новогомельське	Kirovohradska	Bobrynetskyi	48.584	33.6577
27216	Сугокліївка	Kirovohradska	Bobrynetskyi	48.584	33.6577
27217	Трудолюбівка	Kirovohradska	Bobrynetskyi	48.584	33.6577
27218	Дончине	Kirovohradska	Bobrynetskyi	48.584	33.6577
27219	Зоряне	Kirovohradska	Bobrynetskyi	48.584	33.6577
27220	Мар'янівка	Kirovohradska	Bobrynetskyi	48.5016	36.223
27221	Грузьке	Kirovohradska	Bobrynetskyi	48.5016	36.223
27222	Благодатне	Kirovohradska	Bobrynetskyi	47.8793	38.4849
27223	Червона Долина	Kirovohradska	Bobrynetskyi	49.0365	36.1005
27224	Павлогірківка	Kirovohradska	Bobrynetskyi	48.5016	36.223
27225	Кривоносове	Kirovohradska	Bobrynetskyi	48.589	34.0837
27226	Водяно-Михайлівка	Kirovohradska	Bobrynetskyi	48.5016	36.223
27227	Новосамара	Kirovohradska	Bobrynetskyi	48.5016	36.223
27228	Пенькове	Kirovohradska	Bobrynetskyi	48.5016	36.223
27229	Горіхівка	Kirovohradska	Bobrynetskyi	48.5016	36.223
27230	Федіївка	Kirovohradska	Bobrynetskyi	49.6771	34.2025
27231	Височанове	Kirovohradska	Bobrynetskyi	48.768	33.8126
27232	Витязівка	Kirovohradska	Bobrynetskyi	48.768	33.8126
27233	Бобринка	Kirovohradska	Bobrynetskyi	48.0018	31.9878
27234	Варламівка	Kirovohradska	Bobrynetskyi	48.805	36.08
27235	Поляна	Kirovohradska	Bobrynetskyi	48.768	33.8126
27236	Бредихине	Kirovohradska	Bobrynetskyi	48.768	33.8126
27237	Осикувате	Kirovohradska	Bobrynetskyi	48.768	33.8126
27238	Західне	Kirovohradska	Bobrynetskyi	48.768	33.8126
27239	Іванівка	Kirovohradska	Bobrynetskyi	48.5883	32.9801
27240	Тарасівка	Kirovohradska	Bobrynetskyi	48.5678	33.4795
27241	Чарівне	Kirovohradska	Bobrynetskyi	47.58	36.034
27242	Мирне	Kirovohradska	Bobrynetskyi	48.4543	34.3413
27243	Червонопілля	Kirovohradska	Bobrynetskyi	48.4543	34.3413
27244	Василівка	Kirovohradska	Bobrynetskyi	48.8391	33.2812
27245	Солонцюватка	Kirovohradska	Bobrynetskyi	48.4543	34.3413
27246	Береславка	Kirovohradska	Bobrynetskyi	47.8927	32.2942
27247	Кетрисанівка	Kirovohradska	Bobrynetskyi	48.4543	34.3413
27248	Новомиколаївка	Kirovohradska	Bobrynetskyi	48.5562	34.374
27249	Крутоярка	Kirovohradska	Bobrynetskyi	49.2897	36.5849
27250	Миколо-Бабанка	Kirovohradska	Bobrynetskyi	47.9346	31.8846
27251	Новоградівка	Kirovohradska	Bobrynetskyi	48.5413	33.7096
27252	Рощахівка	Kirovohradska	Bobrynetskyi	48.5413	33.7096
27253	Апрелівське	Kirovohradska	Bobrynetskyi	48.5413	33.7096
27254	Буховецьке	Kirovohradska	Bobrynetskyi	48.5413	33.7096
27255	Роздолля	Kirovohradska	Bobrynetskyi	48.7331	32.2242
27256	Ударне	Kirovohradska	Bobrynetskyi	49.9974	35.837
27257	Березівка	Kirovohradska	Bobrynetskyi	48.7499	33.0987
27258	Кохане	Kirovohradska	Bobrynetskyi	47.2917	35.5035
27259	Яблучко	Kirovohradska	Bobrynetskyi	48.5413	33.7096
27260	Костомарівка	Kirovohradska	Bobrynetskyi	47.6462	33.2909
27261	Веселівка	Kirovohradska	Bobrynetskyi	48.5643	32.4522
27263	Степанівка	Kirovohradska	Bobrynetskyi	48.609	33.199
27268	Южне	Kirovohradska	Bobrynetskyi	46.6221	31.1013
27269	Борисівка	Kirovohradska	Bobrynetskyi	46.7895	36.4111
27270	Веріміївка	Kirovohradska	Bobrynetskyi	48.0936	34.778
27271	Федорівка	Kirovohradska	Bobrynetskyi	48.4691	33.16
27272	Проскурівка	Kirovohradska	Bobrynetskyi	48.0936	34.778
27273	Сорочанове	Kirovohradska	Bobrynetskyi	48.0936	34.778
27274	Ганнопіль	Kirovohradska	Bobrynetskyi	48.0936	34.778
27275	Маріуполь	Kirovohradska	Bobrynetskyi	47.0951	37.5413
27276	Маковіївка	Kirovohradska	Bobrynetskyi	48.0936	34.778
27277	Новокиївка	Kirovohradska	Bobrynetskyi	47.6013	34.7642
27278	Степівка	Kirovohradska	Bobrynetskyi	49.2088	33.6464
27300	Олександрівка	Kirovohradska	Oleksandrivskyi	48.9634	32.2349
27308	Гайове	Kirovohradska	Oleksandrivskyi	48.4714	32.8163
27308	Несваткове	Kirovohradska	Oleksandrivskyi	48.4714	32.8163
27309	Китайгород	Kirovohradska	Oleksandrivskyi	48.9887	32.3293
27310	Антонівка	Kirovohradska	Oleksandrivskyi	49.0076	32.4076
27310	Триліси	Kirovohradska	Oleksandrivskyi	49.0257	32.3785
27310	Северинівка	Kirovohradska	Oleksandrivskyi	49.0008	32.3195
27311	Стара Осота	Kirovohradska	Oleksandrivskyi	49.034	32.2809
27314	Нова Осота	Kirovohradska	Oleksandrivskyi	48.99	32.2552
27315	Вищі Верещаки	Kirovohradska	Oleksandrivskyi	48.9768	32.4379
27316	Бурякове	Kirovohradska	Oleksandrivskyi	49.0091	32.4915
27316	Любомирка	Kirovohradska	Oleksandrivskyi	49.0308	32.4445
27316	Настине	Kirovohradska	Oleksandrivskyi	49.0144	32.4533
27320	Ружичеве	Kirovohradska	Oleksandrivskyi	48.9557	32.5546
27320	Цвітне	Kirovohradska	Oleksandrivskyi	48.9534	32.5031
27321	Бірки	Kirovohradska	Oleksandrivskyi	48.9432	32.2811
27322	Стримівка	Kirovohradska	Oleksandrivskyi	48.9187	32.321
27322	Соснівка	Kirovohradska	Oleksandrivskyi	48.9132	32.3572
27323	Нижчі Верещаки	Kirovohradska	Oleksandrivskyi	48.9441	32.3792
27324	Веселе	Kirovohradska	Oleksandrivskyi	48.9259	32.223
27324	Івангород	Kirovohradska	Oleksandrivskyi	48.9073	32.2335
27325	Омельгород	Kirovohradska	Oleksandrivskyi	48.8833	32.3167
27326	Гутницька	Kirovohradska	Oleksandrivskyi	48.8987	32.5467
27326	Красносілля	Kirovohradska	Oleksandrivskyi	48.8954	32.4447
27330	Красносілка	Kirovohradska	Oleksandrivskyi	48.8807	31.9819
27331	Бандурове	Kirovohradska	Oleksandrivskyi	49.2391	32.254
27332	Ставидла	Kirovohradska	Oleksandrivskyi	48.8393	31.9862
27332	Хайнівка	Kirovohradska	Oleksandrivskyi	48.8393	31.9862
27332	Могилів Курінь	Kirovohradska	Oleksandrivskyi	48.8393	31.9862
27333	Голикове	Kirovohradska	Oleksandrivskyi	49.2391	32.254
27334	Кримки	Kirovohradska	Oleksandrivskyi	49.2391	32.254
27335	Польове	Kirovohradska	Oleksandrivskyi	51.4023	32.4704
27335	Бовтишка	Kirovohradska	Oleksandrivskyi	51.4023	32.4704
27336	Миколаївка	Kirovohradska	Oleksandrivskyi	48.6094	32.5339
27336	Розумівка	Kirovohradska	Oleksandrivskyi	48.8304	32.151
27338	Іванівка	Kirovohradska	Oleksandrivskyi	49.0547	32.3451
27338	Поселянівка	Kirovohradska	Oleksandrivskyi	49.0566	32.3097
27340	Біляївка	Kirovohradska	Oleksandrivskyi	48.8488	32.3357
27340	Михайлівка	Kirovohradska	Oleksandrivskyi	48.8284	32.4068
27341	Плішки	Kirovohradska	Oleksandrivskyi	48.768	32.3149
27341	Єлизаветградка	Kirovohradska	Oleksandrivskyi	48.8038	32.4046
27342	Григорівка	Kirovohradska	Oleksandrivskyi	48.8136	32.2888
27342	Підлісне	Kirovohradska	Oleksandrivskyi	48.7831	32.2539
27343	Липівка	Kirovohradska	Oleksandrivskyi	49.1487	36.0458
27343	Родниківка	Kirovohradska	Oleksandrivskyi	49.1487	36.0458
27343	Мар'янівка	Kirovohradska	Oleksandrivskyi	49.1487	36.0458
27344	Ясинуватка	Kirovohradska	Oleksandrivskyi	48.7444	32.894
27345	Роздолля	Kirovohradska	Oleksandrivskyi	48.7331	32.2242
27345	Тарасівка	Kirovohradska	Oleksandrivskyi	48.5678	33.4795
27345	Букварка	Kirovohradska	Oleksandrivskyi	48.745	32.1849
27346	Лісове	Kirovohradska	Oleksandrivskyi	48.7986	32.803
27347	Світова Зірка	Kirovohradska	Oleksandrivskyi	48.7986	32.803
27353	Ясинове	Kirovohradska	Oleksandrivskyi	48.8681	32.3561
27400	Знам'янка	Kirovohradska	Znamianskyi	48.7425	32.6953
27401	Долина	Kirovohradska	Znamianskyi	48.738	32.7536
27402	Гостинне	Kirovohradska	Znamianskyi	48.7471	32.6371
27403	Знам'янка	Kirovohradska	Znamianskyi	48.7425	32.6953
27405	Знам'янка	Kirovohradska	Znamianskyi	48.7425	32.6953
27406	Знам'янка	Kirovohradska	Znamianskyi	48.7425	32.6953
27410	Знам'янка Друга (Знам'янська Друга селищна Рада м.Знам'янка)	Kirovohradska	Znamianskyi	48.6815	32.5439
27413	Водяне	Kirovohradska	Znamianskyi	48.7456	32.569
27414	Новороманівка	Kirovohradska	Znamianskyi	48.6244	32.5831
27415	Саблине	Kirovohradska	Znamianskyi	48.6476	32.6534
27416	Сокольники	Kirovohradska	Znamianskyi	48.6815	32.5439
27417	Костянтинівка	Kirovohradska	Znamianskyi	48.6737	32.5293
27418	Копані	Kirovohradska	Znamianskyi	48.7161	32.3849
27419	Новотрепівка	Kirovohradska	Znamianskyi	48.6815	32.5439
27420	Іванківці	Kirovohradska	Znamianskyi	48.9112	32.7154
27421	Юхимове	Kirovohradska	Znamianskyi	48.9289	32.6325
27422	Дмитрівка	Kirovohradska	Znamianskyi	48.7969	32.7165
27423	Топило	Kirovohradska	Znamianskyi	48.7361	32.3724
27424	Дмитрівка	Kirovohradska	Znamianskyi	48.7969	32.7165
27425	Веселий Кут	Kirovohradska	Znamianskyi	48.8235	32.5837
27426	Плоске	Kirovohradska	Znamianskyi	48.8503	32.6742
27427	Макариха	Kirovohradska	Znamianskyi	48.8164	32.8132
27428	Диківка	Kirovohradska	Znamianskyi	48.7759	32.8448
27429	Глибока Балка	Kirovohradska	Znamianskyi	48.7013	32.4132
27430	Цибулеве	Kirovohradska	Znamianskyi	48.8175	32.4777
27431	Богданівка	Kirovohradska	Znamianskyi	48.7461	32.5095
27432	Богданівка	Kirovohradska	Znamianskyi	48.7461	32.5095
27433	Кучерівка	Kirovohradska	Znamianskyi	48.7388	32.422
27434	Нововодяне	Kirovohradska	Znamianskyi	48.6375	32.373
27435	Веселівка	Kirovohradska	Znamianskyi	48.9221	32.766
27436	Калинівка	Kirovohradska	Znamianskyi	48.7894	32.6484
27437	Новопокровка	Kirovohradska	Znamianskyi	48.8526	32.8107
27438	Заломи	Kirovohradska	Znamianskyi	48.9036	32.6257
27439	Троянка	Kirovohradska	Znamianskyi	48.6522	32.7744
27440	Трепівка	Kirovohradska	Znamianskyi	48.6893	32.3642
27441	Зелений Гай	Kirovohradska	Znamianskyi	48.5845	32.448
27442	Долино-Кам'янка	Kirovohradska	Znamianskyi	48.6729	32.3035
27443	Казарня	Kirovohradska	Znamianskyi	48.6644	32.4164
27444	Суботці	Kirovohradska	Znamianskyi	48.6555	32.5209
27445	Коханівка	Kirovohradska	Znamianskyi	48.7085	32.4824
27446	Веселка	Kirovohradska	Znamianskyi	48.6699	32.8027
27447	Новоолександрівка	Kirovohradska	Znamianskyi	48.5513	32.6457
27448	Новополяна	Kirovohradska	Znamianskyi	48.6542	32.4943
27449	Мілова Балка	Kirovohradska	Znamianskyi	48.6915	32.4647
27450	Петрове	Kirovohradska	Znamianskyi	48.698	32.7053
27451	Пантазіївка	Kirovohradska	Znamianskyi	48.6529	32.8224
27452	Володимирівка	Kirovohradska	Znamianskyi	48.6438	32.6802
27453	Мошорине	Kirovohradska	Znamianskyi	48.626	32.7137
27454	Васине	Kirovohradska	Znamianskyi	48.5709	32.707
27458	Барвінівка	Kirovohradska	Znamianskyi	48.6325	32.3989
27500	Світловодськ	Kirovohradska	Svitlovodskyi	49.0489	33.2411
27501	Світловодськ	Kirovohradska	Svitlovodskyi	49.0489	33.2411
27502	Світловодськ	Kirovohradska	Svitlovodskyi	49.0489	33.2411
27503	Світловодськ	Kirovohradska	Svitlovodskyi	49.0489	33.2411
27505	Світловодськ	Kirovohradska	Svitlovodskyi	49.0489	33.2411
27507	Світловодськ	Kirovohradska	Svitlovodskyi	49.0489	33.2411
27519	Павлівка	Kirovohradska	Svitlovodskyi	48.9893	33.2581
27520	Велика Андрусівка	Kirovohradska	Svitlovodskyi	49.0626	32.9426
27521	Калантаїв	Kirovohradska	Svitlovodskyi	49.0562	32.8942
27522	Подорожнє	Kirovohradska	Svitlovodskyi	49.0478	33.0668
27523	Нагірне	Kirovohradska	Svitlovodskyi	49.081	33.1012
27524	Вільне	Kirovohradska	Svitlovodskyi	47.6365	34.8139
27525	Бабичівка	Kirovohradska	Svitlovodskyi	49.0567	33.0402
27526	Сніжкова Балка	Kirovohradska	Svitlovodskyi	49.059	32.842
27527	Кобзарівка	Kirovohradska	Svitlovodskyi	48.9698	33.0156
27528	Оврагове	Kirovohradska	Svitlovodskyi	48.9469	32.9439
27529	Арсенівка	Kirovohradska	Svitlovodskyi	48.935	32.8578
27530	Микільське	Kirovohradska	Svitlovodskyi	48.9693	33.0425
27531	Золотарівка	Kirovohradska	Svitlovodskyi	48.9914	33.0957
27532	Глинськ	Kirovohradska	Svitlovodskyi	48.9562	32.8995
27532	Ганнівка	Kirovohradska	Svitlovodskyi	48.9312	32.9127
27533	Григорівка	Kirovohradska	Svitlovodskyi	48.9619	32.9763
27534	Яремівка	Kirovohradska	Svitlovodskyi	48.9804	33.002
27535	Федірки	Kirovohradska	Svitlovodskyi	48.9332	32.8042
27536	Семигір'я	Kirovohradska	Svitlovodskyi	49.0114	32.9052
27537	Сніжкове	Kirovohradska	Svitlovodskyi	48.9463	32.765
27538	Аудиторівка	Kirovohradska	Svitlovodskyi	48.8805	32.967
27539	Серебряне	Kirovohradska	Svitlovodskyi	48.8772	32.9998
27540	Миронівка	Kirovohradska	Svitlovodskyi	48.9045	33.1176
27541	Велика Скельова	Kirovohradska	Svitlovodskyi	48.9544	33.1929
27542	Озера	Kirovohradska	Svitlovodskyi	48.8824	33.1801
27543	Талова Балка	Kirovohradska	Svitlovodskyi	48.9142	33.1998
27544	Іванівка	Kirovohradska	Svitlovodskyi	49.0547	32.3451
27545	Захарівка	Kirovohradska	Svitlovodskyi	48.8442	33.0019
27546	Олексіївка	Kirovohradska	Svitlovodskyi	48.9257	33.0062
27552	Власівка	Kirovohradska	Svitlovodskyi	49.115	33.2816
27601	Високі Байраки	Kirovohradska	Kirovohradskyi	48.6069	32.3369
27602	Созонівка	Kirovohradska	Kirovohradskyi	48.5735	32.3232
27603	Веселівка	Kirovohradska	Kirovohradskyi	48.9221	32.766
27604	Гаївка	Kirovohradska	Kirovohradskyi	48.5073	32.4511
27605	Бережинка	Kirovohradska	Kirovohradskyi	48.488	32.357
27606	Українка	Kirovohradska	Kirovohradskyi	50.1432	30.7461
27607	Івано-Благодатне	Kirovohradska	Kirovohradskyi	49.406	32.2692
27608	Черняхівка	Kirovohradska	Kirovohradskyi	51.1199	32.0319
27609	Липове	Kirovohradska	Kirovohradskyi	50.8872	33.141
27610	Оситняжка	Kirovohradska	Kirovohradskyi	48.6799	32.192
27611	Володимирівка	Kirovohradska	Kirovohradskyi	48.6438	32.6802
27612	Могутнє	Kirovohradska	Kirovohradskyi	47.0472	35.7421
27613	Велика Северинка	Kirovohradska	Kirovohradskyi	48.6086	32.225
27614	Олексіївка	Kirovohradska	Kirovohradskyi	48.9579	28.0637
27615	Новопетрівка	Kirovohradska	Kirovohradskyi	48.4582	32.3986
27616	Підгайці	Kirovohradska	Kirovohradskyi	48.5928	32.2476
27617	Лозуватка	Kirovohradska	Kirovohradskyi	48.6264	32.9237
27618	Кандаурове	Kirovohradska	Kirovohradskyi	48.6423	32.2567
27619	Петрово	Kirovohradska	Kirovohradskyi	48.3247	33.2562
27620	Аджамка	Kirovohradska	Kirovohradskyi	48.5424	32.5354
27621	Новоолександрівка	Kirovohradska	Kirovohradskyi	48.5513	32.6457
27622	Червоний Яр	Kirovohradska	Kirovohradskyi	48.5118	32.6069
27623	Нововолодимирівка	Kirovohradska	Kirovohradskyi	48.5372	32.591
27624	Привілля	Kirovohradska	Kirovohradskyi	48.485	32.504
27625	Макове	Kirovohradska	Kirovohradskyi	48.4911	32.3883
27626	Верхівці	Kirovohradska	Kirovohradskyi	48.4767	32.383
27627	Демешкове	Kirovohradska	Kirovohradskyi	48.4725	32.4881
27628	Любо-Надеждівка	Kirovohradska	Kirovohradskyi	48.5534	32.6285
27629	Попівка	Kirovohradska	Kirovohradskyi	48.9129	33.514
27630	Обознівка	Kirovohradska	Kirovohradskyi	49.2893	33.4325
27631	Катеринівка	Kirovohradska	Kirovohradskyi	48.533	33.4123
27632	Грузьке	Kirovohradska	Kirovohradskyi	48.1877	32.2103
27633	Овсяниківка	Kirovohradska	Kirovohradskyi	48.1877	32.2103
27634	Миколаївка	Kirovohradska	Kirovohradskyi	48.6094	32.5339
27635	Шостаківка	Kirovohradska	Kirovohradskyi	48.516	31.976
27636	Олено-Косогорівка	Kirovohradska	Kirovohradskyi	48.1877	32.2103
27637	Неопалимівка	Kirovohradska	Kirovohradskyi	48.1877	32.2103
27638	Зоря	Kirovohradska	Kirovohradskyi	45.9908	29.6967
27640	Вільне	Kirovohradska	Kirovohradskyi	47.6365	34.8139
27641	Соколівське	Kirovohradska	Kirovohradskyi	48.975	32.614
27642	Назарівка	Kirovohradska	Kirovohradskyi	48.0247	34.0848
27643	Карлівка	Kirovohradska	Kirovohradskyi	49.4572	35.1298
27644	Ганнинське	Kirovohradska	Kirovohradskyi	48.975	32.614
27645	Вишняківка	Kirovohradska	Kirovohradskyi	48.975	32.614
27646	Шевченкове	Kirovohradska	Kirovohradskyi	48.6302	32.8129
27647	Корлюгівка	Kirovohradska	Kirovohradskyi	48.975	32.614
27648	Лісне	Kirovohradska	Kirovohradskyi	51.3141	30.6995
27649	Мальовниче	Kirovohradska	Kirovohradskyi	48.7875	28.1432
27650	Покровське	Kirovohradska	Kirovohradskyi	48.4424	32.4628
27651	Клинці	Kirovohradska	Kirovohradskyi	48.4832	33.683
27652	Первозванівка	Kirovohradska	Kirovohradskyi	48.3054	34.3463
27653	Калинівка	Kirovohradska	Kirovohradskyi	48.7894	32.6484
27654	Федорівка	Kirovohradska	Kirovohradskyi	48.7822	33.1445
27655	Іванівка	Kirovohradska	Kirovohradskyi	48.8681	32.9011
27656	Степове	Kirovohradska	Kirovohradskyi	47.7116	36.5949
27662	Осикувате	Kirovohradska	Kirovohradskyi	48.4049	33.7682
27663	Миронівка	Kirovohradska	Kirovohradskyi	48.9045	33.1176
27664	Олександрівка	Kirovohradska	Kirovohradskyi	48.9634	32.2349
27665	Аврамівка	Kirovohradska	Kirovohradskyi	48.187	35.8537
27666	Безводня	Kirovohradska	Kirovohradskyi	48.7522	33.9872
27667	Дар'ївка	Kirovohradska	Kirovohradskyi	48.7522	33.9872
27668	Оленівка	Kirovohradska	Kirovohradskyi	48.7522	33.9872
27669	Нова Павлівка	Kirovohradska	Kirovohradskyi	49.3014	34.9614
27670	Молодецьке	Kirovohradska	Kirovohradskyi	48.5768	32.4285
27671	Медерове	Kirovohradska	Kirovohradskyi	48.5686	32.6658
27672	Рожнятівка	Kirovohradska	Kirovohradskyi	48.6208	32.3161
27673	Андросове	Kirovohradska	Kirovohradskyi	48.5768	32.4285
27674	Червоний Кут	Kirovohradska	Kirovohradskyi	48.614	32.2926
27675	Зелений гай	Kirovohradska	Kirovohradskyi	48.5845	32.448
27676	Миколаївські Сади	Kirovohradska	Kirovohradskyi	48.5768	32.4285
27677	Паращине Поле	Kirovohradska	Kirovohradskyi	48.5768	32.4285
27678	Новогригорівка	Kirovohradska	Kirovohradskyi	48.4964	32.42
28000	Олександрія	Kirovohradska	Oleksandriiskyi	48.6696	33.1159
28001	Олександрія	Kirovohradska	Oleksandriiskyi	48.6696	33.1159
28002	Олександрія	Kirovohradska	Oleksandriiskyi	48.6696	33.1159
28006	Олександрія	Kirovohradska	Oleksandriiskyi	48.6696	33.1159
28008	Олександрія	Kirovohradska	Oleksandriiskyi	48.6696	33.1159
28009	Олександрія	Kirovohradska	Oleksandriiskyi	48.6696	33.1159
28020	Приютівка	Kirovohradska	Oleksandriiskyi	48.7209	33.0708
28021	Войнівка	Kirovohradska	Oleksandriiskyi	48.7003	33.0683
28022	Новоселівка	Kirovohradska	Oleksandriiskyi	48.5748	35.2419
28023	Пантаївка	Kirovohradska	Oleksandriiskyi	48.674	32.8841
28024	Марто-Іванівка	Kirovohradska	Oleksandriiskyi	48.6344	33.1052
28025	Звенигородка	Kirovohradska	Oleksandriiskyi	48.6193	33.1363
28026	Григорівка	Kirovohradska	Oleksandriiskyi	48.5451	32.9812
28027	Лозуватка	Kirovohradska	Oleksandriiskyi	48.6264	32.9237
28028	Іванівка	Kirovohradska	Oleksandriiskyi	48.5883	32.9801
28029	Протопопівка	Kirovohradska	Oleksandriiskyi	48.7429	33.0449
28030	Косівка	Kirovohradska	Oleksandriiskyi	48.8092	33.0306
28031	Костянтинівка	Kirovohradska	Oleksandriiskyi	48.6737	32.5293
28032	Лікарівка	Kirovohradska	Oleksandriiskyi	48.7966	33.1676
28033	Недогарки	Kirovohradska	Oleksandriiskyi	48.7853	33.2646
28034	Олександро-Степанівка	Kirovohradska	Oleksandriiskyi	48.6041	33.1555
28034	Приютівка	Kirovohradska	Oleksandriiskyi	48.7209	33.0708
28035	Березівка	Kirovohradska	Oleksandriiskyi	48.7499	33.0987
28036	Бандурівка	Kirovohradska	Oleksandriiskyi	48.7452	32.943
28037	Ясинуватка	Kirovohradska	Oleksandriiskyi	48.7444	32.894
28038	Діброви (Протопопівська сільська рада)	Kirovohradska	Oleksandriiskyi	48.7195	33.0601
28039	Зелений Барвінок	Kirovohradska	Oleksandriiskyi	48.5653	33.4469
28040	Олександрійське (Олександрі́йська міська́ ра́да)	Kirovohradska	Oleksandriiskyi	48.5646	33.0432
28041	Світлопіль	Kirovohradska	Oleksandriiskyi	48.6018	32.8141
28042	Нова Прага	Kirovohradska	Oleksandriiskyi	48.5682	32.9027
28043	Головківка	Kirovohradska	Oleksandriiskyi	48.5741	33.0622
28044	Квітневе	Kirovohradska	Oleksandriiskyi	48.4714	32.8855
28044	Олександро-Пащинкове	Kirovohradska	Oleksandriiskyi	48.4823	32.8324
28044	Шарівка	Kirovohradska	Oleksandriiskyi	48.5041	32.7953
28044	Гайове	Kirovohradska	Oleksandriiskyi	48.4714	32.8163
28045	Катеринівка	Kirovohradska	Oleksandriiskyi	48.533	33.4123
28046	Медове	Kirovohradska	Oleksandriiskyi	48.5646	33.0432
28047	Першотравневе	Kirovohradska	Oleksandriiskyi	48.6	33.4167
28048	Ялинівка	Kirovohradska	Oleksandriiskyi	48.6571	33.3771
28049	Веселе	Kirovohradska	Oleksandriiskyi	48.665	32.9498
28050	Новозолотарівка	Kirovohradska	Oleksandriiskyi	48.7599	33.3635
28050	Дівоче Поле	Kirovohradska	Oleksandriiskyi	48.746	33.3976
28051	Олександрівка	Kirovohradska	Oleksandriiskyi	48.9634	32.2349
28052	Куколівка	Kirovohradska	Oleksandriiskyi	48.6423	33.2885
28053	Андріївка	Kirovohradska	Oleksandriiskyi	48.6363	33.2315
28054	Добронадіївка	Kirovohradska	Oleksandriiskyi	48.5871	33.3952
28055	Щасливе	Kirovohradska	Oleksandriiskyi	48.5667	33.3333
28056	Ізмайлівка	Kirovohradska	Oleksandriiskyi	48.5618	33.2109
28057	Олександро-Степанівка	Kirovohradska	Oleksandriiskyi	48.6041	33.1555
28058	Сургани	Kirovohradska	Oleksandriiskyi	48.6782	33.2289
28059	Зелений Гай	Kirovohradska	Oleksandriiskyi	48.5837	33.4202
28060	Долинське	Kirovohradska	Oleksandriiskyi	48.3553	33.7967
28061	Травневе	Kirovohradska	Oleksandriiskyi	47.0128	35.4702
28062	Попельнасте	Kirovohradska	Oleksandriiskyi	48.6612	33.7071
28063	Червона Кам'янка	Kirovohradska	Oleksandriiskyi	48.6509	33.4432
28064	Михайлівка	Kirovohradska	Oleksandriiskyi	48.5845	33.5134
28065	Улянівка	Kirovohradska	Oleksandriiskyi	48.5916	33.4707
28066	Рожеве	Kirovohradska	Oleksandriiskyi	48.6306	33.1755
28072	Сонине	Kirovohradska	Oleksandriiskyi	48.6805	33.2965
28073	Степанівка	Kirovohradska	Oleksandriiskyi	48.609	33.199
28074	Мар'ївка	Kirovohradska	Oleksandriiskyi	48.6311	33.3845
28075	Петрозагір'я	Kirovohradska	Oleksandriiskyi	48.6311	33.3845
28076	Трудівка	Kirovohradska	Oleksandriiskyi	48.7136	33.3481
28077	Пахарівка	Kirovohradska	Oleksandriiskyi	48.5844	33.5993
28078	Тарасівка	Kirovohradska	Oleksandriiskyi	48.5678	33.4795
28079	Тарасово-Шевченкове (Улянівська сільська рада)	Kirovohradska	Oleksandriiskyi	48.6311	33.3845
28080	Солов'ївка	Kirovohradska	Oleksandriiskyi	48.7209	33.3917
28081	Братське	Kirovohradska	Oleksandriiskyi	48.7086	33.5576
28082	Зелена Балка	Kirovohradska	Oleksandriiskyi	48.6544	33.538
28083	Зелене	Kirovohradska	Oleksandriiskyi	48.4575	33.4221
28084	Запоріжжя	Kirovohradska	Oleksandriiskyi	48.7285	33.2088
28085	Новоолексіївка	Kirovohradska	Oleksandriiskyi	48.8393	33.16
28086	Вільний Посад	Kirovohradska	Oleksandriiskyi	48.7209	33.3917
28087	Новоулянівка	Kirovohradska	Oleksandriiskyi	48.7209	33.3917
28088	Глибоке	Kirovohradska	Oleksandriiskyi	48.7883	33.2333
28089	Морозівка	Kirovohradska	Oleksandriiskyi	48.8699	33.622
28090	Оліївка	Kirovohradska	Oleksandriiskyi	48.7311	32.9908
28091	Бутівське	Kirovohradska	Oleksandriiskyi	48.8692	33.1158
28092	Занфірівка	Kirovohradska	Oleksandriiskyi	48.8565	33.1159
28093	Видне	Kirovohradska	Oleksandriiskyi	48.5228	33.2202
28094	Гайок	Kirovohradska	Oleksandriiskyi	48.5285	33.2474
28095	Королівка	Kirovohradska	Oleksandriiskyi	48.5769	33.2175
28096	Піщаний Брід	Kirovohradska	Oleksandriiskyi	48.5835	33.1914
28097	Пустельникове	Kirovohradska	Oleksandriiskyi	48.5376	33.1789
28100	Онуфріївка	Kirovohradska	Onufriivskyi	48.9072	33.4487
28104	Попівка	Kirovohradska	Onufriivskyi	48.9129	33.514
28110	Павлиш	Kirovohradska	Onufriivskyi	48.9176	33.3569
28111	Браїлівка	Kirovohradska	Onufriivskyi	48.9528	33.2731
28112	Шевченка	Kirovohradska	Onufriivskyi	48.8802	33.2678
28113	Камбурліївка	Kirovohradska	Onufriivskyi	48.8723	33.3972
28114	Омельник	Kirovohradska	Onufriivskyi	48.8261	33.918
28115	Василівка	Kirovohradska	Onufriivskyi	48.8391	33.2812
28116	Байдакове	Kirovohradska	Onufriivskyi	48.829	33.3594
28117	Морозівка	Kirovohradska	Onufriivskyi	48.8699	33.622
28118	Петрівка	Kirovohradska	Onufriivskyi	48.8313	33.6625
28119	Дача	Kirovohradska	Onufriivskyi	48.4427	38.0422
28120	Успенка	Kirovohradska	Onufriivskyi	48.9306	33.6339
28121	Деріївка	Kirovohradska	Onufriivskyi	48.9105	33.7856
28122	Куцеволівка	Kirovohradska	Onufriivskyi	48.8592	33.5177
28123	Млинок	Kirovohradska	Onufriivskyi	48.8565	33.6511
28124	П'ятомиколаївка	Kirovohradska	Onufriivskyi	48.8233	33.6427
28125	Ясинуватка	Kirovohradska	Onufriivskyi	48.8402	33.8208
28126	Любівка	Kirovohradska	Onufriivskyi	48.9098	33.4818
28127	Павловолуйськ	Kirovohradska	Onufriivskyi	48.8763	33.5745
28128	Солдатське	Kirovohradska	Onufriivskyi	48.9117	33.5395
28129	Костянтинівка	Kirovohradska	Onufriivskyi	48.6737	32.5293
28130	Вишнівці	Kirovohradska	Onufriivskyi	48.8167	33.4667
28131	Зибкове	Kirovohradska	Onufriivskyi	48.7692	33.4675
28132	Мар'ївка	Kirovohradska	Onufriivskyi	48.6704	33.2545
28134	Калачівка	Kirovohradska	Onufriivskyi	48.6704	33.2545
28135	Лозуватка	Kirovohradska	Onufriivskyi	48.6264	32.9237
28136	Федорівка	Kirovohradska	Onufriivskyi	48.4691	33.16
28200	Новгородка	Kirovohradska	Novhorodkivskyi	48.3651	32.6578
28201	Воронцівка	Kirovohradska	Novhorodkivskyi	45.8447	33.7966
28205	Велика Чечеліївка	Kirovohradska	Novhorodkivskyi	47.1049	33.2272
28206	Просторе	Kirovohradska	Novhorodkivskyi	47.1049	33.2272
28207	Ручайки	Kirovohradska	Novhorodkivskyi	47.1049	33.2272
28208	Білопіль	Kirovohradska	Novhorodkivskyi	47.1049	33.2272
28209	Корбомиколаївка	Kirovohradska	Novhorodkivskyi	47.1049	33.2272
28210	Митрофанівка	Kirovohradska	Novhorodkivskyi	48.5693	33.2901
28211	Вершино-Кам'янка	Kirovohradska	Novhorodkivskyi	48.5693	33.2901
28212	Новоандріївка	Kirovohradska	Novhorodkivskyi	48.5693	33.2901
28213	Веселе	Kirovohradska	Novhorodkivskyi	48.665	32.9498
28214	Тарасівка	Kirovohradska	Novhorodkivskyi	48.5678	33.4795
28215	Інгуло-Кам'янка	Kirovohradska	Novhorodkivskyi	48.5693	33.2901
28216	Новомиколаївка	Kirovohradska	Novhorodkivskyi	48.5562	34.374
28217	Спільне	Kirovohradska	Novhorodkivskyi	48.5693	33.2901
28218	Рибчине	Kirovohradska	Novhorodkivskyi	48.5693	33.2901
28219	Бережинка	Kirovohradska	Novhorodkivskyi	48.488	32.357
28220	Петрокорбівка	Kirovohradska	Novhorodkivskyi	48.5397	33.6359
28221	Дубівка	Kirovohradska	Novhorodkivskyi	48.4671	33.0187
28222	Спасове	Kirovohradska	Novhorodkivskyi	48.5397	33.6359
28223	Верблюжка	Kirovohradska	Novhorodkivskyi	48.5397	33.6359
28224	Перше Травня	Kirovohradska	Novhorodkivskyi	48.6122	34.2531
28225	Козирівка	Kirovohradska	Novhorodkivskyi	48.5397	33.6359
28226	Верблюжка	Kirovohradska	Novhorodkivskyi	48.5397	33.6359
28227	Куцівка	Kirovohradska	Novhorodkivskyi	48.5397	33.6359
28228	Білозерне	Kirovohradska	Novhorodkivskyi	48.5397	33.6359
28235	Ольгівка	Kirovohradska	Novhorodkivskyi	48.1958	33.3608
28300	Петрове	Kirovohradska	Petrivskyi	48.3247	33.2562
28301	Новомануйлівка	Kirovohradska	Petrivskyi	48.709	34.5012
28302	Олександродар	Kirovohradska	Petrivskyi	48.709	34.5012
28303	Братське	Kirovohradska	Petrivskyi	48.7086	33.5576
28305	Мала Ганнівка	Kirovohradska	Petrivskyi	48.709	34.5012
28306	Солдатське	Kirovohradska	Petrivskyi	48.9117	33.5395
28307	Краснопілля	Kirovohradska	Petrivskyi	50.7746	35.2596
28308	Лелеківка	Kirovohradska	Petrivskyi	48.709	34.5012
28309	Новопетрівка	Kirovohradska	Petrivskyi	46.8255	36.8931
28310	Новий Стародуб	Kirovohradska	Petrivskyi	48.5158	33.1733
28311	Федорівка	Kirovohradska	Petrivskyi	48.4691	33.16
28312	Червоносілля	Kirovohradska	Petrivskyi	48.536	33.125
28313	Олімпіадівка	Kirovohradska	Petrivskyi	48.4975	33.0666
28314	Балахівка	Kirovohradska	Petrivskyi	48.4206	33.4095
28315	Чечеліївка	Kirovohradska	Petrivskyi	48.4206	33.4095
28316	Олександрівка	Kirovohradska	Petrivskyi	48.9634	32.2349
28317	Малинівка	Kirovohradska	Petrivskyi	49.8167	36.7333
28318	Новофедорівка	Kirovohradska	Petrivskyi	46.1713	32.3178
28319	Лани	Kirovohradska	Petrivskyi	48.3952	33.4649
28320	Зелене	Kirovohradska	Petrivskyi	48.4575	33.4221
28321	Іванівка	Kirovohradska	Petrivskyi	49.0547	32.3451
28322	Козацьке	Kirovohradska	Petrivskyi	48.6492	32.5917
28323	Йосипівка	Kirovohradska	Petrivskyi	48.6492	32.5917
28324	Олександро-Мар'ївка	Kirovohradska	Petrivskyi	48.6492	32.5917
28325	Ганнівка	Kirovohradska	Petrivskyi	48.9312	32.9127
28326	Володимирівка	Kirovohradska	Petrivskyi	48.5713	30.7475
28327	Рядове	Kirovohradska	Petrivskyi	48.2312	33.5309
28330	Водяне	Kirovohradska	Petrivskyi	48.7456	32.569
28331	Маловодяне	Kirovohradska	Petrivskyi	48.7927	31.1389
28332	Богданівка	Kirovohradska	Petrivskyi	48.7461	32.5095
28333	Червонокостянтинівка	Kirovohradska	Petrivskyi	48.7927	31.1389
28334	Баштине	Kirovohradska	Petrivskyi	48.7927	31.1389
28335	Луганка	Kirovohradska	Petrivskyi	48.7927	31.1389
28337	Іскрівка	Kirovohradska	Petrivskyi	48.8864	28.3383
28339	Сабадашево	Kirovohradska	Petrivskyi	48.7927	31.1389
28340	Зелений-Гай	Kirovohradska	Petrivskyi	48.5968	33.1503
28400	Компаніївка	Kirovohradska	Kompaniivskyi	51.1302	34.3506
28406	Живанівка	Kirovohradska	Kompaniivskyi	51.1302	34.3506
28407	Лужок	Kirovohradska	Kompaniivskyi	50.0822	36.1194
28408	Громадське	Kirovohradska	Kompaniivskyi	51.1302	34.3506
28409	Семенівка	Kirovohradska	Kompaniivskyi	52.1783	32.5818
28410	Мар'ївка	Kirovohradska	Kompaniivskyi	48.3737	34.2209
28411	Зелене	Kirovohradska	Kompaniivskyi	48.4575	33.4221
28412	Гарманівка	Kirovohradska	Kompaniivskyi	49.1961	35.8817
28413	Губівка	Kirovohradska	Kompaniivskyi	48.3737	34.2209
28414	Червоновершка	Kirovohradska	Kompaniivskyi	48.3216	32.1206
28415	Роздолля	Kirovohradska	Kompaniivskyi	48.7331	32.2242
28416	Сасівка	Kirovohradska	Kompaniivskyi	48.3737	34.2209
28417	Трудолюбівка	Kirovohradska	Kompaniivskyi	48.1047	35.6942
28418	Обертасове	Kirovohradska	Kompaniivskyi	48.3737	34.2209
28419	Вербове	Kirovohradska	Kompaniivskyi	47.4293	35.9828
28420	Нечаївка	Kirovohradska	Kompaniivskyi	48.1958	33.3041
28421	Виноградівка	Kirovohradska	Kompaniivskyi	48.1958	33.3041
28422	Софіївка	Kirovohradska	Kompaniivskyi	48.0487	33.8762
28423	Антонівка	Kirovohradska	Kompaniivskyi	49.0076	32.4076
28424	Водяне	Kirovohradska	Kompaniivskyi	48.7456	32.569
28425	Полтавка	Kirovohradska	Kompaniivskyi	48.1644	32.1978
28426	Покровка	Kirovohradska	Kompaniivskyi	48.1958	33.3041
28427	Долинівка	Kirovohradska	Kompaniivskyi	48.1958	33.3041
28428	Ромашки	Kirovohradska	Kompaniivskyi	48.1958	33.3041
28429	Травневе	Kirovohradska	Kompaniivskyi	47.0128	35.4702
28430	Петрівка	Kirovohradska	Kompaniivskyi	48.8313	33.6625
28431	Першотравенка	Kirovohradska	Kompaniivskyi	48.7822	34.806
28432	Лозуватка	Kirovohradska	Kompaniivskyi	48.8276	33.5667
28433	Червона Слобода	Kirovohradska	Kompaniivskyi	49.3789	32.1464
28434	Коротяк	Kirovohradska	Kompaniivskyi	48.859	33.8472
28435	Криничувате	Kirovohradska	Kompaniivskyi	47.9069	34.3195
28436	Золотницьке	Kirovohradska	Kompaniivskyi	48.7842	33.6465
28437	Братерське	Kirovohradska	Kompaniivskyi	48.859	33.8472
28438	Морквина	Kirovohradska	Kompaniivskyi	48.859	33.8472
28439	Бузова	Kirovohradska	Kompaniivskyi	49.5022	34.783
28440	Коневе	Kirovohradska	Kompaniivskyi	48.1844	34.0702
28441	Голубієвичі	Kirovohradska	Kompaniivskyi	48.1844	34.0702
28442	Кременчувате	Kirovohradska	Kompaniivskyi	48.1844	34.0702
28443	Малоконеве	Kirovohradska	Kompaniivskyi	48.1844	34.0702
28444	Грізне	Kirovohradska	Kompaniivskyi	48.0294	35.3511
28445	Богодарівка	Kirovohradska	Kompaniivskyi	47.9517	36.2118
28446	Березнегувате	Kirovohradska	Kompaniivskyi	47.3078	32.8499
28447	Павлівка	Kirovohradska	Kompaniivskyi	48.9893	33.2581
28448	Володимирівка	Kirovohradska	Kompaniivskyi	48.6438	32.6802
28449	Гордіївка	Kirovohradska	Kompaniivskyi	48.1844	34.0702
28450	Вишнівка	Kirovohradska	Kompaniivskyi	48.6567	33.9132
28451	Волошки	Kirovohradska	Kompaniivskyi	48.6567	33.9132
28452	Дружба	Kirovohradska	Kompaniivskyi	48.6567	33.9132
28453	Наглядівка	Kirovohradska	Kompaniivskyi	48.6567	33.9132
28454	Інженерівка	Kirovohradska	Kompaniivskyi	48.6567	33.9132
28500	Долинська	Kirovohradska	Dolynskyi	48.183	33.3456
28505	Маловодяне	Kirovohradska	Dolynskyi	48.183	33.3456
28506	Березівка	Kirovohradska	Dolynskyi	48.7499	33.0987
28507	Широка Балка	Kirovohradska	Dolynskyi	46.7915	34.5307
28508	Антонівка	Kirovohradska	Dolynskyi	49.0076	32.4076
28509	Благодатне	Kirovohradska	Dolynskyi	48.183	33.3456
28510	Варварівка	Kirovohradska	Dolynskyi	51.0924	32.6746
28511	Василівка	Kirovohradska	Dolynskyi	48.8391	33.2812
28512	Братолюбівка	Kirovohradska	Dolynskyi	48.9306	36.4447
28513	Іванівка	Kirovohradska	Dolynskyi	48.5883	32.9801
28514	Бокове	Kirovohradska	Dolynskyi	49.058	34.559
28515	Ганнівка	Kirovohradska	Dolynskyi	49.058	34.559
28516	Бокове	Kirovohradska	Dolynskyi	48.2332	39.4284
28517	Червоне Озеро	Kirovohradska	Dolynskyi	47.3333	36.7333
28518	Братський Посад	Kirovohradska	Dolynskyi	49.058	34.559
28519	Вишневе	Kirovohradska	Dolynskyi	50.3891	30.3705
28520	Суходільське	Kirovohradska	Dolynskyi	47.7949	33.0547
28521	Новосавицьке	Kirovohradska	Dolynskyi	47.7949	33.0547
28522	Новогригорівка Перша	Kirovohradska	Dolynskyi	47.7949	33.0547
28523	Лаврівка	Kirovohradska	Dolynskyi	48.3774	28.223
28524	Молодіжне	Kirovohradska	Dolynskyi	48.1773	32.6602
28525	Гординівка	Kirovohradska	Dolynskyi	47.7949	33.0547
28526	Згода	Kirovohradska	Dolynskyi	48.0645	32.7656
28527	Новоданилівка	Kirovohradska	Dolynskyi	46.6437	35.0297
28528	Степове	Kirovohradska	Dolynskyi	47.7116	36.5949
28529	Очеретяне	Kirovohradska	Dolynskyi	47.7949	33.0547
28530	Першотравневе	Kirovohradska	Dolynskyi	48.6	33.4167
28531	Олександрівка	Kirovohradska	Dolynskyi	48.9634	32.2349
28532	Новошевченкове	Kirovohradska	Dolynskyi	48.5786	33.3788
28533	Новоолександрівка	Kirovohradska	Dolynskyi	48.6635	32.7498
28534	Фалькове	Kirovohradska	Dolynskyi	48.5786	33.3788
28535	Славне	Kirovohradska	Dolynskyi	48.0003	32.8805
28536	Червоне	Kirovohradska	Dolynskyi	48.0183	33.024
28537	Федоро-Шулічине	Kirovohradska	Dolynskyi	48.5786	33.3788
28538	Новомихайлівка	Kirovohradska	Dolynskyi	49.226	35.967
28539	Дубровине	Kirovohradska	Dolynskyi	48.5786	33.3788
28540	Гурівка	Kirovohradska	Dolynskyi	48.0998	33.1009
28541	Новогригорівка Друга	Kirovohradska	Dolynskyi	48.4596	33.0075
28542	Пишне	Kirovohradska	Dolynskyi	48.4596	33.0075
28543	Богданівка	Kirovohradska	Dolynskyi	48.7461	32.5095
28544	Катеринівка	Kirovohradska	Dolynskyi	48.533	33.4123
28545	Марфівка	Kirovohradska	Dolynskyi	48.4596	33.0075
28551	Ситаєве	Kirovohradska	Dolynskyi	48.893	32.6971
28552	Мирне	Kirovohradska	Dolynskyi	48.893	32.6971
28553	Веселі Боковеньки	Kirovohradska	Dolynskyi	48.893	32.6971
28554	Зелений Гай	Kirovohradska	Dolynskyi	48.7051	32.293
28555	Нагірне	Kirovohradska	Dolynskyi	49.081	33.1012
28556	Никифорівка	Kirovohradska	Dolynskyi	48.893	32.6971
28557	Писанка	Kirovohradska	Dolynskyi	48.893	32.6971
28600	Устинівка	Kirovohradska	Ustynivskyi	47.9551	32.5367
28610	Новоігорівка	Kirovohradska	Ustynivskyi	48.4712	33.769
28611	Степанівка	Kirovohradska	Ustynivskyi	48.609	33.199
28612	Криничуватка	Kirovohradska	Ustynivskyi	48.4712	33.769
28613	Лебедине	Kirovohradska	Ustynivskyi	50.5852	34.4849
28614	Березуватка	Kirovohradska	Ustynivskyi	48.0129	32.6035
28615	Садки	Kirovohradska	Ustynivskyi	48.4712	33.769
28616	Новоустинівка	Kirovohradska	Ustynivskyi	48.4712	33.769
28617	Нариманівка	Kirovohradska	Ustynivskyi	48.4712	33.769
28618	Медове	Kirovohradska	Ustynivskyi	48.4712	33.769
28619	Переможне	Kirovohradska	Ustynivskyi	46.6777	34.7886
28620	Седнівка	Kirovohradska	Ustynivskyi	48.7254	33.8728
28621	Олександрівка	Kirovohradska	Ustynivskyi	48.9634	32.2349
28622	Ганно-Требинівка	Kirovohradska	Ustynivskyi	48.7254	33.8728
28623	Сонцеве	Kirovohradska	Ustynivskyi	48.4629	36.2848
28624	Інгульське	Kirovohradska	Ustynivskyi	48.7254	33.8728
28625	Березівка	Kirovohradska	Ustynivskyi	48.7499	33.0987
28626	Селіванове	Kirovohradska	Ustynivskyi	48.7254	33.8728
28627	Ганно-Леонтовичеве	Kirovohradska	Ustynivskyi	48.7254	33.8728
28628	Мала Ганнівка	Kirovohradska	Ustynivskyi	48.7254	33.8728
28629	Новочигиринка	Kirovohradska	Ustynivskyi	48.7254	33.8728
28630	Криничне	Kirovohradska	Ustynivskyi	48.6737	32.5293
28631	Докучаєве	Kirovohradska	Ustynivskyi	48.6737	32.5293
28632	Мальчевське	Kirovohradska	Ustynivskyi	48.6737	32.5293
28633	Тирлова Балка	Kirovohradska	Ustynivskyi	48.6737	32.5293
28634	Третє	Kirovohradska	Ustynivskyi	48.6737	32.5293
28635	Костянтинівка	Kirovohradska	Ustynivskyi	48.6737	32.5293
28636	Завтурове	Kirovohradska	Ustynivskyi	48.6737	32.5293
28637	Любовичка	Kirovohradska	Ustynivskyi	48.6737	32.5293
28638	Медвежа Балка	Kirovohradska	Ustynivskyi	48.6737	32.5293
28639	Козлівське	Kirovohradska	Ustynivskyi	48.6737	32.5293
28640	Орлова Балка	Kirovohradska	Ustynivskyi	48.2133	36.9189
28641	Мар'янівка	Kirovohradska	Ustynivskyi	48.2133	36.9189
28644	Степове	Kirovohradska	Ustynivskyi	47.7116	36.5949
28645	Брусівка	Kirovohradska	Ustynivskyi	49.3271	39.3974
28646	Новокиївка	Kirovohradska	Ustynivskyi	47.6013	34.7642
3027	Новосілки (Чабанівська селищна рада)	Kyivska	Kyievo-Sviatoshynskyi	50.4547	30.5238
7024	Радинка	Kyivska	Poliskyi	51.1942	29.7171
7025	Буда Радинська	Kyivska	Poliskyi	51.1833	29.6807
7026	Нівецьке	Kyivska	Poliskyi	51.2388	29.7839
7027	Черемошна	Kyivska	Poliskyi	51.2034	29.8333
7028	Городещина	Kyivska	Poliskyi	51.1087	29.6764
7029	Дубова (Красятицька сільська рада)	Kyivska	Poliskyi	51.1857	29.7383
7030	Омельянівка	Kyivska	Poliskyi	50.4936	28.9796
7031	Луговики	Kyivska	Poliskyi	50.2594	32.8298
7032	Зірка	Kyivska	Poliskyi	50.4936	28.9796
7033	Рагівка	Kyivska	Poliskyi	50.4936	28.9796
7034	Мар'янівка	Kyivska	Poliskyi	50.4936	28.9796
7035	Федорівка	Kyivska	Poliskyi	50.4936	28.9796
7036	Лісове	Kyivska	Poliskyi	51.6667	26.4
7037	Буда Вовчівська	Kyivska	Poliskyi	50.4936	28.9796
7038	Зелена Поляна	Kyivska	Poliskyi	50.5944	28.1623
7039	Калинівка	Kyivska	Poliskyi	49.4539	28.5261
7040	Максимовичі	Kyivska	Poliskyi	51.1227	29.5127
7041	Млачівка	Kyivska	Poliskyi	51.1918	29.5427
7042	Дубова 1 (Володарська сільська Рада)	Kyivska	Poliskyi	51.1227	29.5127
7043	Шкнева	Kyivska	Poliskyi	51.116	29.4919
7044	Вовчків	Kyivska	Poliskyi	51.1141	29.5521
7045	Стара Марківка	Kyivska	Poliskyi	51.1167	29.4597
7046	Стовпне	Kyivska	Poliskyi	51.0748	29.5171
7050	Стещино	Kyivska	Poliskyi	50.9142	28.763
7051	Романівка	Kyivska	Poliskyi	49.8947	28.4816
7052	Левковичі	Kyivska	Poliskyi	51.4925	31.0862
7053	Красятичі	Kyivska	Poliskyi	51.0764	29.649
7054	Залишани	Kyivska	Poliskyi	51.5437	26.4136
7055	Вересня	Kyivska	Poliskyi	50.3829	27.3061
7057	Михлівщина	Kyivska	Poliskyi	51.0951	29.6414
7101	Славутич	Kyivska	Slavutych	51.5196	30.7343
7103	Славутич	Kyivska	Slavutych	51.5196	30.7343
7201	Іванків	Kyivska	Ivankivskyi	50.9386	29.8943
7204	Білий Берег	Kyivska	Ivankivskyi	50.7592	29.4807
7205	Сукачі	Kyivska	Ivankivskyi	50.8489	29.6875
7206	Воропаївка	Kyivska	Ivankivskyi	50.8489	29.6875
7207	Доманівка	Kyivska	Ivankivskyi	50.8489	29.6875
7208	Запрудка	Kyivska	Ivankivskyi	50.8489	29.6875
7209	Захарівка	Kyivska	Ivankivskyi	50.8489	29.6875
7210	Димарка	Kyivska	Ivankivskyi	51.1069	29.7765
7211	Мусійки	Kyivska	Ivankivskyi	51.051	29.771
7212	Красилівка	Kyivska	Ivankivskyi	51.2029	31.1995
7213	Піски	Kyivska	Ivankivskyi	50.5969	31.3793
7214	Старі Соколи	Kyivska	Ivankivskyi	51.1265	29.9329
7216	Карпилівка	Kyivska	Ivankivskyi	51.407	26.706
7217	Калинове	Kyivska	Ivankivskyi	50.942	30.0835
7218	Ковалівка	Kyivska	Ivankivskyi	50.1705	32.0579
7219	Коленцівське	Kyivska	Ivankivskyi	50.8739	29.8449
7220	Дитятки	Kyivska	Ivankivskyi	51.1104	30.1465
7221	Зорин	Kyivska	Ivankivskyi	51.0652	30.2008
7222	Горностайпіль	Kyivska	Ivankivskyi	51.069	30.2515
7223	Губин	Kyivska	Ivankivskyi	50.8546	30.1417
7224	Мокра Корма	Kyivska	Ivankivskyi	50.92	29.5713
7225	Страхолісся	Kyivska	Ivankivskyi	51.0745	30.3961
7226	Медвин	Kyivska	Ivankivskyi	49.3865	30.7817
7227	Нові Макалевичі	Kyivska	Ivankivskyi	51.0752	29.9111
7228	Нові Соколи	Kyivska	Ivankivskyi	51.1362	29.8744
7229	Старий Міст	Kyivska	Ivankivskyi	50.8546	30.1417
7230	Жміївка	Kyivska	Ivankivskyi	51.0107	29.5232
7231	Олізарівка	Kyivska	Ivankivskyi	50.9753	29.5256
7232	Сидоровичі	Kyivska	Ivankivskyi	50.9877	29.5887
7233	Варівськ	Kyivska	Ivankivskyi	50.9556	29.4848
7234	Кропивня	Kyivska	Ivankivskyi	50.726	28.5039
7235	Верхолісся	Kyivska	Ivankivskyi	51.6647	32.1566
7236	Людвинівка	Kyivska	Ivankivskyi	51.5105	29.0543
7237	Пироговичі	Kyivska	Ivankivskyi	50.9868	29.9795
7238	Підгайне	Kyivska	Ivankivskyi	50.8993	31.5319
7239	Полідарівка	Kyivska	Ivankivskyi	51.0146	29.6223
7240	Термахівка	Kyivska	Ivankivskyi	51.0167	29.7
7241	Розважів	Kyivska	Ivankivskyi	50.9255	29.6511
7242	Олива	Kyivska	Ivankivskyi	50.912	28.5027
7243	Кухарі	Kyivska	Ivankivskyi	51.0902	25.2229
7244	Заруддя	Kyivska	Ivankivskyi	50.443	25.9775
7245	Тетерівське	Kyivska	Ivankivskyi	50.8581	29.7249
7246	Осовець	Kyivska	Ivankivskyi	50.912	28.5027
7247	Поталіївка	Kyivska	Ivankivskyi	51.068	29.8104
7248	Потока	Kyivska	Ivankivskyi	50.912	28.5027
7249	Рахвалівка	Kyivska	Ivankivskyi	50.9826	29.4319
7250	Оране	Kyivska	Ivankivskyi	51.0463	30.1342
7251	Макарівка	Kyivska	Ivankivskyi	49.8817	29.2904
7252	Русаки	Kyivska	Ivankivskyi	51.0196	29.9555
7253	Прибірськ	Kyivska	Ivankivskyi	51.0173	30.0326
7254	Обуховичі	Kyivska	Ivankivskyi	50.9918	29.7714
7255	Рокитна Слобода	Kyivska	Ivankivskyi	50.9333	29.9667
7256	Рудня Сидоровицька	Kyivska	Ivankivskyi	50.8286	29.8898
7257	Рудня Тальська	Kyivska	Ivankivskyi	50.8541	29.9812
7258	Рудня Шпилівська	Kyivska	Ivankivskyi	50.8849	29.9867
7259	Слобода Кухарівська	Kyivska	Ivankivskyi	50.8286	29.8898
7260	Шпилі	Kyivska	Ivankivskyi	50.9163	29.9465
7261	Блідча	Kyivska	Ivankivskyi	50.8356	29.7996
7262	Коленці	Kyivska	Ivankivskyi	50.8751	29.8702
7263	Феневичі	Kyivska	Ivankivskyi	50.8535	30.0708
7264	Соснівка	Kyivska	Ivankivskyi	50.3167	25.9333
7265	Ставрівка	Kyivska	Ivankivskyi	50.9241	29.7137
7266	Станишівка	Kyivska	Ivankivskyi	50.2198	28.729
7268	Старовичі	Kyivska	Ivankivskyi	50.8998	29.6097
7269	Степанівка	Kyivska	Ivankivskyi	50.7301	29.2091
7270	Чорнобиль	Kyivska	Ivankivskyi	51.2736	30.2225
7279	Чкалівка	Kyivska	Ivankivskyi	51.2736	30.2225
7281	Болотня	Kyivska	Ivankivskyi	50.9598	29.8841
7282	Федорівка	Kyivska	Ivankivskyi	50.9493	30.3973
7283	Фрунзинівка	Kyivska	Ivankivskyi	50.9493	30.3973
7284	Хочева	Kyivska	Ivankivskyi	51.0373	30.0839
7286	Шевченкове (Розважівська сільська рада)	Kyivska	Ivankivskyi	50.9493	30.3973
7287	Шевченкове (Димарська сільська рада)	Kyivska	Ivankivskyi	50.9493	30.3973
7288	Яхнівка	Kyivska	Ivankivskyi	50.7837	32.0578
7289	Буда Полідарівська	Kyivska	Ivankivskyi	51.0165	29.5632
7290	Жерева	Kyivska	Ivankivskyi	50.8902	29.7161
7291	Жеревпілля	Kyivska	Ivankivskyi	50.9135	29.6505
7292	Зимовище	Kyivska	Ivankivskyi	51.4232	30.1856
7293	Лапутьки	Kyivska	Ivankivskyi	51.0545	30.266
7294	Леонівка	Kyivska	Ivankivskyi	48.3383	28.5884
7296	Рудня Левківська	Kyivska	Ivankivskyi	51.0987	29.762
7298	Мала Макарівка	Kyivska	Ivankivskyi	51.0314	29.9147
7301	Вишгород	Kyivska	Vyshhorodskyi	50.5848	30.4898
7303	Володимирівка	Kyivska	Vyshhorodskyi	50.5488	30.0586
7304	Овдієва Нива	Kyivska	Vyshhorodskyi	50.97	30.2338
7305	Пилява	Kyivska	Vyshhorodskyi	51.0335	30.311
7306	Богдани	Kyivska	Vyshhorodskyi	51.0305	30.2524
7307	Боденьки	Kyivska	Vyshhorodskyi	50.8376	30.7328
7308	Кам'янка	Kyivska	Vyshhorodskyi	50.5488	30.0586
7309	Круги	Kyivska	Vyshhorodskyi	48.8365	28.3319
7310	Ритні	Kyivska	Vyshhorodskyi	51.0248	30.2047
7311	Вахівка	Kyivska	Vyshhorodskyi	50.9427	30.0936
7312	Рудня-Димерська	Kyivska	Vyshhorodskyi	50.8688	30.0964
7313	Катюжанка	Kyivska	Vyshhorodskyi	50.8059	30.1376
7314	Абрамівка	Kyivska	Vyshhorodskyi	51.0182	30.399
7315	Гута Катюжанська	Kyivska	Vyshhorodskyi	50.8334	30.1146
7316	Дудки	Kyivska	Vyshhorodskyi	51.6571	32.0667
7317	Любидва	Kyivska	Vyshhorodskyi	50.9945	30.0797
7318	Савенка	Kyivska	Vyshhorodskyi	51.0182	30.399
7319	Рихта	Kyivska	Vyshhorodskyi	51.0182	30.399
7320	Сухолуччя	Kyivska	Vyshhorodskyi	51.0372	30.3619
7321	Любимівка	Kyivska	Vyshhorodskyi	51.0372	30.3619
7322	Андріївка	Kyivska	Vyshhorodskyi	52.0223	31.5714
7323	Толокунь	Kyivska	Vyshhorodskyi	50.8867	30.435
7324	Ясногородка	Kyivska	Vyshhorodskyi	50.8466	30.4049
7325	Дмитрівка	Kyivska	Vyshhorodskyi	51.0372	30.3619
7326	Сичівка	Kyivska	Vyshhorodskyi	50.7521	28.874
7327	Ровжи	Kyivska	Vyshhorodskyi	50.8535	30.6028
7328	Розтісне	Kyivska	Vyshhorodskyi	50.8622	30.2832
7330	Димер	Kyivska	Vyshhorodskyi	50.7865	30.3026
7332	Козаровичі	Kyivska	Vyshhorodskyi	50.756	30.3527
7333	Глібовка	Kyivska	Vyshhorodskyi	50.1596	27.812
7334	Литвинівка	Kyivska	Vyshhorodskyi	50.1596	27.812
7335	Демидів	Kyivska	Vyshhorodskyi	49.3711	24.2555
7336	Лісовичі	Kyivska	Vyshhorodskyi	49.1225	23.8948
7337	Миколаївка	Kyivska	Vyshhorodskyi	50.1596	27.812
7338	Рикунь	Kyivska	Vyshhorodskyi	50.7618	30.2546
7340	Сувид	Kyivska	Vyshhorodskyi	50.8574	30.7586
7341	Жукин	Kyivska	Vyshhorodskyi	50.8116	30.6949
7342	Пірнове	Kyivska	Vyshhorodskyi	50.7506	30.6719
7343	Воропаїв	Kyivska	Vyshhorodskyi	50.7737	30.6558
7344	Вища Дубечня	Kyivska	Vyshhorodskyi	50.7279	30.6607
7350	Гаврилівка	Kyivska	Vyshhorodskyi	48.6947	24.7294
7351	Синяк	Kyivska	Vyshhorodskyi	48.578	22.8561
7352	Лютіж	Kyivska	Vyshhorodskyi	50.6835	30.3932
7353	Старі Петрівці	Kyivska	Vyshhorodskyi	50.6518	30.4139
7354	Нові Петрівці	Kyivska	Vyshhorodskyi	50.6275	30.4431
7355	Воронківка	Kyivska	Vyshhorodskyi	50.6549	30.2192
7356	Гута-межигірська	Kyivska	Vyshhorodskyi	50.6738	30.31
7357	Раківка	Kyivska	Vyshhorodskyi	50.136	28.7166
7358	Тарасівщина	Kyivska	Vyshhorodskyi	50.7104	30.2154
7359	Червоне	Kyivska	Vyshhorodskyi	49.9497	28.8687
7360	Лебедівка	Kyivska	Vyshhorodskyi	50.5868	30.5601
7361	Нижча Дубечня	Kyivska	Vyshhorodskyi	50.5868	30.5601
7362	Новосілки	Kyivska	Vyshhorodskyi	50.5868	30.5601
7363	Хотянівка	Kyivska	Vyshhorodskyi	50.5972	30.5714
7364	Осещина	Kyivska	Vyshhorodskyi	50.5764	30.5489
7371	Рови	Kyivska	Vyshhorodskyi	50.8764	30.3144
7372	Федорівка	Kyivska	Vyshhorodskyi	50.8764	30.3144
7400	Бровари	Kyivska	Brovarskyi	50.5181	30.8067
7401	Бровари	Kyivska	Brovarskyi	50.5181	30.8067
7402	Бровари	Kyivska	Brovarskyi	50.5181	30.8067
7403	Бровари	Kyivska	Brovarskyi	50.5181	30.8067
7404	Бровари	Kyivska	Brovarskyi	50.5181	30.8067
7407	Скибин	Kyivska	Brovarskyi	49.2965	30.142
7408	Квітневе	Kyivska	Brovarskyi	50.3167	29.25
7409	Залісся	Kyivska	Brovarskyi	50.3148	30.4894
7410	Літочки	Kyivska	Brovarskyi	50.7552	30.7723
7411	Літки	Kyivska	Brovarskyi	51.0507	28.4209
7412	Рожни	Kyivska	Brovarskyi	50.6669	30.735
7413	Пухівка	Kyivska	Brovarskyi	50.6097	30.7177
7414	Рожівка	Kyivska	Brovarskyi	50.6018	30.7575
7415	Зазим'я	Kyivska	Brovarskyi	50.5692	30.6732
7416	Погреби	Kyivska	Brovarskyi	50.6194	31.9662
7417	Перемога (Калинівська)	Kyivska	Brovarskyi	50.5261	30.3367
7418	Зоря	Kyivska	Brovarskyi	50.5261	30.3367
7419	Соболівка	Kyivska	Brovarskyi	49.336	28.651
7420	Калита	Kyivska	Brovarskyi	50.752	31.0235
7421	Семиполки	Kyivska	Brovarskyi	50.7263	30.9344
7422	Переможець	Kyivska	Brovarskyi	50.478	30.9574
7423	Семиполки	Kyivska	Brovarskyi	50.7263	30.9344
7424	Заворичі	Kyivska	Brovarskyi	50.7059	31.1412
7425	Мокрець	Kyivska	Brovarskyi	50.3767	31.4911
7426	Бервиця	Kyivska	Brovarskyi	50.6363	31.1934
7427	Перше Травня	Kyivska	Brovarskyi	48.6122	34.2531
7428	Підлісся	Kyivska	Brovarskyi	50.3767	31.4911
7430	Рудня	Kyivska	Brovarskyi	50.5534	28.7128
7431	Бобрик	Kyivska	Brovarskyi	47.9181	30.1794
7432	Опанасів	Kyivska	Brovarskyi	50.7671	31.0917
7433	Богданівка	Kyivska	Brovarskyi	48.6422	29.1078
7434	Шевченкове	Kyivska	Brovarskyi	49.6959	37.1735
7435	Михайлівка	Kyivska	Brovarskyi	47.2723	35.2224
7436	Гайове	Kyivska	Brovarskyi	51.0798	31.1082
7440	Жердова	Kyivska	Brovarskyi	50.5963	31.046
7441	Тарасівка	Kyivska	Brovarskyi	50.0066	32.6555
7442	Велика Димерка	Kyivska	Brovarskyi	50.5933	30.9031
7443	Калинівка	Kyivska	Brovarskyi	49.4539	28.5261
7444	Світильня	Kyivska	Brovarskyi	50.5651	31.1513
7445	Кулажинці	Kyivska	Brovarskyi	50.1999	32.2688
7446	Вільне	Kyivska	Brovarskyi	47.6365	34.8139
7447	Гребельки	Kyivska	Brovarskyi	50.7442	35.2986
7448	Захарівка	Kyivska	Brovarskyi	50.2638	37.2363
7449	Покровське	Kyivska	Brovarskyi	50.0066	32.6555
7450	Плоске	Kyivska	Brovarskyi	51.0649	31.2507
7451	Красилівка	Kyivska	Brovarskyi	51.0649	31.2507
7452	Гоголів	Kyivska	Brovarskyi	51.0649	31.2507
7453	Русанів	Kyivska	Brovarskyi	50.4978	31.1674
7454	Требухів	Kyivska	Brovarskyi	50.4843	30.903
7455	Княжичі	Kyivska	Brovarskyi	51.8846	34.0641
7459	Першотравневе	Kyivska	Brovarskyi	51.3929	28.8684
7501	Баришівка	Kyivska	Baryshivskyi	50.361	31.3217
7502	Баришівка	Kyivska	Baryshivskyi	50.361	31.3217
7504	Борщів	Kyivska	Baryshivskyi	50.3675	31.3338
7505	Власівка	Kyivska	Baryshivskyi	50.3675	31.3338
7506	Пасічна	Kyivska	Baryshivskyi	50.3675	31.3338
7507	Григорівка	Kyivska	Baryshivskyi	50.3675	31.3338
7508	Хлопків	Kyivska	Baryshivskyi	50.3807	31.3581
7510	Перемога	Kyivska	Baryshivskyi	50.4986	31.2532
7511	Лук'янівка	Kyivska	Baryshivskyi	50.4798	31.3466
7512	Рудницьке	Kyivska	Baryshivskyi	50.4798	31.3466
7513	Лукаші	Kyivska	Baryshivskyi	50.461	31.4399
7520	Гостролуччя	Kyivska	Baryshivskyi	50.4241	31.2785
7521	Селище	Kyivska	Baryshivskyi	51.1953	26.9041
7522	Паришків	Kyivska	Baryshivskyi	50.4118	31.4331
7523	Дернівка	Kyivska	Baryshivskyi	50.3647	31.3708
7524	Сезенків	Kyivska	Baryshivskyi	50.3928	31.2391
7525	Селичівка	Kyivska	Baryshivskyi	50.3383	31.2722
7526	Морозівка	Kyivska	Baryshivskyi	50.5211	30.583
7527	Бзів	Kyivska	Baryshivskyi	50.5211	30.583
7530	Ярешки	Kyivska	Baryshivskyi	49.915	29.1973
7531	Пилипче	Kyivska	Baryshivskyi	48.6451	26.0738
7532	Лехнівка	Kyivska	Baryshivskyi	50.3838	31.5437
7533	Недра	Kyivska	Baryshivskyi	50.3611	31.5125
7534	Садове	Kyivska	Baryshivskyi	49.8263	29.5818
7541	Березань	Kyivska	Berezan	50.3112	31.4671
7542	Березань	Kyivska	Berezan	50.3112	31.4671
7543	Березань	Kyivska	Berezan	50.3112	31.4671
7544	Коржі	Kyivska	Baryshivskyi	49.6215	34.0498
7545	Волошинівка	Kyivska	Baryshivskyi	50.3173	31.3191
7550	Хмельовик	Kyivska	Baryshivskyi	50.2685	31.5983
7551	Дубове	Kyivska	Baryshivskyi	50.7759	32.66
7552	Семенівка	Kyivska	Baryshivskyi	52.1783	32.5818
7553	Леляки	Kyivska	Baryshivskyi	50.5531	32.7209
7556	Устинова гребля	Kyivska	Baryshivskyi	50.7759	32.66
7558	Бакумівка	Kyivska	Baryshivskyi	50.1039	33.7391
7560	Веселинівка	Kyivska	Baryshivskyi	50.2424	31.2737
7561	Поділля	Kyivska	Baryshivskyi	50.2985	31.5219
7562	Масківці	Kyivska	Baryshivskyi	50.2985	31.5219
7563	Мала Тарасівка	Kyivska	Baryshivskyi	50.6192	31.0094
7566	Швачиха	Kyivska	Baryshivskyi	50.3737	31.2826
7568	Шовкове	Kyivska	Baryshivskyi	50.2985	31.5219
7569	Яблуневе	Kyivska	Baryshivskyi	49.9587	32.5221
7571	Корніївка	Kyivska	Baryshivskyi	50.4166	31.4626
7601	Згурівка	Kyivska	Zghurivskyi	50.1981	32.3315
7605	Щасливе	Kyivska	Zghurivskyi	50.1981	32.3315
7610	Середівка	Kyivska	Zghurivskyi	50.3301	30.701
7611	Аркадіївка	Kyivska	Zghurivskyi	50.3301	30.701
7612	Красне	Kyivska	Zghurivskyi	51.2897	31.2711
7613	Усівка	Kyivska	Zghurivskyi	50.5173	31.6779
7614	Олександринівка	Kyivska	Zghurivskyi	50.5554	31.7912
7615	Олексіївка	Kyivska	Zghurivskyi	48.9579	28.0637
7620	Великий Крупіль	Kyivska	Zghurivskyi	50.4925	31.5091
7621	Войтове	Kyivska	Zghurivskyi	49.8615	32.9249
7622	Софіївка	Kyivska	Zghurivskyi	48.0487	33.8762
7623	Нова Олександрівка	Kyivska	Zghurivskyi	51.1247	33.9699
7624	Черевки	Kyivska	Zghurivskyi	50.1338	33.7224
7625	Вільне	Kyivska	Zghurivskyi	47.6365	34.8139
7626	Мала Крупіль	Kyivska	Zghurivskyi	49.8615	32.9249
7627	Старе	Kyivska	Zghurivskyi	50.4282	31.6268
7628	Терлещина	Kyivska	Zghurivskyi	50.5392	31.92
7629	Урсалівка	Kyivska	Zghurivskyi	50.4888	31.9613
7630	Пасківщина	Kyivska	Zghurivskyi	50.5065	31.912
7631	Турівка	Kyivska	Zghurivskyi	51.8668	32.224
7632	Стара Оржиця	Kyivska	Zghurivskyi	50.466	31.9018
7633	Іллінське	Kyivska	Zghurivskyi	51.3768	33.8308
7634	Полковниче	Kyivska	Zghurivskyi	51.054	32.4671
7640	Безуглівка	Kyivska	Zghurivskyi	51.9939	31.9099
7641	Шевченкове	Kyivska	Zghurivskyi	50.7397	31.803
7642	Мала Березанка	Kyivska	Zghurivskyi	50.389	31.7098
7643	Жуківка	Kyivska	Zghurivskyi	51.3282	31.6805
7644	Мала Супоївка	Kyivska	Zghurivskyi	50.3469	31.6651
7645	Володимирське	Kyivska	Zghurivskyi	50.4464	31.8383
7646	Левченкове	Kyivska	Zghurivskyi	49.9335	32.0147
7647	Майське	Kyivska	Zghurivskyi	50.7397	31.803
7648	Свобода	Kyivska	Zghurivskyi	50.7397	31.803
7650	Лизогубова Слобода	Kyivska	Zghurivskyi	50.4073	31.9125
7651	Любомирівка	Kyivska	Zghurivskyi	48.4379	34.3206
7652	Вознесенське	Kyivska	Zghurivskyi	48.3441	36.6295
7653	Нова Оржиця	Kyivska	Zghurivskyi	49.5541	32.9603
7654	Вишневе	Kyivska	Zghurivskyi	50.3891	30.3705
7655	Горбачівка	Kyivska	Zghurivskyi	49.5541	32.9603
7656	Гречана Гребля	Kyivska	Zghurivskyi	50.3908	32.0602
7657	Зелене	Kyivska	Zghurivskyi	48.4575	33.4221
7658	Пайки	Kyivska	Zghurivskyi	50.4522	32.0066
7700	Яготин	Kyivska	Yahotynskyi	50.7714	32.3218
7701	Яготин	Kyivska	Yahotynskyi	50.7714	32.3218
7702	Яготин	Kyivska	Yahotynskyi	50.7714	32.3218
7707	Тужилів	Kyivska	Yahotynskyi	50.7714	32.3218
7708	Озерне	Kyivska	Yahotynskyi	50.7714	32.3218
7709	Дзюбівка	Kyivska	Yahotynskyi	50.7714	32.3218
7710	Супоївка	Kyivska	Yahotynskyi	50.3744	31.7388
7711	Сотниківка	Kyivska	Yahotynskyi	50.3667	31.8333
7712	Кулябівка	Kyivska	Yahotynskyi	50.3158	31.6811
7713	Райківщина	Kyivska	Yahotynskyi	50.3084	31.7888
7714	Засупоївка	Kyivska	Yahotynskyi	50.2574	31.7254
7715	Григорівка	Kyivska	Yahotynskyi	50.0531	37.6178
7716	Розумівка	Kyivska	Yahotynskyi	47.7535	35.1379
7717	Рокитне	Kyivska	Yahotynskyi	49.9536	33.2278
7718	Соколівщина	Kyivska	Yahotynskyi	50.1991	34.2995
7720	Лозовий Яр	Kyivska	Yahotynskyi	50.3219	31.9967
7721	Червоне	Kyivska	Yahotynskyi	49.9497	28.8687
7722	Сулимівка	Kyivska	Yahotynskyi	50.3967	31.1937
7723	Божки	Kyivska	Yahotynskyi	49.641	34.7922
7724	Федорівка	Kyivska	Yahotynskyi	46.7871	35.7917
7725	Червоне Заріччя	Kyivska	Yahotynskyi	50.3152	31.7393
7726	Черкасівка	Kyivska	Yahotynskyi	49.6414	34.8171
7727	Шевченкове (Кулябівська сільська рада)	Kyivska	Yahotynskyi	49.579	32.7428
7728	Плужники	Kyivska	Yahotynskyi	49.579	32.7428
7729	Черняхівське (Двірківщинська сільська рада)	Kyivska	Yahotynskyi	49.579	32.7428
7730	Лемешівка	Kyivska	Yahotynskyi	49.6602	28.4558
7731	Гензерівка	Kyivska	Yahotynskyi	50.3543	32.04
7732	Годунівка	Kyivska	Yahotynskyi	51.7409	33.9503
7733	Жоравка	Kyivska	Yahotynskyi	50.2801	32.062
7734	Лебедівка	Kyivska	Yahotynskyi	49.1627	35.9586
7735	Лукомщина	Kyivska	Yahotynskyi	50.3717	32.1216
7738	Кайнари (Двірківщинська сільська рада)	Kyivska	Yahotynskyi	50.2754	32.707
7739	Воронівщина	Kyivska	Yahotynskyi	50.3579	34.3609
7740	Двірківщина	Kyivska	Yahotynskyi	50.2555	31.8796
7741	Черняхівка	Kyivska	Yahotynskyi	51.1199	32.0319
7742	Богданівка	Kyivska	Yahotynskyi	48.6422	29.1078
7743	Гречанівка	Kyivska	Yahotynskyi	46.9368	32.8097
7744	Коптевичівка	Kyivska	Yahotynskyi	50.2076	31.9472
7750	Панфили	Kyivska	Yahotynskyi	50.6298	34.1515
7751	Ничипорівка	Kyivska	Yahotynskyi	50.6298	34.1515
7752	Трубівщина	Kyivska	Yahotynskyi	50.6298	34.1515
7753	Фарбоване	Kyivska	Yahotynskyi	50.6298	34.1515
7754	Капустинці	Kyivska	Yahotynskyi	50.6298	34.1515
7755	Добраничівка	Kyivska	Yahotynskyi	50.6298	34.1515
7801	Бородянка	Kyivska	Borodianskyi	50.6448	29.9201
7802	Бородянка	Kyivska	Borodianskyi	50.6448	29.9201
7806	Хутір Гай	Kyivska	Borodianskyi	50.7685	29.5184
7807	Дружня	Kyivska	Borodianskyi	50.6274	29.8586
7808	Діброва	Kyivska	Borodianskyi	51.1556	27.979
7809	Коблицький ліс	Kyivska	Borodianskyi	50.7697	29.9139
7810	Мирча	Kyivska	Borodianskyi	50.6463	29.2792
7811	Нове Залісся	Kyivska	Borodianskyi	50.6628	29.7608
7812	Шибене	Kyivska	Borodianskyi	50.7295	30.0166
7813	Качали	Kyivska	Borodianskyi	50.6978	29.8338
7814	Небрат	Kyivska	Borodianskyi	50.6951	29.9452
7815	Берестянка	Kyivska	Borodianskyi	50.6941	29.9845
7816	Коблиця	Kyivska	Borodianskyi	50.7786	29.8894
7817	Хутір Михайленків	Kyivska	Borodianskyi	50.6628	29.7608
7818	Галинка	Kyivska	Borodianskyi	50.6775	29.8327
7819	Поташня	Kyivska	Borodianskyi	50.3837	29.3047
7820	Пісківка	Kyivska	Borodianskyi	50.6938	29.6193
7821	Бондарня	Kyivska	Borodianskyi	50.691	29.7691
7822	Мигалки	Kyivska	Borodianskyi	50.6753	29.5571
7823	Загальці	Kyivska	Borodianskyi	48.2167	29.8041
7824	Майданівка	Kyivska	Borodianskyi	50.9041	28.8768
7825	Вишняки	Kyivska	Borodianskyi	50.4512	29.5268
7826	Раска	Kyivska	Borodianskyi	50.7595	29.5982
7827	Стара буда	Kyivska	Borodianskyi	50.6524	28.8957
7828	Тальське	Kyivska	Borodianskyi	50.7704	29.8338
7829	Торфяне	Kyivska	Borodianskyi	50.698	29.7873
7830	Здвижівка	Kyivska	Borodianskyi	50.675	30.0664
7831	Луб'янка	Kyivska	Borodianskyi	50.6541	30.1701
7832	Бабинці	Kyivska	Borodianskyi	50.6331	30.0239
7833	Буда бабинецька	Kyivska	Borodianskyi	50.6218	30.0695
7834	Озера	Kyivska	Borodianskyi	51.5635	26.9063
7835	Блиставиця	Kyivska	Borodianskyi	50.6033	30.1765
7836	Нова буда	Kyivska	Borodianskyi	51.709	32.0563
7837	Язвинка	Kyivska	Borodianskyi	50.6127	29.6712
7838	Великий ліс	Kyivska	Borodianskyi	51.698	33.039
7839	Волиця	Kyivska	Borodianskyi	50.3955	24.3475
7840	Пилиповичі	Kyivska	Borodianskyi	50.6009	27.4807
7841	Дмитрівка	Kyivska	Borodianskyi	50.3119	28.9781
7842	Нова Гребля	Kyivska	Borodianskyi	49.4635	28.7747
7843	Новий Корогод	Kyivska	Borodianskyi	50.5921	29.7956
7844	Вабля	Kyivska	Borodianskyi	50.5911	29.8612
7845	Озірщина	Kyivska	Borodianskyi	50.3119	28.9781
7846	Червоний ріг	Kyivska	Borodianskyi	50.3119	28.9781
7850	Клавдієво-Тарасове	Kyivska	Borodianskyi	50.5842	30.0113
7851	Пороскотень	Kyivska	Borodianskyi	50.5657	29.9538
7852	Микуличі	Kyivska	Borodianskyi	50.5542	30.0382
7853	Немішаєве	Kyivska	Borodianskyi	50.5532	30.0822
7854	Немішаєве	Kyivska	Borodianskyi	50.5532	30.0822
7855	Козинці	Kyivska	Borodianskyi	50.5145	30.0616
8001	Макарів	Kyivska	Makarivskyi	50.4641	29.8113
8002	Макарів	Kyivska	Makarivskyi	50.4641	29.8113
8003	Гавронщина	Kyivska	Makarivskyi	50.4786	29.8716
8004	Калинівка	Kyivska	Makarivskyi	49.4539	28.5261
8005	Березівка	Kyivska	Makarivskyi	50.2963	29.6414
8006	Горобіївка	Kyivska	Makarivskyi	50.2899	29.8952
8007	Фасівочка	Kyivska	Makarivskyi	50.4333	29.8
8008	Почепин	Kyivska	Makarivskyi	50.4906	29.7743
8009	Макар-Буда	Kyivska	Makarivskyi	50.2963	29.6414
8010	Кодра	Kyivska	Makarivskyi	50.5949	29.5587
8011	Забуяння	Kyivska	Makarivskyi	50.5636	29.6472
8012	Королівка	Kyivska	Makarivskyi	50.2797	25.0928
8013	Андріївка	Kyivska	Makarivskyi	50.3319	28.8883
8014	Липівка	Kyivska	Makarivskyi	50.3319	28.8883
8015	Волосінь	Kyivska	Makarivskyi	50.5834	29.6664
8016	Лозовик	Kyivska	Makarivskyi	50.5148	29.8528
8017	Новомирівка	Kyivska	Makarivskyi	50.3319	28.8883
8018	Соболівка	Kyivska	Makarivskyi	49.336	28.651
8019	Зуровка	Kyivska	Makarivskyi	50.4512	29.7494
8020	Комарівка	Kyivska	Makarivskyi	51.07	26.3342
8021	Ніжиловичі	Kyivska	Makarivskyi	50.4881	29.634
8022	Наливайківка	Kyivska	Makarivskyi	50.4849	29.7207
8023	Борівка	Kyivska	Makarivskyi	48.5054	28.2607
8024	Небелиця	Kyivska	Makarivskyi	50.4162	29.599
8025	Лисиця	Kyivska	Makarivskyi	50.4254	29.4942
8026	Садки-строївка	Kyivska	Makarivskyi	50.4436	29.5117
8027	Леонівка	Kyivska	Makarivskyi	48.3383	28.5884
8028	Лубське	Kyivska	Makarivskyi	50.2254	29.8886
8029	Малий карашин	Kyivska	Makarivskyi	50.3513	29.6389
8030	Плахтянка	Kyivska	Makarivskyi	50.5153	29.9014
8032	Колонщина	Kyivska	Makarivskyi	50.4519	29.9482
8033	Копилів	Kyivska	Makarivskyi	50.4097	29.8902
8034	Маковище	Kyivska	Makarivskyi	50.4551	29.8606
8035	Нові Опачичі	Kyivska	Makarivskyi	50.2536	29.7921
8036	Вишеград	Kyivska	Makarivskyi	50.4574	29.9235
8037	Миколаївка	Kyivska	Makarivskyi	50.5419	29.2774
8038	Мар'янівка (Колонщинська сільська рада)	Kyivska	Makarivskyi	50.5419	29.2774
8039	Северинівка	Kyivska	Makarivskyi	51.2506	25.626
8040	Ситняки	Kyivska	Makarivskyi	50.4164	29.7019
8041	Юрів	Kyivska	Makarivskyi	50.4147	29.7263
8042	Червона Слобода	Kyivska	Makarivskyi	49.3789	32.1464
8043	Рожів	Kyivska	Makarivskyi	50.3844	29.6506
8044	Фасова	Kyivska	Makarivskyi	50.6217	28.6317
8045	Людвинівка	Kyivska	Makarivskyi	51.5105	29.0543
8046	Копіївка	Kyivska	Makarivskyi	48.7081	28.7174
8047	Завалівка	Kyivska	Makarivskyi	50.4264	29.7338
8048	Ферма (Королівська сільська рада)	Kyivska	Makarivskyi	50.2327	29.6703
8049	Червоногірка	Kyivska	Makarivskyi	50.2327	29.6703
8050	Великий Карашин	Kyivska	Makarivskyi	50.361	29.6545
8051	Мар'янівка (Мар'янівська сільська рада)	Kyivska	Makarivskyi	50.2977	29.1548
8052	Грузьке	Kyivska	Makarivskyi	50.2977	29.1548
8053	Козичанка	Kyivska	Makarivskyi	50.2604	29.7727
8054	Соснівка	Kyivska	Makarivskyi	50.3167	25.9333
8055	Вільне	Kyivska	Makarivskyi	50.2977	29.1548
8056	Весела Слобідка	Kyivska	Makarivskyi	50.2714	29.7442
8057	Конопельки	Kyivska	Makarivskyi	50.2344	29.7978
8058	Шнурів Ліс	Kyivska	Makarivskyi	50.4043	29.4746
8059	Юрівка	Kyivska	Makarivskyi	50.2357	29.7065
8060	Мотижин	Kyivska	Makarivskyi	50.3878	29.9236
8061	Ясногородка	Kyivska	Makarivskyi	50.8466	30.4049
8062	Пашківка	Kyivska	Makarivskyi	50.9691	32.0134
8063	Лишня	Kyivska	Makarivskyi	50.7345	30.7806
8064	Вітровка	Kyivska	Makarivskyi	50.7345	30.7806
8065	Осиково	Kyivska	Makarivskyi	50.7345	30.7806
8070	Новосілки	Kyivska	Makarivskyi	50.4733	25.008
8071	Мостище	Kyivska	Makarivskyi	51.6634	24.8271
8072	Бишів	Kyivska	Makarivskyi	50.3871	24.5222
8073	Яблунівка	Kyivska	Makarivskyi	50.4648	32.1829
8074	Чорногородка	Kyivska	Makarivskyi	50.2192	29.9753
8078	Ферма (Бишівська сільська рада)	Kyivska	Makarivskyi	50.6416	27.3031
8101	Буча	Kyivska	Kyievo-Sviatoshynskyi	50.5434	30.212
8102	Забуччя	Kyivska	Kyievo-Sviatoshynskyi	50.4961	30.1701
8104	Мироцьке	Kyivska	Kyievo-Sviatoshynskyi	50.5777	30.1273
8105	Горенка	Kyivska	Kyievo-Sviatoshynskyi	50.5573	30.3322
8106	Мощун	Kyivska	Kyievo-Sviatoshynskyi	50.6035	30.3164
8107	Круглик	Kyivska	Kyievo-Sviatoshynskyi	50.6011	30.1555
8108	Хмільна	Kyivska	Kyievo-Sviatoshynskyi	50.4912	30.0365
8109	Іванків	Kyivska	Kyievo-Sviatoshynskyi	50.9386	29.8943
8110	Михайлівка-Рубежівка	Kyivska	Kyievo-Sviatoshynskyi	50.5201	30.144
8111	Капітанівка	Kyivska	Kyievo-Sviatoshynskyi	48.9172	31.7167
8112	Дмитрівка	Kyivska	Kyievo-Sviatoshynskyi	49.9942	31.8809
8113	Петрушки	Kyivska	Kyievo-Sviatoshynskyi	50.4233	30.1643
8114	Гореничі	Kyivska	Kyievo-Sviatoshynskyi	50.4147	30.2059
8115	Лука	Kyivska	Kyievo-Sviatoshynskyi	49.9942	31.8809
8116	Шевченкове	Kyivska	Kyievo-Sviatoshynskyi	49.6959	37.1735
8120	Бузова	Kyivska	Kyievo-Sviatoshynskyi	49.5022	34.783
8122	Шпитьки	Kyivska	Kyievo-Sviatoshynskyi	50.2529	30.8904
8123	Любимівка	Kyivska	Kyievo-Sviatoshynskyi	50.2529	30.8904
8124	Гурівщина	Kyivska	Kyievo-Sviatoshynskyi	50.4325	30.0986
8125	Музичі	Kyivska	Kyievo-Sviatoshynskyi	50.3541	30.1255
8126	Неграші	Kyivska	Kyievo-Sviatoshynskyi	50.3811	30.0733
8127	Личанка	Kyivska	Kyievo-Sviatoshynskyi	50.4058	30.0928
8128	Мила	Kyivska	Kyievo-Sviatoshynskyi	50.4418	30.1691
8130	Петропавлівська Борщагівка	Kyivska	Kyievo-Sviatoshynskyi	50.3987	30.3499
8131	Софіївська Борщагівка	Kyivska	Kyievo-Sviatoshynskyi	50.4149	30.3576
8132	Вишневе	Kyivska	Kyievo-Sviatoshynskyi	50.3891	30.3705
8133	Вишневе	Kyivska	Kyievo-Sviatoshynskyi	50.3891	30.3705
8135	Чайки	Kyivska	Kyievo-Sviatoshynskyi	50.4303	30.2839
8136	Крюківщина	Kyivska	Kyievo-Sviatoshynskyi	50.3699	30.3669
8140	Білогородка	Kyivska	Kyievo-Sviatoshynskyi	50.3897	30.2253
8141	Святопетрівське	Kyivska	Kyievo-Sviatoshynskyi	50.9288	29.8104
8142	Бобриця	Kyivska	Kyievo-Sviatoshynskyi	50.6922	28.1339
8143	Жорнівка	Kyivska	Kyievo-Sviatoshynskyi	50.7487	26.8184
8144	Святопетрівське	Kyivska	Kyievo-Sviatoshynskyi	50.9288	29.8104
8145	Забір'я	Kyivska	Kyievo-Sviatoshynskyi	50.9288	29.8104
8146	Княжичі	Kyivska	Kyievo-Sviatoshynskyi	51.8846	34.0641
8150	Боярка	Kyivska	Kyievo-Sviatoshynskyi	50.3191	30.2973
8151	Боярка	Kyivska	Kyievo-Sviatoshynskyi	50.3191	30.2973
8152	Боярка	Kyivska	Kyievo-Sviatoshynskyi	50.3191	30.2973
8153	Боярка	Kyivska	Kyievo-Sviatoshynskyi	50.3191	30.2973
8154	Боярка	Kyivska	Kyievo-Sviatoshynskyi	50.3191	30.2973
8158	Малютянка	Kyivska	Kyievo-Sviatoshynskyi	50.2898	30.2691
8160	Гатне	Kyivska	Kyievo-Sviatoshynskyi	50.3614	30.4039
8161	Тарасівка	Kyivska	Kyievo-Sviatoshynskyi	50.3402	30.9466
8162	Чабани	Kyivska	Kyievo-Sviatoshynskyi	50.3407	30.4236
8163	Гнатівка	Kyivska	Kyievo-Sviatoshynskyi	49.082	34.5913
8164	Горбовичі	Kyivska	Kyievo-Sviatoshynskyi	50.3917	30.1516
8166	Лісне	Kyivska	Kyievo-Sviatoshynskyi	51.3141	30.6995
8167	Мрія	Kyivska	Kyievo-Sviatoshynskyi	50.4385	30.1299
8168	Нове	Kyivska	Kyievo-Sviatoshynskyi	50.3402	30.9466
8169	Стоянка	Kyivska	Kyievo-Sviatoshynskyi	50.453	30.2266
8170	Віта-Поштова	Kyivska	Kyievo-Sviatoshynskyi	50.319	30.3808
8171	Хотів	Kyivska	Kyievo-Sviatoshynskyi	50.3307	30.4684
8172	Лісники	Kyivska	Kyievo-Sviatoshynskyi	50.3044	30.5202
8173	Ходосівка	Kyivska	Kyievo-Sviatoshynskyi	50.271	30.5207
8174	Кременище	Kyivska	Kyievo-Sviatoshynskyi	50.2922	30.3193
8175	Юрівка	Kyivska	Kyievo-Sviatoshynskyi	50.2357	29.7065
8200	Ірпінь	Kyivska	Irpin	50.5218	30.2506
8201	Ірпінь	Kyivska	Irpin	50.5218	30.2506
8202	Ірпінь	Kyivska	Irpin	50.5218	30.2506
8203	Ірпінь	Kyivska	Irpin	50.5218	30.2506
8204	Ірпінь	Kyivska	Irpin	50.5218	30.2506
8205	Ірпінь	Kyivska	Irpin	50.5218	30.2506
8289	Гостомель	Kyivska	Irpin	50.5684	30.2651
8290	Гостомель	Kyivska	Irpin	50.5684	30.2651
8291	Гостомель	Kyivska	Irpin	50.5684	30.2651
8292	Буча	Kyivska	Bucha	50.5434	30.212
8293	Буча	Kyivska	Bucha	50.5434	30.212
8294	Буча	Kyivska	Bucha	50.5434	30.212
8296	Ворзель	Kyivska	Irpin	50.5444	30.153
8297	Ворзель	Kyivska	Irpin	50.5444	30.153
8298	Коцюбинське	Kyivska	Irpin	50.5509	30.2103
8300	Бориспіль	Kyivska	Boryspilskyi	50.3527	30.955
8301	Бориспіль	Kyivska	Boryspilskyi	50.3527	30.955
8302	Бориспіль	Kyivska	Boryspilskyi	50.3527	30.955
8303	Бориспіль	Kyivska	Boryspilskyi	50.3527	30.955
8304	Бориспіль	Kyivska	Boryspilskyi	50.3527	30.955
8306	Бориспіль	Kyivska	Boryspilskyi	50.3527	30.955
8311	Перегуди	Kyivska	Boryspilskyi	50.4505	31.0514
8312	Малі Єрківці	Kyivska	Boryspilskyi	49.6365	30.6178
8313	Григорівка	Kyivska	Boryspilskyi	49.6365	30.6178
8314	Городище	Kyivska	Boryspilskyi	49.2849	31.4451
8315	Горобіївка	Kyivska	Boryspilskyi	50.2899	29.8952
8316	Петропавлівське	Kyivska	Boryspilskyi	49.6365	30.6178
8317	Велика Стариця	Kyivska	Boryspilskyi	50.4503	31.089
8318	Мала Олександрівка	Kyivska	Boryspilskyi	47.7067	29.6083
8319	Безуглівка	Kyivska	Boryspilskyi	49.6365	30.6178
8320	Велика Олександрівка	Kyivska	Boryspilskyi	50.768	31.0757
8321	Чубинське	Kyivska	Boryspilskyi	50.3866	30.8553
8322	Проліски	Kyivska	Boryspilskyi	50.3912	30.78
8323	Андріївка	Kyivska	Boryspilskyi	52.0223	31.5714
8324	Гора	Kyivska	Boryspilskyi	50.768	31.0757
8325	Щасливе	Kyivska	Boryspilskyi	50.768	31.0757
8326	Кириївщина	Kyivska	Boryspilskyi	50.2719	31.096
8330	Дударків	Kyivska	Boryspilskyi	50.445	30.9494
8333	Кучаків	Kyivska	Boryspilskyi	50.7621	31.5965
8334	Сулимівка	Kyivska	Boryspilskyi	50.3967	31.1937
8335	Іванків	Kyivska	Boryspilskyi	50.9386	29.8943
8336	Артемівка	Kyivska	Boryspilskyi	50.7621	31.5965
8337	Займище	Kyivska	Boryspilskyi	51.7866	31.8996
8338	Лебедин	Kyivska	Boryspilskyi	50.5852	34.4849
8339	Мала Стариця	Kyivska	Boryspilskyi	50.4207	31.1574
8340	Гнідин	Kyivska	Boryspilskyi	50.329	30.7106
8341	Вишеньки	Kyivska	Boryspilskyi	51.6427	33.0622
8342	Ревне	Kyivska	Boryspilskyi	50.288	30.8345
8343	Мартусівка	Kyivska	Boryspilskyi	50.3128	30.8608
8344	Проців	Kyivska	Boryspilskyi	50.2428	30.7841
8345	Затишне	Kyivska	Boryspilskyi	48.8125	35.9296
8350	Глибоке	Kyivska	Boryspilskyi	51.1824	32.9403
8351	Рогозів	Kyivska	Boryspilskyi	50.2378	31.0546
8352	Вороньків	Kyivska	Boryspilskyi	50.5358	31.6618
8353	Головурів	Kyivska	Boryspilskyi	50.1872	30.9903
8354	Кийлів	Kyivska	Boryspilskyi	50.5358	31.6618
8355	Жереб'ятин	Kyivska	Boryspilskyi	50.5358	31.6618
8360	Любарці	Kyivska	Boryspilskyi	50.2635	31.1685
8361	Мирне	Kyivska	Boryspilskyi	50.2635	31.1685
8362	Старе	Kyivska	Boryspilskyi	50.2635	31.1685
8363	Сошників	Kyivska	Boryspilskyi	50.2635	31.1685
8364	Васильки	Kyivska	Boryspilskyi	50.2635	31.1685
8365	Тарасівка	Kyivska	Boryspilskyi	50.2635	31.1685
8371	Сеньківка	Kyivska	Boryspilskyi	50.4386	31.0869
8400	Переяслав-Хмельницький	Kyivska	Pereiaslav-Khmelnytskyi	50.0674	31.4497
8401	Переяслав-Хмельницький	Kyivska	Pereiaslav-Khmelnytskyi	50.0674	31.4497
8402	Переяслав-Хмельницький	Kyivska	Pereiaslav-Khmelnytskyi	50.0674	31.4497
8403	Переяслав-Хмельницький	Kyivska	Pereiaslav-Khmelnytskyi	50.0674	31.4497
8404	Переяслав-Хмельницький	Kyivska	Pereiaslav-Khmelnytskyi	50.0674	31.4497
8409	Заострівське	Kyivska	Pereiaslav-Khmelnytskyi	50.0674	31.4497
8410	Пристроми	Kyivska	Pereiaslav-Khmelnytskyi	51.4603	31.2971
8411	Вовчків	Kyivska	Pereiaslav-Khmelnytskyi	51.1141	29.5521
8412	Гайшин	Kyivska	Pereiaslav-Khmelnytskyi	51.4603	31.2971
8413	Гланишів	Kyivska	Pereiaslav-Khmelnytskyi	51.4603	31.2971
8414	Гребля	Kyivska	Pereiaslav-Khmelnytskyi	51.5108	31.795
8415	Довга Гребля	Kyivska	Pereiaslav-Khmelnytskyi	51.7561	32.5443
8416	Чирське	Kyivska	Pereiaslav-Khmelnytskyi	51.4603	31.2971
8417	Воскресінське	Kyivska	Pereiaslav-Khmelnytskyi	51.4603	31.2971
8418	Мар'янівка	Kyivska	Pereiaslav-Khmelnytskyi	51.4603	31.2971
8419	Тарасівка	Kyivska	Pereiaslav-Khmelnytskyi	51.4603	31.2971
8420	Переяславське	Kyivska	Pereiaslav-Khmelnytskyi	50.2579	31.6595
8421	Студеники	Kyivska	Pereiaslav-Khmelnytskyi	50.2	31.6167
8422	Козлів	Kyivska	Pereiaslav-Khmelnytskyi	50.2289	31.6381
8423	Соснова	Kyivska	Pereiaslav-Khmelnytskyi	50.2289	31.6381
8424	Сомкова Долина	Kyivska	Pereiaslav-Khmelnytskyi	50.2289	31.6381
8425	Соснівка	Kyivska	Pereiaslav-Khmelnytskyi	50.2289	31.6381
8430	Єрківці	Kyivska	Pereiaslav-Khmelnytskyi	49.9215	33.0046
8431	Дем'янці	Kyivska	Pereiaslav-Khmelnytskyi	49.6908	34.0344
8432	Мазинки	Kyivska	Pereiaslav-Khmelnytskyi	49.9928	33.0259
8433	Харківці	Kyivska	Pereiaslav-Khmelnytskyi	50.2815	33.858
8435	Ковалин	Kyivska	Pereiaslav-Khmelnytskyi	50.0772	31.2068
8436	Стовп'яги	Kyivska	Pereiaslav-Khmelnytskyi	49.9928	33.0259
8437	Веселе	Kyivska	Pereiaslav-Khmelnytskyi	49.9928	33.0259
8439	Гречаники	Kyivska	Pereiaslav-Khmelnytskyi	49.9928	33.0259
8440	Велика Каратуль	Kyivska	Pereiaslav-Khmelnytskyi	48.6983	32.3719
8441	Строкова	Kyivska	Pereiaslav-Khmelnytskyi	48.6983	32.3719
8442	Помоклі	Kyivska	Pereiaslav-Khmelnytskyi	50.109	31.6789
8443	Виповзки	Kyivska	Pereiaslav-Khmelnytskyi	48.6983	32.3719
8444	Дениси	Kyivska	Pereiaslav-Khmelnytskyi	48.6983	32.3719
8445	Кавказ	Kyivska	Pereiaslav-Khmelnytskyi	47.2876	33.0648
8446	Плескачі	Kyivska	Pereiaslav-Khmelnytskyi	48.6983	32.3719
8450	Мала Каратуль	Kyivska	Pereiaslav-Khmelnytskyi	50.0352	31.4192
8451	Лецьки	Kyivska	Pereiaslav-Khmelnytskyi	50.0352	31.4192
8452	Вінинці	Kyivska	Pereiaslav-Khmelnytskyi	50.0352	31.4192
8453	Пологи-Чобітки	Kyivska	Pereiaslav-Khmelnytskyi	50.0352	31.4192
8454	Циблі	Kyivska	Pereiaslav-Khmelnytskyi	49.9948	31.5628
8455	Циблі	Kyivska	Pereiaslav-Khmelnytskyi	49.9948	31.5628
8456	Дівички	Kyivska	Pereiaslav-Khmelnytskyi	50.0755	31.2757
8457	Дівички	Kyivska	Pereiaslav-Khmelnytskyi	50.0755	31.2757
8458	Травневе	Kyivska	Pereiaslav-Khmelnytskyi	50.0352	31.4192
8460	Ташань	Kyivska	Pereiaslav-Khmelnytskyi	49.4163	35.9195
8461	Положаї	Kyivska	Pereiaslav-Khmelnytskyi	49.4163	35.9195
8462	Шевченкове	Kyivska	Pereiaslav-Khmelnytskyi	49.6959	37.1735
8463	Пологи-Вергуни	Kyivska	Pereiaslav-Khmelnytskyi	49.4163	35.9195
8464	Горбані	Kyivska	Pereiaslav-Khmelnytskyi	49.9408	36.3318
8465	Натягайлівка	Kyivska	Pereiaslav-Khmelnytskyi	49.4163	35.9195
8466	Перше травня	Kyivska	Pereiaslav-Khmelnytskyi	48.6122	34.2531
8467	Чопилки	Kyivska	Pereiaslav-Khmelnytskyi	49.4163	35.9195
8470	Пологи-Яненки	Kyivska	Pereiaslav-Khmelnytskyi	49.9591	31.7259
8471	Улянівка	Kyivska	Pereiaslav-Khmelnytskyi	48.047	35.1398
8472	Світанок	Kyivska	Pereiaslav-Khmelnytskyi	49.003	33.4329
8473	Хоцьки	Kyivska	Pereiaslav-Khmelnytskyi	49.003	33.4329
8500	Фастів	Kyivska	Fastivskyi	50.0767	29.9177
8501	Фастів	Kyivska	Fastivskyi	50.0767	29.9177
8502	Фастів	Kyivska	Fastivskyi	50.0767	29.9177
8503	Фастів	Kyivska	Fastivskyi	50.0767	29.9177
8504	Фастів	Kyivska	Fastivskyi	50.0767	29.9177
8505	Фастів	Kyivska	Fastivskyi	50.0767	29.9177
8507	Велика Мотовилівка	Kyivska	Fastivskyi	50.0767	29.9177
8508	Велика Офірна	Kyivska	Fastivskyi	50.0767	29.9177
8509	Королівка	Kyivska	Fastivskyi	50.0767	29.9177
8510	Томашівка	Kyivska	Fastivskyi	50.9349	32.1648
8511	Великі Гуляки	Kyivska	Fastivskyi	50.1636	29.6998
8512	Дорогинка	Kyivska	Fastivskyi	50.9407	32.1334
8513	Пришивальня	Kyivska	Fastivskyi	50.1743	29.8188
8514	Дідівщина	Kyivska	Fastivskyi	51.6566	33.3911
8515	Кощіївка	Kyivska	Fastivskyi	49.8996	32.5428
8516	Мала Офірна	Kyivska	Fastivskyi	49.8996	32.5428
8517	Вільшанська Нива	Kyivska	Fastivskyi	49.8996	32.5428
8518	Вишняки	Kyivska	Fastivskyi	47.99	35.3173
8519	Василівка	Kyivska	Fastivskyi	47.4369	35.2742
8520	Борова	Kyivska	Fastivskyi	50.1763	30.1043
8521	Вишня	Kyivska	Fastivskyi	50.1333	29.8333
8522	Мотовилівка	Kyivska	Fastivskyi	49.8137	27.8017
8523	Мала Снітинка	Kyivska	Fastivskyi	50.0767	30.2232
8524	Мотовилівська Слобідка	Kyivska	Fastivskyi	50.0767	30.2232
8525	Оленівка	Kyivska	Fastivskyi	50.9912	25.2796
8526	Деминівка	Kyivska	Fastivskyi	50.2	29.7
8527	Клехівка	Kyivska	Fastivskyi	50.0767	30.2232
8528	Єлизаветівка	Kyivska	Fastivskyi	48.619	34.6415
8529	Тарасенки	Kyivska	Fastivskyi	50.6034	34.2018
8530	Скригалівка	Kyivska	Fastivskyi	50.0883	29.7271
8531	Веприк	Kyivska	Fastivskyi	50.3701	34.176
8532	Млинок	Kyivska	Fastivskyi	48.8565	33.6511
8533	Дмитрівка	Kyivska	Fastivskyi	48.4544	33.3825
8534	Волиця	Kyivska	Fastivskyi	48.4544	33.3825
8535	Півні	Kyivska	Fastivskyi	48.4544	33.3825
8536	Федорівка	Kyivska	Fastivskyi	46.7871	35.7917
8537	Ставки	Kyivska	Fastivskyi	46.17	33.5665
8538	Ярошівка	Kyivska	Fastivskyi	48.4544	33.3825
8539	Тарасівка	Kyivska	Fastivskyi	48.4544	33.3825
8540	Велика Снітинка	Kyivska	Fastivskyi	49.6497	26.58
8541	Фастівець	Kyivska	Fastivskyi	49.6497	26.58
8542	Паляничинці	Kyivska	Fastivskyi	49.6497	26.58
8543	Червоне	Kyivska	Fastivskyi	49.9497	28.8687
8544	Бортники	Kyivska	Fastivskyi	49.3496	24.2912
8545	Гвардійське	Kyivska	Fastivskyi	49.6497	26.58
8546	Кончаки	Kyivska	Fastivskyi	49.6497	26.58
8548	Степове	Kyivska	Fastivskyi	49.6497	26.58
8550	Кожанка	Kyivska	Fastivskyi	49.9653	29.4498
8551	Софіївка	Kyivska	Fastivskyi	49.9653	29.4498
8552	Триліси	Kyivska	Fastivskyi	49.9835	29.8423
8553	Пилипівка	Kyivska	Fastivskyi	50.0438	28.4071
8554	Кищинці	Kyivska	Fastivskyi	49.9653	29.4498
8555	Малополовецьке	Kyivska	Fastivskyi	49.923	29.8091
8556	Яхни	Kyivska	Fastivskyi	49.9109	29.7407
8600	Васильків	Kyivska	Vasylkivskyi	50.1869	30.3135
8601	Васильків	Kyivska	Vasylkivskyi	50.1869	30.3135
8602	Васильків	Kyivska	Vasylkivskyi	50.1869	30.3135
8605	Васильків	Kyivska	Vasylkivskyi	50.1869	30.3135
8606	Васильків	Kyivska	Vasylkivskyi	50.1869	30.3135
8613	Кобці	Kyivska	Vasylkivskyi	49.7753	30.2583
8614	Дерев'янки	Kyivska	Vasylkivskyi	48.7219	28.0997
8615	Варовичі	Kyivska	Vasylkivskyi	51.2877	29.5575
8616	Бориси	Kyivska	Vasylkivskyi	49.3162	33.1178
8617	Березанщина	Kyivska	Vasylkivskyi	49.7753	30.2583
8618	Данилівка	Kyivska	Vasylkivskyi	49.7753	30.2583
8620	Дзвінкове	Kyivska	Vasylkivskyi	50.2727	30.0682
8621	Бобриця	Kyivska	Vasylkivskyi	50.6922	28.1339
8622	Плесецьке	Kyivska	Vasylkivskyi	50.2192	30.1181
8623	Калинівка	Kyivska	Vasylkivskyi	49.4539	28.5261
8624	Багрин	Kyivska	Vasylkivskyi	50.3587	28.9651
8625	Путрівка	Kyivska	Vasylkivskyi	50.3587	28.9651
8626	Здорівка	Kyivska	Vasylkivskyi	50.3587	28.9651
8627	Діброва	Kyivska	Vasylkivskyi	51.1556	27.979
8628	Застугна	Kyivska	Vasylkivskyi	50.3587	28.9651
8629	Безп'ятне	Kyivska	Vasylkivskyi	50.3587	28.9651
8630	Глеваха	Kyivska	Vasylkivskyi	50.2742	30.3271
8631	Глеваха	Kyivska	Vasylkivskyi	50.2742	30.3271
8632	Іванковичі	Kyivska	Vasylkivskyi	50.2754	30.4151
8633	Мархалівка	Kyivska	Vasylkivskyi	50.2718	30.371
8634	Гвоздів	Kyivska	Vasylkivskyi	50.2389	30.4835
8635	Крушинка	Kyivska	Vasylkivskyi	50.3257	30.6483
8636	Велика Бугаївка	Kyivska	Vasylkivskyi	50.3257	30.6483
8637	Погреби	Kyivska	Vasylkivskyi	50.6194	31.9662
8638	Залізне	Kyivska	Vasylkivskyi	50.3257	30.6483
8639	Хутір Зайців	Kyivska	Vasylkivskyi	50.3257	30.6483
8640	Мала Солтанівка	Kyivska	Vasylkivskyi	49.7301	33.9096
8641	Велика Солтанівка	Kyivska	Vasylkivskyi	49.7301	33.9096
8642	Порадівка	Kyivska	Vasylkivskyi	49.7301	33.9096
8643	Митниця	Kyivska	Vasylkivskyi	49.7301	33.9096
8644	Пшеничне	Kyivska	Vasylkivskyi	49.7301	33.9096
8645	Кодаки	Kyivska	Vasylkivskyi	49.7301	33.9096
8646	Барахти	Kyivska	Vasylkivskyi	49.7301	33.9096
8647	Заріччя	Kyivska	Vasylkivskyi	49.7301	33.9096
8648	Руликів	Kyivska	Vasylkivskyi	49.7301	33.9096
8649	Зозулі	Kyivska	Vasylkivskyi	49.7301	33.9096
8650	Мар'янівка	Kyivska	Vasylkivskyi	49.7089	33.5987
8651	Вінницькі Стави	Kyivska	Vasylkivskyi	49.7089	33.5987
8652	Ковалівка	Kyivska	Vasylkivskyi	50.1705	32.0579
8653	Устимівка	Kyivska	Vasylkivskyi	49.2474	35.1395
8654	Дослідницьке	Kyivska	Vasylkivskyi	49.7089	33.5987
8655	Кожухівка	Kyivska	Vasylkivskyi	49.7089	33.5987
8656	Пологи	Kyivska	Vasylkivskyi	49.7089	33.5987
8657	Крячки	Kyivska	Vasylkivskyi	49.7089	33.5987
8658	Хлепча	Kyivska	Vasylkivskyi	49.7089	33.5987
8659	Кулибаба	Kyivska	Vasylkivskyi	49.7089	33.5987
8660	Ксаверівка	Kyivska	Vasylkivskyi	50.4337	28.5083
8661	Пінчуки	Kyivska	Vasylkivskyi	50.0094	30.2362
8662	Гребінки	Kyivska	Vasylkivskyi	50.2089	29.9408
8663	Луб'янка	Kyivska	Vasylkivskyi	50.6541	30.1701
8664	Липовий Скиток	Kyivska	Vasylkivskyi	50.2758	30.1992
8665	Саливонки	Kyivska	Vasylkivskyi	49.9413	30.2145
8666	Соколівка	Kyivska	Vasylkivskyi	50.2089	29.9408
8667	Лосятин	Kyivska	Vasylkivskyi	49.9072	30.2546
8668	Мала Бугаївка	Kyivska	Vasylkivskyi	50.2089	29.9408
8669	Перевіз	Kyivska	Vasylkivskyi	50.241	30.0028
8670	Тростинка	Kyivska	Vasylkivskyi	50.0604	30.3645
8671	Велика Вільшанка	Kyivska	Vasylkivskyi	50.0604	30.3645
8672	Шевченківка	Kyivska	Vasylkivskyi	50.0604	30.3645
8673	Яцьки	Kyivska	Vasylkivskyi	50.0604	30.3645
8674	Тростинська Новоселиця	Kyivska	Vasylkivskyi	50.0604	30.3645
8675	Вільшанська Новоселиця	Kyivska	Vasylkivskyi	50.0604	30.3645
8676	Зелений Бір	Kyivska	Vasylkivskyi	50.0604	30.3645
8677	Скрипки	Kyivska	Vasylkivskyi	50.0604	30.3645
8678	Степанівка	Kyivska	Vasylkivskyi	50.0604	30.3645
8679	Ксаверівка Друга	Kyivska	Vasylkivskyi	50.0604	30.3645
8680	Петрівка	Kyivska	Vasylkivskyi	50.1549	30.4069
8681	Рославичі	Kyivska	Vasylkivskyi	50.1549	30.4069
8686	Червоне Поле	Kyivska	Vasylkivskyi	50.1549	30.4069
8687	Червоне (Застугнянська сільська рада)	Kyivska	Vasylkivskyi	50.1549	30.4069
8688	Червоне (Шевченківська сільська рада)	Kyivska	Vasylkivskyi	50.1549	30.4069
8700	Обухів	Kyivska	Obukhivskyi	50.1069	30.6185
8701	Обухів	Kyivska	Obukhivskyi	50.1069	30.6185
8702	Обухів	Kyivska	Obukhivskyi	50.1069	30.6185
8703	Обухів	Kyivska	Obukhivskyi	50.1069	30.6185
8704	Обухів	Kyivska	Obukhivskyi	50.1069	30.6185
8705	Гусачівка	Kyivska	Obukhivskyi	49.8578	31.2242
8706	Паращено	Kyivska	Obukhivskyi	49.8578	31.2242
8707	Перше Травня	Kyivska	Obukhivskyi	48.6122	34.2531
8708	Нещерів	Kyivska	Obukhivskyi	49.8578	31.2242
8709	Плюти	Kyivska	Obukhivskyi	49.8578	31.2242
8710	Підгірці	Kyivska	Obukhivskyi	50.3619	30.9194
8711	Козин	Kyivska	Obukhivskyi	49.6992	31.1076
8712	Безіменний	Kyivska	Obukhivskyi	50.3619	30.9194
8713	Великі Дмитровичі	Kyivska	Obukhivskyi	50.3619	30.9194
8714	Старі Безрадичі	Kyivska	Obukhivskyi	50.1649	30.5749
8715	Копачів	Kyivska	Obukhivskyi	51.2215	31.0757
8716	Березово	Kyivska	Obukhivskyi	50.3619	30.9194
8717	Капустяна	Kyivska	Obukhivskyi	50.3619	30.9194
8718	Застугна	Kyivska	Obukhivskyi	50.3619	30.9194
8719	Конюша	Kyivska	Obukhivskyi	50.3619	30.9194
8720	Українка	Kyivska	Obukhivskyi	50.1432	30.7461
8721	Кулі	Kyivska	Obukhivskyi	50.1199	33.0117
8722	Трипілля	Kyivska	Obukhivskyi	50.118	30.7814
8723	Щербанівка	Kyivska	Obukhivskyi	50.1199	33.0117
8724	Дерев'яна	Kyivska	Obukhivskyi	50.1199	33.0117
8725	Красне Перше	Kyivska	Obukhivskyi	49.9458	37.755
8726	Козіївка	Kyivska	Obukhivskyi	50.1471	35.2218
8727	Нові Безрадичі	Kyivska	Obukhivskyi	50.1199	33.0117
8728	Романків	Kyivska	Obukhivskyi	50.2456	30.5542
8729	Степок	Kyivska	Obukhivskyi	50.1199	33.0117
8730	Мала Вільшанка	Kyivska	Obukhivskyi	50.1642	31.8457
8731	Деремезна	Kyivska	Obukhivskyi	50.1642	31.8457
8732	Перегонівка	Kyivska	Obukhivskyi	50.1642	31.8457
8733	Тарасівка	Kyivska	Obukhivskyi	50.1642	31.8457
8734	Таценки	Kyivska	Obukhivskyi	50.1642	31.8457
8735	Хутір Шевченкове (Копачівська сільська рада)	Kyivska	Obukhivskyi	50.1642	31.8457
8736	Ленди	Kyivska	Obukhivskyi	50.1642	31.8457
8737	Малі Дмитровичі	Kyivska	Obukhivskyi	50.1642	31.8457
8738	Макарів	Kyivska	Obukhivskyi	50.4641	29.8113
8739	Матяшівка	Kyivska	Obukhivskyi	49.8643	33.8801
8740	Витачів	Kyivska	Obukhivskyi	50.109	30.8198
8741	Халеп'я	Kyivska	Obukhivskyi	50.109	30.8198
8742	Жуківці	Kyivska	Obukhivskyi	50.109	30.8198
8743	Долина	Kyivska	Obukhivskyi	50.109	30.8198
8744	Верем'я	Kyivska	Obukhivskyi	50.109	30.8198
8745	Креничі	Kyivska	Obukhivskyi	50.109	30.8198
8750	Григорівка	Kyivska	Obukhivskyi	52.1783	32.5818
8751	Красна Слобідка	Kyivska	Obukhivskyi	52.1783	32.5818
8752	Семенівка	Kyivska	Obukhivskyi	52.1783	32.5818
8753	Германівка	Kyivska	Obukhivskyi	52.1783	32.5818
8801	Миронівка	Kyivska	Myronivskyi	49.1249	31.6128
8802	Миронівка	Kyivska	Myronivskyi	49.1249	31.6128
8803	Світле	Kyivska	Myronivskyi	47.15	35.8333
8804	Тарасівка	Kyivska	Myronivskyi	47.4089	36.1224
8805	Андріївка	Kyivska	Myronivskyi	49.1249	31.6128
8806	Ведмедівка	Kyivska	Myronivskyi	50.8001	26.8856
8807	Коритище	Kyivska	Myronivskyi	50.5358	28.6195
8808	Кутелів	Kyivska	Myronivskyi	49.1249	31.6128
8809	Ромашки	Kyivska	Myronivskyi	49.7296	30.6033
8810	Малий Букрин	Kyivska	Myronivskyi	49.5619	27.0354
8811	Пії	Kyivska	Myronivskyi	49.8761	31.1256
8812	Грушів	Kyivska	Myronivskyi	49.4698	23.5876
8813	Ходорів	Kyivska	Myronivskyi	49.4099	24.3047
8814	Дударі	Kyivska	Myronivskyi	49.5619	27.0354
8815	Липовий ріг	Kyivska	Myronivskyi	49.5619	27.0354
8816	Малі Пріцьки	Kyivska	Myronivskyi	49.5619	27.0354
8817	Микитяни	Kyivska	Myronivskyi	49.5619	27.0354
8818	Нова олександрівка	Kyivska	Myronivskyi	49.5619	27.0354
8819	Кулешів	Kyivska	Myronivskyi	49.4917	29.1237
8820	Македони	Kyivska	Myronivskyi	50.0395	30.5228
8821	Кип'ячка	Kyivska	Myronivskyi	50.0395	30.5228
8822	Тулинці	Kyivska	Myronivskyi	50.0395	30.5228
8823	Шандра	Kyivska	Myronivskyi	49.7891	31.1505
8824	Потік	Kyivska	Myronivskyi	50.0395	30.5228
8825	Горобіївка	Kyivska	Myronivskyi	50.2899	29.8952
8826	Нова Миронівка	Kyivska	Myronivskyi	50.0395	30.5228
8827	П'ятихатки	Kyivska	Myronivskyi	50.0395	30.5228
8828	Великий Букрин	Kyivska	Myronivskyi	50.0395	30.5228
8830	Вікторівка	Kyivska	Myronivskyi	51.2977	31.4118
8831	Фролівка	Kyivska	Myronivskyi	49.8813	32.4892
8832	Зеленьки	Kyivska	Myronivskyi	49.7505	30.9302
8833	Польове	Kyivska	Myronivskyi	51.4023	32.4704
8834	Олександрівка	Kyivska	Myronivskyi	49.8813	32.4892
8835	Росава	Kyivska	Myronivskyi	49.8813	32.4892
8836	Матвіївка	Kyivska	Myronivskyi	47.0747	35.1444
8840	Пустовіти	Kyivska	Myronivskyi	49.2289	33.4599
8841	Карапиші	Kyivska	Myronivskyi	49.6424	30.79
8842	Владиславка	Kyivska	Myronivskyi	49.6387	30.9551
8843	Юхни	Kyivska	Myronivskyi	49.3575	30.6578
8844	Вахутенці	Kyivska	Myronivskyi	49.3575	30.6578
8845	Гулі	Kyivska	Myronivskyi	48.92	27.4264
8849	Салів	Kyivska	Myronivskyi	49.3575	30.6578
8850	Маслівка	Kyivska	Myronivskyi	49.805	30.4242
8851	Козин	Kyivska	Myronivskyi	49.6992	31.1076
8852	Ємчиха	Kyivska	Myronivskyi	49.805	30.4242
8853	Центральне	Kyivska	Myronivskyi	49.805	30.4242
8854	Яхни	Kyivska	Myronivskyi	49.9109	29.7407
9001	Сквира	Kyivska	Skvyrskyi	49.7318	29.6657
9004	Кам'яна Гребля	Kyivska	Skvyrskyi	49.7348	29.7189
9005	Домантівка	Kyivska	Skvyrskyi	49.6969	29.6347
9006	Квітневе	Kyivska	Skvyrskyi	50.3167	29.25
9007	Золотуха	Kyivska	Skvyrskyi	49.7599	29.7203
9008	Андріївка	Kyivska	Skvyrskyi	52.0223	31.5714
9009	Ями	Kyivska	Skvyrskyi	50.2104	29.9268
9010	Малі Єрчики	Kyivska	Skvyrskyi	49.8341	29.5852
9011	Малі Лісовці	Kyivska	Skvyrskyi	49.6431	29.3692
9012	Миньківці	Kyivska	Skvyrskyi	49.6431	29.3692
9013	Кривошиїнці	Kyivska	Skvyrskyi	49.7447	29.4899
9014	Селезенівка	Kyivska	Skvyrskyi	49.759	29.5716
9015	Цапіївка	Kyivska	Skvyrskyi	49.7557	29.5341
9016	Новий Шлях	Kyivska	Skvyrskyi	49.6431	29.3692
9017	Рибченці	Kyivska	Skvyrskyi	49.6431	29.3692
9018	Краснянка	Kyivska	Skvyrskyi	48.8634	28.3383
9019	Дунайка	Kyivska	Skvyrskyi	49.9016	29.6961
9020	Рогізна	Kyivska	Skvyrskyi	49.7783	27.7323
9021	Красноліси	Kyivska	Skvyrskyi	49.8701	29.7864
9022	Буки	Kyivska	Skvyrskyi	49.0958	30.3964
9023	Чубинці	Kyivska	Skvyrskyi	49.8296	29.6772
9024	Великі Єрчики	Kyivska	Skvyrskyi	49.7979	29.6341
9025	Дулицьке	Kyivska	Skvyrskyi	49.6821	29.8934
9026	Безпечна	Kyivska	Skvyrskyi	49.0757	30.1259
9027	Таборів	Kyivska	Skvyrskyi	49.8175	29.7054
9028	Кононівка	Kyivska	Skvyrskyi	50.1922	32.0897
9029	Мала михайлівка	Kyivska	Skvyrskyi	49.6821	29.8934
9030	Великополовецьке	Kyivska	Skvyrskyi	50.5306	29.6614
9031	Пищики	Kyivska	Skvyrskyi	51.7146	30.7033
9033	Тарасівка	Kyivska	Skvyrskyi	50.5306	29.6614
9034	Шамраївка	Kyivska	Skvyrskyi	49.7711	29.8453
9035	Шамраївка	Kyivska	Skvyrskyi	49.7711	29.8453
9036	Безугляки	Kyivska	Skvyrskyi	50.5306	29.6614
9037	Владиславівка	Kyivska	Skvyrskyi	50.5332	25.738
9038	Нова Пустоварівка	Kyivska	Skvyrskyi	49.7364	29.7697
9039	Руда	Kyivska	Skvyrskyi	51.6571	32.0667
9040	Самгородок	Kyivska	Skvyrskyi	49.5327	28.8427
9041	Шапіївка	Kyivska	Skvyrskyi	49.6688	29.618
9042	Шаліївка	Kyivska	Skvyrskyi	49.6548	29.696
9043	Мовчанівка	Kyivska	Skvyrskyi	49.7132	29.353
9044	Оріховець	Kyivska	Skvyrskyi	49.3119	31.0291
9045	Калена	Kyivska	Skvyrskyi	49.3119	31.0291
9046	Саврань	Kyivska	Skvyrskyi	48.1322	30.0825
9047	Терешки	Kyivska	Skvyrskyi	49.7671	26.7578
9048	Токарівка	Kyivska	Skvyrskyi	49.7889	37.9067
9049	Ульянівка	Kyivska	Skvyrskyi	48.2375	35.9758
9050	Тхорівка	Kyivska	Skvyrskyi	49.6897	29.7612
9051	Пустоварівка	Kyivska	Skvyrskyi	49.6992	29.8213
9052	Антонів	Kyivska	Skvyrskyi	49.6302	29.7739
9053	Горобіївка	Kyivska	Skvyrskyi	50.2899	29.8952
9054	Лаврики	Kyivska	Skvyrskyi	49.6162	34.3684
9100	Біла Церква	Kyivska	Bilotserkivskyi	49.8094	30.1121
9104	Біла Церква	Kyivska	Bilotserkivskyi	49.8094	30.1121
9105	Біла Церква	Kyivska	Bilotserkivskyi	49.8094	30.1121
9106	Біла Церква	Kyivska	Bilotserkivskyi	49.8094	30.1121
9107	Біла Церква	Kyivska	Bilotserkivskyi	49.8094	30.1121
9108	Біла Церква	Kyivska	Bilotserkivskyi	49.8094	30.1121
9109	Біла Церква	Kyivska	Bilotserkivskyi	49.8094	30.1121
9111	Біла Церква	Kyivska	Bilotserkivskyi	49.8094	30.1121
9112	Біла Церква	Kyivska	Bilotserkivskyi	49.8094	30.1121
9113	Біла Церква	Kyivska	Bilotserkivskyi	49.8094	30.1121
9114	Біла Церква	Kyivska	Bilotserkivskyi	49.8094	30.1121
9117	Біла Церква	Kyivska	Bilotserkivskyi	49.8094	30.1121
9119	Біла Церква	Kyivska	Bilotserkivskyi	49.8094	30.1121
9121	Щербаки	Kyivska	Bilotserkivskyi	50.1906	35.4461
9122	Чмирівка	Kyivska	Bilotserkivskyi	49.0998	32.4789
9123	Степок	Kyivska	Bilotserkivskyi	49.6371	29.6457
9124	Павлівка	Kyivska	Bilotserkivskyi	49.6371	29.6457
9126	Мазепинці	Kyivska	Bilotserkivskyi	49.6371	29.6457
9127	Гайок	Kyivska	Bilotserkivskyi	49.6371	29.6457
9128	Озерна	Kyivska	Bilotserkivskyi	49.6289	25.3289
9129	Озерна	Kyivska	Bilotserkivskyi	49.6289	25.3289
9130	Дрозди	Kyivska	Bilotserkivskyi	49.6733	31.3768
9131	Сидори	Kyivska	Bilotserkivskyi	51.3874	29.0412
9132	Вільна Тарасівка	Kyivska	Bilotserkivskyi	49.6733	31.3768
9133	Терезине	Kyivska	Bilotserkivskyi	49.6733	31.3768
9134	Храпачі	Kyivska	Bilotserkivskyi	49.8692	30.2372
9135	Глушки	Kyivska	Bilotserkivskyi	49.6733	31.3768
9136	Скребиші	Kyivska	Bilotserkivskyi	49.6733	31.3768
9137	Олійникова Слобода	Kyivska	Bilotserkivskyi	49.6733	31.3768
9138	Мала Антонівка	Kyivska	Bilotserkivskyi	49.6733	31.3768
9139	Володимирівка	Kyivska	Bilotserkivskyi	47.7634	34.8521
9140	Макіївка	Kyivska	Bilotserkivskyi	48.0478	37.9258
9141	Василів	Kyivska	Bilotserkivskyi	49.3543	31.9085
9142	Йосипівка	Kyivska	Bilotserkivskyi	49.3543	31.9085
9143	Красне	Kyivska	Bilotserkivskyi	49.3543	31.9085
9144	Розаліївка	Kyivska	Bilotserkivskyi	49.3543	31.9085
9145	Іванівка	Kyivska	Bilotserkivskyi	49.3543	31.9085
9146	Михайлівка	Kyivska	Bilotserkivskyi	49.3543	31.9085
9147	Вербова	Kyivska	Bilotserkivskyi	48.5048	28.7453
9148	Затиша	Kyivska	Bilotserkivskyi	49.3543	31.9085
9149	Людвинівка	Kyivska	Bilotserkivskyi	51.5105	29.0543
9150	Фурси	Kyivska	Bilotserkivskyi	49.7964	30.001
9151	Матюші	Kyivska	Bilotserkivskyi	50.2365	30.9208
9152	Трушки	Kyivska	Bilotserkivskyi	49.7687	29.9416
9153	Пилипча	Kyivska	Bilotserkivskyi	51.8678	31.0335
9154	Яблунівка	Kyivska	Bilotserkivskyi	50.4648	32.1829
9155	Сорокотяги	Kyivska	Bilotserkivskyi	50.2365	30.9208
9156	Фесюри	Kyivska	Bilotserkivskyi	50.2365	30.9208
9157	Фастівка	Kyivska	Bilotserkivskyi	50.2365	30.9208
9158	Мала Сквирка	Kyivska	Bilotserkivskyi	50.2365	30.9208
9159	Городище	Kyivska	Bilotserkivskyi	49.2849	31.4451
9160	Піщана	Kyivska	Bilotserkivskyi	49.5002	29.9068
9161	Узин	Kyivska	Bilotserkivskyi	49.8262	30.4149
9164	Острійки	Kyivska	Bilotserkivskyi	49.801	30.3236
9165	Блощинці	Kyivska	Bilotserkivskyi	49.5002	29.9068
9166	Тарасівка	Kyivska	Bilotserkivskyi	49.5002	29.9068
9167	Коржівка	Kyivska	Bilotserkivskyi	48.8736	28.982
9168	Одноріг	Kyivska	Bilotserkivskyi	49.5002	29.9068
9169	Глибочка	Kyivska	Bilotserkivskyi	49.5002	29.9068
9170	Шкарівка	Kyivska	Bilotserkivskyi	51.2985	29.0345
9171	Коженики	Kyivska	Bilotserkivskyi	51.2985	29.0345
9172	Томилівка	Kyivska	Bilotserkivskyi	51.2985	29.0345
9173	Сухоліси	Kyivska	Bilotserkivskyi	51.2985	29.0345
9174	Чепиліївка	Kyivska	Bilotserkivskyi	51.2985	29.0345
9175	Мала Вільшанка	Kyivska	Bilotserkivskyi	51.2985	29.0345
9176	Мала Вільшанка	Kyivska	Bilotserkivskyi	51.2985	29.0345
9177	Бакали	Kyivska	Bilotserkivskyi	51.2985	29.0345
9178	Клочки	Kyivska	Bilotserkivskyi	51.2985	29.0345
9179	Черкас (Поправська сільська рада)	Kyivska	Bilotserkivskyi	51.2985	29.0345
9180	Бикова Гребля	Kyivska	Bilotserkivskyi	49.9582	29.9691
9181	Поправка	Kyivska	Bilotserkivskyi	49.6667	30.75
9182	Черкас (Биково-Гребельська сільська рада)	Kyivska	Bilotserkivskyi	49.9582	29.9691
9183	Межове	Kyivska	Bilotserkivskyi	49.9582	29.9691
9184	Потіївка	Kyivska	Bilotserkivskyi	50.6204	28.9683
9185	Чупира	Kyivska	Bilotserkivskyi	49.5876	30.1891
9201	Кагарлик	Kyivska	Kaharlytskyi	49.8623	30.8282
9210	Стайки	Kyivska	Kaharlytskyi	50.0782	30.9038
9211	Гребені	Kyivska	Kaharlytskyi	50.0201	30.9734
9212	Стрітівка	Kyivska	Kaharlytskyi	50.0178	30.9247
9213	Халча	Kyivska	Kaharlytskyi	49.9552	30.8968
9214	Зікрачі	Kyivska	Kaharlytskyi	50.0178	30.9247
9215	Демівщина	Kyivska	Kaharlytskyi	50.0178	30.9247
9216	Воронівка (Халчанська сільська рада)	Kyivska	Kaharlytskyi	50.0178	30.9247
9217	Оріхове	Kyivska	Kaharlytskyi	50.0178	30.9247
9218	Виселка (Великоприцьківська сільська рада)	Kyivska	Kaharlytskyi	50.0178	30.9247
9219	Юшки	Kyivska	Kaharlytskyi	50.0178	30.9247
9220	Черняхів	Kyivska	Kaharlytskyi	50.4565	28.6702
9221	Леонівка	Kyivska	Kaharlytskyi	48.3383	28.5884
9222	Горохове	Kyivska	Kaharlytskyi	49.3974	28.6293
9223	Новосілки	Kyivska	Kaharlytskyi	49.3974	28.6293
9224	Антонівка	Kyivska	Kaharlytskyi	49.3974	28.6293
9225	Горохівське (Горохівська сільська рада)	Kyivska	Kaharlytskyi	49.3974	28.6293
9226	Дібрівка	Kyivska	Kaharlytskyi	49.3974	28.6293
9227	Кузьминці	Kyivska	Kaharlytskyi	49.3974	28.6293
9228	Тернівка (Ліщинської Сільської Ради)	Kyivska	Kaharlytskyi	49.3974	28.6293
9229	Землянка	Kyivska	Kaharlytskyi	49.3974	28.6293
9230	Ржищів	Kyivska	Rzhyshchiv	50.3497	24.7688
9231	Ржищів	Kyivska	Rzhyshchiv	50.3497	24.7688
9233	Панікарча	Kyivska	Kaharlytskyi	50.3497	24.7688
9234	Балико-Щучинка	Kyivska	Kaharlytskyi	50.3497	24.7688
9235	Уляники (Балико- Щучинська Сільська рада)	Kyivska	Kaharlytskyi	50.3497	24.7688
9236	Великі Пріцьки	Kyivska	Kaharlytskyi	50.3497	24.7688
9237	Виселкове (Халчанська сільська рада)	Kyivska	Kaharlytskyi	50.3497	24.7688
9240	Сущани	Kyivska	Kaharlytskyi	51.3017	27.7517
9241	Мирівка	Kyivska	Kaharlytskyi	51.3017	27.7517
9242	Горохуватка	Kyivska	Kaharlytskyi	51.3017	27.7517
9243	Бендюгівка	Kyivska	Kaharlytskyi	51.3017	27.7517
9244	Шпендівка	Kyivska	Kaharlytskyi	51.3017	27.7517
9245	Стави	Kyivska	Kaharlytskyi	51.3017	27.7517
9246	Переселення	Kyivska	Kaharlytskyi	51.3017	27.7517
9247	Іванівка	Kyivska	Kaharlytskyi	51.3017	27.7517
9248	Тарасівка (Горохуватська Сільська рада)	Kyivska	Kaharlytskyi	51.3017	27.7517
9250	Слобода	Kyivska	Kaharlytskyi	51.1981	33.607
9251	Півці	Kyivska	Kaharlytskyi	49.7064	33.4868
9252	Яблунівка	Kyivska	Kaharlytskyi	50.4648	32.1829
9253	Кадомка	Kyivska	Kaharlytskyi	49.8736	30.9493
9254	Бурти	Kyivska	Kaharlytskyi	49.1453	34.6448
9255	Зорівка	Kyivska	Kaharlytskyi	47.85	36.05
9256	Калинівка	Kyivska	Kaharlytskyi	49.7064	33.4868
9257	Онацьки	Kyivska	Kaharlytskyi	49.7064	33.4868
9258	Очеретяне	Kyivska	Kaharlytskyi	49.7064	33.4868
9259	Расавка (Слобідської Сільської Ради)	Kyivska	Kaharlytskyi	49.7064	33.4868
9260	Ліщинка	Kyivska	Kaharlytskyi	49.946	30.3989
9261	Расавка (Ліщинської Сільської Ради)	Kyivska	Kaharlytskyi	49.946	30.3989
9262	Зелений Яр	Kyivska	Kaharlytskyi	49.946	30.3989
9263	Липовець	Kyivska	Kaharlytskyi	49.946	30.3989
9264	Шубівка	Kyivska	Kaharlytskyi	49.946	30.3989
9301	Володарка	Kyivska	Volodarskyi	49.5248	29.9122
9302	Гор-Косівка	Kyivska	Volodarskyi	48.9564	29.0918
9303	Дружба	Kyivska	Volodarskyi	48.9564	29.0918
9304	Кленове	Kyivska	Volodarskyi	48.9564	29.0918
9305	Коржиха	Kyivska	Volodarskyi	48.9564	29.0918
9306	Надросівка	Kyivska	Volodarskyi	48.9564	29.0918
9307	Ратуш	Kyivska	Volodarskyi	48.3482	28.4565
9308	Рачки	Kyivska	Volodarskyi	48.9961	28.9066
9309	Чепіженці	Kyivska	Volodarskyi	48.9564	29.0918
9310	Городище-Пустоварівське	Kyivska	Volodarskyi	49.5614	28.8954
9311	Біліївка	Kyivska	Volodarskyi	49.5614	28.8954
9312	Гайворон	Kyivska	Volodarskyi	48.3396	29.8679
9313	Рубченки	Kyivska	Volodarskyi	49.5611	29.7148
9314	Рогізна	Kyivska	Volodarskyi	49.7783	27.7323
9315	Веснянка	Kyivska	Volodarskyi	50.5667	28.2667
9316	Володимирівка	Kyivska	Volodarskyi	49.5614	28.8954
9320	Березна	Kyivska	Volodarskyi	51.5716	31.7846
9321	Логвин	Kyivska	Volodarskyi	49.5481	29.937
9322	Михайлівка	Kyivska	Volodarskyi	47.2723	35.2224
9330	Тадіївка	Kyivska	Volodarskyi	48.6868	34.7918
9331	Пархомівка	Kyivska	Volodarskyi	50.123	35.0056
9332	Ожегівка	Kyivska	Volodarskyi	48.6868	34.7918
9333	Гайок	Kyivska	Volodarskyi	48.5285	33.2474
9334	Тарасівка	Kyivska	Volodarskyi	47.4089	36.1224
9340	Капустинці	Kyivska	Volodarskyi	50.6298	34.1515
9341	Мармуліївка	Kyivska	Volodarskyi	50.0665	31.9291
9342	Руде Село	Kyivska	Volodarskyi	49.5033	29.7067
9350	Завадівка	Kyivska	Volodarskyi	49.0253	30.2743
9352	Матвіїха	Kyivska	Volodarskyi	49.0253	30.2743
9353	Косівка	Kyivska	Volodarskyi	48.8092	33.0306
9354	Зрайки	Kyivska	Volodarskyi	49.0253	30.2743
9355	Лобачів	Kyivska	Volodarskyi	49.4302	29.8923
9356	Лихачиха	Kyivska	Volodarskyi	49.4859	30.0007
9357	Нове Життя	Kyivska	Volodarskyi	48.3761	28.1736
9358	Шевченкове	Kyivska	Volodarskyi	49.0253	30.2743
9361	Петрашівка	Kyivska	Volodarskyi	48.8024	28.6724
9362	Тарган	Kyivska	Volodarskyi	49.5467	29.9916
9401	Ставище	Kyivska	Stavyshchenskyi	50.4005	29.528
9409	Любча	Kyivska	Stavyshchenskyi	50.4005	29.528
9410	Гостра Могила	Kyivska	Stavyshchenskyi	50.3679	30.6532
9411	Василиха	Kyivska	Stavyshchenskyi	50.3679	30.6532
9412	Іванівка	Kyivska	Stavyshchenskyi	50.3679	30.6532
9413	Торчиця	Kyivska	Stavyshchenskyi	50.3679	30.6532
9414	Кривець	Kyivska	Stavyshchenskyi	50.3679	30.6532
9415	Богатирка	Kyivska	Stavyshchenskyi	50.3679	30.6532
9416	Торчицький Степок	Kyivska	Stavyshchenskyi	50.3679	30.6532
9417	Червоне	Kyivska	Stavyshchenskyi	50.3679	30.6532
9418	Хутір Григорівська Слобода	Kyivska	Stavyshchenskyi	50.3679	30.6532
9419	Веселе	Kyivska	Stavyshchenskyi	50.3679	30.6532
9420	Стрижавка	Kyivska	Stavyshchenskyi	50.9425	31.272
9421	Сухий Яр	Kyivska	Stavyshchenskyi	50.9425	31.272
9422	Винарівка	Kyivska	Stavyshchenskyi	50.8607	28.867
9423	Сніжки	Kyivska	Stavyshchenskyi	51.0243	33.677
9424	Юрківка	Kyivska	Stavyshchenskyi	50.9425	31.272
9430	Ясенівка	Kyivska	Stavyshchenskyi	49.3728	30.3515
9431	Полковниче	Kyivska	Stavyshchenskyi	49.3728	30.3515
9432	Журавлиха	Kyivska	Stavyshchenskyi	49.3728	30.3515
9433	Антонівка (Антонівська)	Kyivska	Stavyshchenskyi	49.3728	30.3515
9434	Брилівка	Kyivska	Stavyshchenskyi	49.3728	30.3515
9435	Попружна	Kyivska	Stavyshchenskyi	49.3728	30.3515
9440	Розкішна	Kyivska	Stavyshchenskyi	50.2746	30.7478
9441	Гейсиха	Kyivska	Stavyshchenskyi	49.3464	30.2961
9442	Станіславчик	Kyivska	Stavyshchenskyi	50.2746	30.7478
9443	Розумниця	Kyivska	Stavyshchenskyi	50.2746	30.7478
9444	Бесідка	Kyivska	Stavyshchenskyi	50.2746	30.7478
9445	Красилівка	Kyivska	Stavyshchenskyi	51.2029	31.1995
9446	Хутір Вишківський	Kyivska	Stavyshchenskyi	50.2746	30.7478
9501	Тараща	Kyivska	Tarashchanskyi	49.829	31.4684
9502	Тараща	Kyivska	Tarashchanskyi	49.829	31.4684
9506	Крива	Kyivska	Tarashchanskyi	49.829	31.4684
9507	Улашівка	Kyivska	Tarashchanskyi	49.829	31.4684
9508	Червоні Яри	Kyivska	Tarashchanskyi	49.829	31.4684
9509	Красюки	Kyivska	Tarashchanskyi	49.829	31.4684
9510	Северинівка	Kyivska	Tarashchanskyi	50.0233	30.4523
9511	Чернин	Kyivska	Tarashchanskyi	49.5783	30.36
9512	Ріжки	Kyivska	Tarashchanskyi	51.4558	32.7615
9513	Лісовичі	Kyivska	Tarashchanskyi	50.0233	30.4523
9514	Володимирівка	Kyivska	Tarashchanskyi	50.0233	30.4523
9515	Потоки	Kyivska	Tarashchanskyi	49.0359	28.2353
9520	Салиха	Kyivska	Tarashchanskyi	49.6236	30.4485
9522	Кирдани	Kyivska	Tarashchanskyi	51.3425	28.7852
9523	Степок	Kyivska	Tarashchanskyi	50.4831	29.6168
9524	Бовкун	Kyivska	Tarashchanskyi	50.4831	29.6168
9525	Кислівка	Kyivska	Tarashchanskyi	50.4831	29.6168
9526	Буда	Kyivska	Tarashchanskyi	50.4831	29.6168
9530	Плоске	Kyivska	Tarashchanskyi	50.0448	37.3439
9531	Юшків Ріг	Kyivska	Tarashchanskyi	49.741	34.0896
9532	Велика Вовнянка	Kyivska	Tarashchanskyi	49.741	34.0896
9533	Калинове	Kyivska	Tarashchanskyi	47.7544	38.6969
9534	Дубівка	Kyivska	Tarashchanskyi	51.4237	26.2281
9535	Мала Вовнянка	Kyivska	Tarashchanskyi	49.741	34.0896
9539	Малоберезянський	Kyivska	Tarashchanskyi	49.741	34.0896
9540	Лук'янівка	Kyivska	Tarashchanskyi	50.0302	30.6269
9541	Станишівка	Kyivska	Tarashchanskyi	50.2198	28.729
9542	Мала Березянка	Kyivska	Tarashchanskyi	50.0302	30.6269
9543	Ківшовата	Kyivska	Tarashchanskyi	49.4878	30.6164
9544	Лука	Kyivska	Tarashchanskyi	50.0302	30.6269
9545	Маковецьке	Kyivska	Tarashchanskyi	50.0302	30.6269
9549	Антонівка	Kyivska	Tarashchanskyi	50.3831	32.5352
9550	Велика Березянка	Kyivska	Tarashchanskyi	47.5986	32.8804
9551	Круті Горби	Kyivska	Tarashchanskyi	47.5986	32.8804
9552	Косяківка	Kyivska	Tarashchanskyi	47.5986	32.8804
9553	Веселий Кут	Kyivska	Tarashchanskyi	47.5986	32.8804
9601	Рокитне	Kyivska	Rokytnianskyi	50.0193	29.7291
9602	Рокитне	Kyivska	Rokytnianskyi	50.0193	29.7291
9603	Рокитне	Kyivska	Rokytnianskyi	50.0193	29.7291
9610	Савинці	Kyivska	Rokytnianskyi	49.4026	37.0627
9611	Житні Гори	Kyivska	Rokytnianskyi	49.7532	35.4009
9612	Бакумівка	Kyivska	Rokytnianskyi	50.1039	33.7391
9620	Запруддя	Kyivska	Rokytnianskyi	50.0193	29.7291
9621	Маківка	Kyivska	Rokytnianskyi	50.0193	29.7291
9622	Телешівка	Kyivska	Rokytnianskyi	50.0193	29.7291
9623	Ромашки	Kyivska	Rokytnianskyi	50.0193	29.7291
9624	Нова Маківка	Kyivska	Rokytnianskyi	50.0193	29.7291
9630	Бирюки	Kyivska	Rokytnianskyi	49.7915	27.2989
9631	Острів	Kyivska	Rokytnianskyi	49.7915	27.2989
9632	Троїцьке	Kyivska	Rokytnianskyi	49.7915	27.2989
9633	Насташка	Kyivska	Rokytnianskyi	49.6428	30.299
9634	Синява	Kyivska	Rokytnianskyi	49.7121	25.8876
9635	Ольшаниця	Kyivska	Rokytnianskyi	49.7915	27.2989
9636	Колісникове	Kyivska	Rokytnianskyi	49.7915	27.2989
9637	Пугачівка	Kyivska	Rokytnianskyi	50.5666	25.6218
9638	Шарки	Kyivska	Rokytnianskyi	49.2446	27.3874
9641	Луб'янка	Kyivska	Rokytnianskyi	50.6541	30.1701
9642	Калинівка	Kyivska	Rokytnianskyi	49.4539	28.5261
9643	Бушеве	Kyivska	Rokytnianskyi	50.5003	29.1882
9644	Любка	Kyivska	Rokytnianskyi	50.5003	29.1882
9645	Першотравневе	Kyivska	Rokytnianskyi	51.3929	28.8684
9701	Богуслав	Kyivska	Bohuslavskyi	49.8854	27.6523
9703	Калинівка	Kyivska	Bohuslavskyi	49.4539	28.5261
9704	Половецьке	Kyivska	Bohuslavskyi	49.964	28.6714
9705	Дібрівка	Kyivska	Bohuslavskyi	50.4734	25.8415
9706	Бородані	Kyivska	Bohuslavskyi	49.8854	27.6523
9707	Івки	Kyivska	Bohuslavskyi	49.6505	27.5703
9708	Туники	Kyivska	Bohuslavskyi	49.8854	27.6523
9709	Софійка	Kyivska	Bohuslavskyi	49.8854	27.6523
9710	Саварка	Kyivska	Bohuslavskyi	49.5891	30.6711
9711	Синиця	Kyivska	Bohuslavskyi	48.6917	30.0739
9712	Мисайлівка	Kyivska	Bohuslavskyi	49.5704	30.3429
9713	Чайки	Kyivska	Bohuslavskyi	50.4303	30.2839
9714	Дибинці	Kyivska	Bohuslavskyi	49.5704	30.3429
9715	Розкопанці	Kyivska	Bohuslavskyi	49.5704	30.3429
9716	Лютарі	Kyivska	Bohuslavskyi	49.5704	30.3429
9719	Карандинці	Kyivska	Bohuslavskyi	49.5704	30.3429
9720	Шупики	Kyivska	Bohuslavskyi	49.5943	30.9081
9721	Михайлівка	Kyivska	Bohuslavskyi	49.8386	29.9979
9722	Тептіївка	Kyivska	Bohuslavskyi	49.8386	29.9979
9723	Вільховець	Kyivska	Bohuslavskyi	49.8386	29.9979
9724	Іванівка	Kyivska	Bohuslavskyi	49.8386	29.9979
9725	Дешки	Kyivska	Bohuslavskyi	50.9635	31.0221
9726	Олексіївка	Kyivska	Bohuslavskyi	48.9579	28.0637
9727	Семигори	Kyivska	Bohuslavskyi	49.8386	29.9979
9730	Ісайки	Kyivska	Bohuslavskyi	49.489	30.8276
9731	Бране Поле	Kyivska	Bohuslavskyi	49.4492	30.714
9732	Побережка	Kyivska	Bohuslavskyi	49.3667	30.6833
9733	Митаївка	Kyivska	Bohuslavskyi	49.6721	30.3824
9735	Закутенці	Kyivska	Bohuslavskyi	49.6721	30.3824
9736	Красногородка	Kyivska	Bohuslavskyi	49.6721	30.3824
9737	Поташня	Kyivska	Bohuslavskyi	50.3837	29.3047
9738	Яцюки	Kyivska	Bohuslavskyi	49.6721	30.3824
9740	Хохітва	Kyivska	Bohuslavskyi	49.5191	30.9058
9741	Біївці	Kyivska	Bohuslavskyi	50.1454	32.9019
9742	Москаленки	Kyivska	Bohuslavskyi	51.0753	34.2745
9743	Киданівка	Kyivska	Bohuslavskyi	50.2466	32.6941
9749	Коряківка	Kyivska	Bohuslavskyi	50.2466	32.6941
9750	Дмитренки	Kyivska	Bohuslavskyi	49.4342	34.2977
9751	Медвин	Kyivska	Bohuslavskyi	49.3865	30.7817
9752	Гута	Kyivska	Bohuslavskyi	49.4103	32.5397
9753	Щербашинці	Kyivska	Bohuslavskyi	49.4103	32.5397
9801	Тетіїв	Kyivska	Tetiivskyi	49.3767	29.6647
9802	Тетіїв	Kyivska	Tetiivskyi	49.3767	29.6647
9810	Кошів	Kyivska	Tetiivskyi	50.6984	24.8799
9811	Бурківці	Kyivska	Tetiivskyi	49.8804	28.0458
9812	Кашперівка	Kyivska	Tetiivskyi	50.4334	28.9586
9813	Скибинці	Kyivska	Tetiivskyi	50.1916	32.6962
9814	Черепин	Kyivska	Tetiivskyi	51.3333	28.7323
9815	Григорівка	Kyivska	Tetiivskyi	50.3667	29.3026
9816	Черепинка	Kyivska	Tetiivskyi	49.4103	29.8394
9817	Погреби	Kyivska	Tetiivskyi	50.6194	31.9662
9818	Софіпіль	Kyivska	Tetiivskyi	50.3667	29.3026
9819	Хмелівка	Kyivska	Tetiivskyi	50.3667	29.3026
9820	Дзвеняче	Kyivska	Tetiivskyi	47.3406	35.6724
9821	Михайлівка	Kyivska	Tetiivskyi	47.2723	35.2224
9822	Теліженці	Kyivska	Tetiivskyi	47.3406	35.6724
9823	1 Травня	Kyivska	Tetiivskyi	47.3406	35.6724
9824	Тарасівка	Kyivska	Tetiivskyi	47.4089	36.1224
9830	Росішки	Kyivska	Tetiivskyi	48.3679	36.5064
9831	Дібрівка	Kyivska	Tetiivskyi	50.4734	25.8415
9832	Денихівка	Kyivska	Tetiivskyi	49.3032	29.6592
9833	Голодьки	Kyivska	Tetiivskyi	49.5226	27.976
9834	Стадниця	Kyivska	Tetiivskyi	49.3032	29.6592
9835	Дубина	Kyivska	Tetiivskyi	48.8489	28.3129
9840	Галайки	Kyivska	Tetiivskyi	48.4955	31.6235
9841	П'ятигори	Kyivska	Tetiivskyi	50.5279	26.1651
9842	Одайпіль	Kyivska	Tetiivskyi	48.4955	31.6235
9843	Ненадиха	Kyivska	Tetiivskyi	49.3297	29.8506
9844	Степове	Kyivska	Tetiivskyi	47.7116	36.5949
9845	Молочне	Kyivska	Tetiivskyi	46.4129	33.8836
9850	Тайниця	Kyivska	Tetiivskyi	49.7863	27.8063
9851	Високе	Kyivska	Tetiivskyi	49.7863	27.8063
9852	Горошків	Kyivska	Tetiivskyi	49.2482	29.9027
9853	Клюки	Kyivska	Tetiivskyi	50.3244	25.71
9854	Ріденьке	Kyivska	Tetiivskyi	49.7863	27.8063
1001	Київ	Kyiv	Kyiv	50.4547	30.5238
1004	Київ	Kyiv	Kyiv	50.4547	30.5238
1008	Київ	Kyiv	Kyiv	50.4547	30.5238
1010	Київ	Kyiv	Kyiv	50.4547	30.5238
1011	Київ	Kyiv	Kyiv	50.4547	30.5238
1013	Київ	Kyiv	Kyiv	50.4547	30.5238
1014	Київ	Kyiv	Kyiv	50.4547	30.5238
1015	Київ	Kyiv	Kyiv	50.4547	30.5238
1016	Київ	Kyiv	Kyiv	50.4547	30.5238
1018	Київ	Kyiv	Kyiv	50.4547	30.5238
1019	Київ	Kyiv	Kyiv	50.4547	30.5238
1021	Київ	Kyiv	Kyiv	50.4547	30.5238
1024	Київ	Kyiv	Kyiv	50.4547	30.5238
1029	Київ	Kyiv	Kyiv	50.4547	30.5238
1030	Київ	Kyiv	Kyiv	50.4547	30.5238
1032	Київ	Kyiv	Kyiv	50.4547	30.5238
1033	Київ	Kyiv	Kyiv	50.4547	30.5238
1042	Київ	Kyiv	Kyiv	50.4547	30.5238
1043	Київ	Kyiv	Kyiv	50.4547	30.5238
1044	Київ	Kyiv	Kyiv	50.4547	30.5238
1046	Київ	Kyiv	Kyiv	50.4547	30.5238
1051	Київ	Kyiv	Kyiv	50.4547	30.5238
1054	Київ	Kyiv	Kyiv	50.4547	30.5238
1103	Київ	Kyiv	Kyiv	50.4547	30.5238
1133	Київ	Kyiv	Kyiv	50.4547	30.5238
1135	Київ	Kyiv	Kyiv	50.4547	30.5238
1196	Київ	Kyiv	Kyiv	50.4547	30.5238
1220	Київ	Kyiv	Kyiv	50.4547	30.5238
2002	Київ	Kyiv	Kyiv	50.4547	30.5238
2025	Київ	Kyiv	Kyiv	50.4547	30.5238
2034	Київ	Kyiv	Kyiv	50.4547	30.5238
2063	Київ	Kyiv	Kyiv	50.4547	30.5238
2068	Київ	Kyiv	Kyiv	50.4547	30.5238
2081	Київ	Kyiv	Kyiv	50.4547	30.5238
2088	Київ	Kyiv	Kyiv	50.4547	30.5238
2089	Київ	Kyiv	Kyiv	50.4547	30.5238
2090	Київ	Kyiv	Kyiv	50.4547	30.5238
2091	Київ	Kyiv	Kyiv	50.4547	30.5238
2092	Київ	Kyiv	Kyiv	50.4547	30.5238
2093	Київ	Kyiv	Kyiv	50.4547	30.5238
2094	Київ	Kyiv	Kyiv	50.4547	30.5238
2095	Київ	Kyiv	Kyiv	50.4547	30.5238
2096	Київ	Kyiv	Kyiv	50.4547	30.5238
2097	Київ	Kyiv	Kyiv	50.4547	30.5238
2098	Київ	Kyiv	Kyiv	50.4547	30.5238
2099	Київ	Kyiv	Kyiv	50.4547	30.5238
2100	Київ	Kyiv	Kyiv	50.4547	30.5238
2105	Київ	Kyiv	Kyiv	50.4547	30.5238
2121	Київ	Kyiv	Kyiv	50.4547	30.5238
2122	Київ	Kyiv	Kyiv	50.4547	30.5238
2125	Київ	Kyiv	Kyiv	50.4547	30.5238
2132	Київ	Kyiv	Kyiv	50.4547	30.5238
2139	Київ	Kyiv	Kyiv	50.4547	30.5238
2140	Київ	Kyiv	Kyiv	50.4547	30.5238
2147	Київ	Kyiv	Kyiv	50.4547	30.5238
2152	Київ	Kyiv	Kyiv	50.4547	30.5238
2154	Київ	Kyiv	Kyiv	50.4547	30.5238
2156	Київ	Kyiv	Kyiv	50.4547	30.5238
2160	Київ	Kyiv	Kyiv	50.4547	30.5238
2166	Київ	Kyiv	Kyiv	50.4547	30.5238
2167	Київ	Kyiv	Kyiv	50.4547	30.5238
2175	Київ	Kyiv	Kyiv	50.4547	30.5238
2183	Київ	Kyiv	Kyiv	50.4547	30.5238
2192	Київ	Kyiv	Kyiv	50.4547	30.5238
2206	Київ	Kyiv	Kyiv	50.4547	30.5238
2217	Київ	Kyiv	Kyiv	50.4547	30.5238
2218	Київ	Kyiv	Kyiv	50.4547	30.5238
2222	Київ	Kyiv	Kyiv	50.4547	30.5238
2223	Київ	Kyiv	Kyiv	50.4547	30.5238
2225	Київ	Kyiv	Kyiv	50.4547	30.5238
2230	Київ	Kyiv	Kyiv	50.4547	30.5238
2232	Київ	Kyiv	Kyiv	50.4547	30.5238
3005	Київ	Kyiv	Kyiv	50.4547	30.5238
3006	Київ	Kyiv	Kyiv	50.4547	30.5238
3020	Київ	Kyiv	Kyiv	50.4547	30.5238
3022	Київ	Kyiv	Kyiv	50.4547	30.5238
3026	Київ	Kyiv	Kyiv	50.4547	30.5238
3028	Київ	Kyiv	Kyiv	50.4547	30.5238
3031	Київ	Kyiv	Kyiv	50.4547	30.5238
3035	Київ	Kyiv	Kyiv	50.4547	30.5238
3036	Київ	Kyiv	Kyiv	50.4547	30.5238
3037	Київ	Kyiv	Kyiv	50.4547	30.5238
3038	Київ	Kyiv	Kyiv	50.4547	30.5238
3039	Київ	Kyiv	Kyiv	50.4547	30.5238
3040	Київ	Kyiv	Kyiv	50.4547	30.5238
3041	Київ	Kyiv	Kyiv	50.4547	30.5238
3045	Київ	Kyiv	Kyiv	50.4547	30.5238
3047	Київ	Kyiv	Kyiv	50.4547	30.5238
3048	Київ	Kyiv	Kyiv	50.4547	30.5238
3049	Київ	Kyiv	Kyiv	50.4547	30.5238
3056	Київ	Kyiv	Kyiv	50.4547	30.5238
3057	Київ	Kyiv	Kyiv	50.4547	30.5238
3058	Київ	Kyiv	Kyiv	50.4547	30.5238
3061	Київ	Kyiv	Kyiv	50.4547	30.5238
3062	Київ	Kyiv	Kyiv	50.4547	30.5238
3065	Київ	Kyiv	Kyiv	50.4547	30.5238
3067	Київ	Kyiv	Kyiv	50.4547	30.5238
3069	Київ	Kyiv	Kyiv	50.4547	30.5238
3083	Київ	Kyiv	Kyiv	50.4547	30.5238
3084	Київ	Kyiv	Kyiv	50.4547	30.5238
3087	Київ	Kyiv	Kyiv	50.4547	30.5238
3109	Київ	Kyiv	Kyiv	50.4547	30.5238
3110	Київ	Kyiv	Kyiv	50.4547	30.5238
3113	Київ	Kyiv	Kyiv	50.4547	30.5238
3115	Київ	Kyiv	Kyiv	50.4547	30.5238
3118	Київ	Kyiv	Kyiv	50.4547	30.5238
3124	Київ	Kyiv	Kyiv	50.4547	30.5238
3126	Київ	Kyiv	Kyiv	50.4547	30.5238
3127	Київ	Kyiv	Kyiv	50.4547	30.5238
3129	Київ	Kyiv	Kyiv	50.4547	30.5238
3131	Київ	Kyiv	Kyiv	50.4547	30.5238
3134	Київ	Kyiv	Kyiv	50.4547	30.5238
3138	Київ	Kyiv	Kyiv	50.4547	30.5238
3141	Київ	Kyiv	Kyiv	50.4547	30.5238
3142	Київ	Kyiv	Kyiv	50.4547	30.5238
3143	Київ	Kyiv	Kyiv	50.4547	30.5238
3146	Київ	Kyiv	Kyiv	50.4547	30.5238
3148	Київ	Kyiv	Kyiv	50.4547	30.5238
3150	Київ	Kyiv	Kyiv	50.4547	30.5238
3151	Київ	Kyiv	Kyiv	50.4547	30.5238
3158	Київ	Kyiv	Kyiv	50.4547	30.5238
3162	Київ	Kyiv	Kyiv	50.4547	30.5238
3164	Київ	Kyiv	Kyiv	50.4547	30.5238
3165	Київ	Kyiv	Kyiv	50.4547	30.5238
3168	Київ	Kyiv	Kyiv	50.4547	30.5238
3169	Київ	Kyiv	Kyiv	50.4547	30.5238
3170	Київ	Kyiv	Kyiv	50.4547	30.5238
3179	Київ	Kyiv	Kyiv	50.4547	30.5238
3186	Київ	Kyiv	Kyiv	50.4547	30.5238
3187	Київ	Kyiv	Kyiv	50.4547	30.5238
3189	Київ	Kyiv	Kyiv	50.4547	30.5238
3190	Київ	Kyiv	Kyiv	50.4547	30.5238
3191	Київ	Kyiv	Kyiv	50.4547	30.5238
3194	Київ	Kyiv	Kyiv	50.4547	30.5238
4023	Київ	Kyiv	Kyiv	50.4547	30.5238
4050	Київ	Kyiv	Kyiv	50.4547	30.5238
4052	Київ	Kyiv	Kyiv	50.4547	30.5238
4053	Київ	Kyiv	Kyiv	50.4547	30.5238
4060	Київ	Kyiv	Kyiv	50.4547	30.5238
4070	Київ	Kyiv	Kyiv	50.4547	30.5238
4071	Київ	Kyiv	Kyiv	50.4547	30.5238
4073	Київ	Kyiv	Kyiv	50.4547	30.5238
4074	Київ	Kyiv	Kyiv	50.4547	30.5238
4075	Київ	Kyiv	Kyiv	50.4547	30.5238
4077	Київ	Kyiv	Kyiv	50.4547	30.5238
4078	Київ	Kyiv	Kyiv	50.4547	30.5238
4080	Київ	Kyiv	Kyiv	50.4547	30.5238
4086	Київ	Kyiv	Kyiv	50.4547	30.5238
4107	Київ	Kyiv	Kyiv	50.4547	30.5238
4108	Київ	Kyiv	Kyiv	50.4547	30.5238
4111	Київ	Kyiv	Kyiv	50.4547	30.5238
4112	Київ	Kyiv	Kyiv	50.4547	30.5238
4114	Київ	Kyiv	Kyiv	50.4547	30.5238
4116	Київ	Kyiv	Kyiv	50.4547	30.5238
4119	Київ	Kyiv	Kyiv	50.4547	30.5238
4123	Київ	Kyiv	Kyiv	50.4547	30.5238
4128	Київ	Kyiv	Kyiv	50.4547	30.5238
4136	Київ	Kyiv	Kyiv	50.4547	30.5238
4176	Київ	Kyiv	Kyiv	50.4547	30.5238
4200	Київ	Kyiv	Kyiv	50.4547	30.5238
4201	Київ	Kyiv	Kyiv	50.4547	30.5238
4205	Київ	Kyiv	Kyiv	50.4547	30.5238
4208	Київ	Kyiv	Kyiv	50.4547	30.5238
4209	Київ	Kyiv	Kyiv	50.4547	30.5238
4210	Київ	Kyiv	Kyiv	50.4547	30.5238
4211	Київ	Kyiv	Kyiv	50.4547	30.5238
4212	Київ	Kyiv	Kyiv	50.4547	30.5238
4213	Київ	Kyiv	Kyiv	50.4547	30.5238
4214	Київ	Kyiv	Kyiv	50.4547	30.5238
4215	Київ	Kyiv	Kyiv	50.4547	30.5238
91480	Щастя	Luhanska	Novoaidarskyi	48.7396	39.2323
92100	Троїцьке	Luhanska	Troitskyi	49.842	38.5212
92103	Загір'я	Luhanska	Troitskyi	49.842	38.5212
92104	Вільшани	Luhanska	Troitskyi	49.8726	38.4971
92105	Березівка	Luhanska	Troitskyi	49.9058	38.5244
92106	Головкове	Luhanska	Troitskyi	49.8261	38.4854
92107	Чапліївка	Luhanska	Troitskyi	49.7679	38.5689
92108	Лугове	Luhanska	Troitskyi	49.8771	38.562
92109	Шахове	Luhanska	Troitskyi	49.8028	38.4895
92110	Демино-Олександрівка	Luhanska	Troitskyi	50.042	38.2298
92111	Сиротине	Luhanska	Troitskyi	50.0532	38.2949
92112	Багачка	Luhanska	Troitskyi	49.985	38.3769
92113	Максимівка	Luhanska	Troitskyi	49.9198	38.3956
92114	Лантратівка	Luhanska	Troitskyi	49.9395	38.2616
92115	Бабичеве	Luhanska	Troitskyi	49.944	38.2237
92116	Джерельне	Luhanska	Troitskyi	49.9353	38.4113
92117	Дуванка	Luhanska	Troitskyi	49.8362	38.6621
92118	Маслакове	Luhanska	Troitskyi	49.8453	38.6455
92119	Трудродительське	Luhanska	Troitskyi	49.8527	38.612
92120	Розсипне	Luhanska	Troitskyi	49.966	38.6127
92121	Воєводське	Luhanska	Troitskyi	49.9423	38.5395
92122	Зайцеве	Luhanska	Troitskyi	48.429	35.6736
92123	Привілля	Luhanska	Troitskyi	49.8489	38.52
92124	Вівчарове	Luhanska	Troitskyi	49.8541	38.5846
92125	Маслівка	Luhanska	Troitskyi	49.9471	38.5866
92126	Озеро	Luhanska	Troitskyi	49.9359	38.5786
92127	Полтавське	Luhanska	Troitskyi	49.9548	38.4976
92128	Судьбинка	Luhanska	Troitskyi	49.9458	38.5694
92130	Тополі	Luhanska	Troitskyi	49.8129	38.1566
92131	Солонці	Luhanska	Troitskyi	49.9034	38.1436
92131	Новознам'янка	Luhanska	Troitskyi	49.8833	38.1244
92131	Кашкарне	Luhanska	Troitskyi	49.8631	38.1053
92133	Аношкине	Luhanska	Troitskyi	49.8376	38.1921
92134	Новоолександрівка	Luhanska	Troitskyi	49.7868	38.1383
92135	Богородицьке	Luhanska	Troitskyi	49.7247	38.1204
92135	Покровське	Luhanska	Troitskyi	49.741	38.2253
92136	Арапівка	Luhanska	Troitskyi	49.7394	38.0365
92137	Давидівка	Luhanska	Troitskyi	49.7986	38.185
92138	Глотівка	Luhanska	Troitskyi	49.79	38.0841
92139	Іллінка	Luhanska	Troitskyi	49.8159	38.037
92140	Розпасіївка	Luhanska	Troitskyi	49.8297	38.3821
92141	Ями	Luhanska	Troitskyi	49.7616	38.3722
92141	Клинуватка	Luhanska	Troitskyi	49.8058	38.2531
92142	Тимонове	Luhanska	Troitskyi	49.7476	38.4466
92143	Малоолександрівка	Luhanska	Troitskyi	49.7059	38.4736
92144	Тарасівка	Luhanska	Troitskyi	49.6642	38.392
92145	Новочервоне	Luhanska	Troitskyi	49.6311	38.2985
92146	Бараничеве	Luhanska	Troitskyi	49.7493	38.1179
92148	Кошелівка	Luhanska	Troitskyi	49.7609	38.0478
92151	Роднички	Luhanska	Troitskyi	49.9885	38.4356
92152	Шатківка	Luhanska	Troitskyi	50.005	38.6802
92153	Жовтневе	Luhanska	Troitskyi	49.8404	38.1487
92154	Караїчне	Luhanska	Troitskyi	49.8018	38.2974
92155	Коченове	Luhanska	Troitskyi	49.7937	38.3757
92156	Красногригорівка	Luhanska	Troitskyi	49.678	38.416
92157	Михайлівка	Luhanska	Troitskyi	49.7052	38.4414
92158	Федосіївка	Luhanska	Troitskyi	49.871	38.4406
92159	Царівка	Luhanska	Troitskyi	49.8358	38.4431
92201	Білокуракине	Luhanska	Bilokurakynskyi	49.5341	38.7307
92202	Білокуракине	Luhanska	Bilokurakynskyi	49.5341	38.7307
92208	Олексапіль	Luhanska	Bilokurakynskyi	49.8522	38.7564
92209	Петрівка	Luhanska	Bilokurakynskyi	49.8676	38.802
92210	Шарівка	Luhanska	Bilokurakynskyi	49.8522	38.8993
92211	Лозно-Олександрівка	Luhanska	Bilokurakynskyi	49.8391	38.741
92212	Мирне	Luhanska	Bilokurakynskyi	48.3643	39.0802
92213	Солідарне	Luhanska	Bilokurakynskyi	49.7864	38.6169
92214	Гладкове	Luhanska	Bilokurakynskyi	49.7403	38.6026
92215	Тимошине	Luhanska	Bilokurakynskyi	49.6755	38.8042
92216	Осикове	Luhanska	Bilokurakynskyi	49.7473	38.6361
92217	Калинова балка	Luhanska	Bilokurakynskyi	49.7481	38.5684
92218	Миколаївка	Luhanska	Bilokurakynskyi	49.7089	38.574
92219	Лозне	Luhanska	Bilokurakynskyi	49.867	38.8262
92220	Романівка	Luhanska	Bilokurakynskyi	49.6705	38.9326
92220	Олександропіль	Luhanska	Bilokurakynskyi	49.691	38.8487
92220	Ляшківка	Luhanska	Bilokurakynskyi	49.6866	38.8939
92222	Павлівка	Luhanska	Bilokurakynskyi	49.6086	38.7092
92223	Заводянка	Luhanska	Bilokurakynskyi	49.6174	38.812
92226	Приходьківка	Luhanska	Bilokurakynskyi	49.626	38.9081
92227	Кочено-роспасіївка	Luhanska	Bilokurakynskyi	49.6574	38.8402
92229	Новоандріївка	Luhanska	Bilokurakynskyi	49.7018	38.7765
92230	Просторе	Luhanska	Bilokurakynskyi	49.6499	38.4941
92230	Попівка	Luhanska	Bilokurakynskyi	49.6108	38.5844
92231	Плахо-Петрівка	Luhanska	Bilokurakynskyi	49.6284	38.4835
92232	Курячівка	Luhanska	Bilokurakynskyi	49.6518	38.6854
92234	Картамишеве	Luhanska	Bilokurakynskyi	49.6333	38.4833
92236	Рудове	Luhanska	Bilokurakynskyi	49.627	38.6233
92237	Хоменкове перше	Luhanska	Bilokurakynskyi	49.6689	38.6876
92238	Маньківка	Luhanska	Bilokurakynskyi	49.5585	38.4536
92239	Світленьке	Luhanska	Bilokurakynskyi	49.6112	38.515
92240	Дем'янівка	Luhanska	Bilokurakynskyi	49.3228	37.9131
92241	Бунчуківка	Luhanska	Bilokurakynskyi	49.4857	38.6553
92242	Олексіївка	Luhanska	Bilokurakynskyi	49.0181	39.1794
92243	Луб'янка	Luhanska	Bilokurakynskyi	49.3228	37.9131
92244	Заїківка	Luhanska	Bilokurakynskyi	49.3228	37.9131
92245	Грицаївка	Luhanska	Bilokurakynskyi	49.0709	34.3071
92246	Коноплянівка	Luhanska	Bilokurakynskyi	49.3228	37.9131
92247	Шовкунівка	Luhanska	Bilokurakynskyi	49.543	38.5708
92248	Шапарівка	Luhanska	Bilokurakynskyi	49.4964	38.8528
92249	Калинівське	Luhanska	Bilokurakynskyi	49.3228	37.9131
92250	Лизине	Luhanska	Bilokurakynskyi	49.697	38.7459
92252	Нещеретове	Luhanska	Bilokurakynskyi	49.697	38.7459
92253	Паньківка	Luhanska	Bilokurakynskyi	49.4375	38.8008
92254	Цілуйкове	Luhanska	Bilokurakynskyi	49.697	38.7459
92255	Куплювате	Luhanska	Bilokurakynskyi	49.7259	38.7734
92256	Новопокровка	Luhanska	Bilokurakynskyi	49.7557	38.7667
92257	Нянчине	Luhanska	Bilokurakynskyi	49.7603	38.7068
92258	Попасне	Luhanska	Bilokurakynskyi	49.7759	38.7356
92259	Чабанове	Luhanska	Bilokurakynskyi	49.7268	38.6922
92260	Стативчине	Luhanska	Bilokurakynskyi	49.5916	38.8155
92261	Хоменкове друге	Luhanska	Bilokurakynskyi	49.6501	38.8239
92262	Климівка	Luhanska	Bilokurakynskyi	49.6477	38.9326
92301	Новопсков	Luhanska	Novopskovskyi	49.5464	39.0899
92302	Новопсков	Luhanska	Novopskovskyi	49.5464	39.0899
92303	Новопсков	Luhanska	Novopskovskyi	49.5464	39.0899
92310	Новобіла	Luhanska	Novopskovskyi	49.7702	39.1822
92311	Козлове	Luhanska	Novopskovskyi	49.8628	39.1658
92312	Танюшівка	Luhanska	Novopskovskyi	49.7701	38.9328
92313	Соснівка	Luhanska	Novopskovskyi	49.7725	38.9608
92314	Березівка	Luhanska	Novopskovskyi	49.7504	38.8527
92315	Синельникове	Luhanska	Novopskovskyi	49.7181	38.7954
92316	Залісне	Luhanska	Novopskovskyi	49.8483	39.1306
92317	Литвинове	Luhanska	Novopskovskyi	49.8508	39.2003
92318	Світле	Luhanska	Novopskovskyi	49.7966	39.0827
92319	Шапран	Luhanska	Novopskovskyi	49.8367	39.1342
92320	Павленкове	Luhanska	Novopskovskyi	49.7094	39.0792
92321	Трембачеве	Luhanska	Novopskovskyi	49.7261	39.1415
92322	Білолуцьк	Luhanska	Novopskovskyi	49.7026	39.0173
92323	Білолуцьк	Luhanska	Novopskovskyi	49.7026	39.0173
92326	Можняківка	Luhanska	Novopskovskyi	49.6563	39.0616
92326	Зелений Гай (Зеленый Гай)	Luhanska	Novopskovskyi	49.6563	39.0616
92328	Кубань	Luhanska	Novopskovskyi	49.6513	39.0293
92329	Солоне	Luhanska	Novopskovskyi	49.7355	39.3487
92330	Ганусівка	Luhanska	Novopskovskyi	49.7029	39.3702
92331	Пантюхине	Luhanska	Novopskovskyi	49.7524	39.4476
92332	Степне	Luhanska	Novopskovskyi	49.6729	39.329
92332	Кам'янка	Luhanska	Novopskovskyi	49.6729	39.329
92334	Донцівка	Luhanska	Novopskovskyi	49.6018	39.269
92335	Новорозсош	Luhanska	Novopskovskyi	49.5457	39.2363
92336	Костянтинівка	Luhanska	Novopskovskyi	49.7417	38.9632
92337	Пелагіївка	Luhanska	Novopskovskyi	49.7868	38.946
92340	Заайдарівка	Luhanska	Novopskovskyi	49.5851	39.0971
92341	Рогове	Luhanska	Novopskovskyi	49.6224	39.0312
92342	Осинове	Luhanska	Novopskovskyi	49.5795	39.0565
92343	Макартетине	Luhanska	Novopskovskyi	49.5784	38.9276
92343	Осинове	Luhanska	Novopskovskyi	49.5795	39.0565
92347	Ікове	Luhanska	Novopskovskyi	49.5244	39.0911
92348	Хворостяне	Luhanska	Novopskovskyi	49.5139	39.0572
92350	Риб'янцеве	Luhanska	Novopskovskyi	49.4837	39.0247
92351	Писарівка	Luhanska	Novopskovskyi	49.5	39.0833
92352	Закотне	Luhanska	Novopskovskyi	49.4683	38.9736
92353	Лисогорівка	Luhanska	Novopskovskyi	49.2791	39.0887
92354	Піски	Luhanska	Novopskovskyi	48.6644	39.2732
92355	Булавинівка	Luhanska	Novopskovskyi	49.2791	39.0887
92356	Тев'яшеве	Luhanska	Novopskovskyi	49.2791	39.0887
92400	Марківка	Luhanska	Markivskyi	49.5229	39.5705
92410	Красне Поле	Luhanska	Markivskyi	49.6694	39.5169
92411	Височинівка	Luhanska	Markivskyi	49.7065	39.5501
92412	Первомайське	Luhanska	Markivskyi	49.6175	39.3794
92413	Гераськівка	Luhanska	Markivskyi	49.6078	39.5439
92414	Рудівка	Luhanska	Markivskyi	49.4011	38.4513
92415	Тернівка	Luhanska	Markivskyi	49.6148	39.4835
92416	Гераськівське	Luhanska	Markivskyi	49.6472	39.5268
92417	Каськівка	Luhanska	Markivskyi	49.6757	39.5831
92420	Просяне	Luhanska	Markivskyi	49.5922	39.6656
92421	Розсохувате	Luhanska	Markivskyi	49.5436	39.6433
92422	Кабичівка	Luhanska	Markivskyi	49.4573	39.7447
92423	Веселе	Luhanska	Markivskyi	49.5136	39.8334
92424	Кризьке	Luhanska	Markivskyi	49.4516	39.6277
92425	Сичівка	Luhanska	Markivskyi	49.4415	39.5915
92426	Лимарівка	Luhanska	Markivskyi	49.3255	39.5962
92427	Липове	Luhanska	Markivskyi	48.4093	39.7212
92428	Деркульське	Luhanska	Markivskyi	48.995	39.694
92430	Лісна Поляна	Luhanska	Markivskyi	49.5242	39.4723
92431	Крупчанське	Luhanska	Markivskyi	49.5711	39.4347
92432	Скородна	Luhanska	Markivskyi	49.4934	39.4881
92433	Марківське	Luhanska	Markivskyi	49.4881	39.4069
92434	Тишківка	Luhanska	Markivskyi	49.4663	39.4949
92440	Сичанське	Luhanska	Markivskyi	49.4363	39.3981
92441	Караван-Солодкий	Luhanska	Markivskyi	49.4216	39.3136
92442	Виноградне	Luhanska	Markivskyi	49.3957	39.4064
92443	Бондарівка	Luhanska	Markivskyi	49.4042	39.6344
92444	Курячівка	Luhanska	Markivskyi	49.39	39.6096
92445	Городище	Luhanska	Markivskyi	49.4289	39.2542
92445	Бондарне	Luhanska	Markivskyi	49.4333	39.3833
92446	Лобасове	Luhanska	Markivskyi	49.4314	39.4452
92446	Крейдяне	Luhanska	Markivskyi	49.4539	39.3256
92447	Нова Україна	Luhanska	Markivskyi	49.3909	39.5161
92448	Фартуківка	Luhanska	Markivskyi	49.5468	39.4582
92500	Мілове	Luhanska	Milovskyi	49.3753	40.1322
92505	Великоцьк	Luhanska	Milovskyi	49.3487	40.0278
92506	Травневе	Luhanska	Milovskyi	49.3956	40.0878
92507	Криничне	Luhanska	Milovskyi	49.3024	40.0952
92508	Ярське	Luhanska	Milovskyi	49.2295	40.1003
92509	Яснопроминське	Luhanska	Milovskyi	49.3441	40.1137
92510	Шелестівка (Шелестовка)	Luhanska	Milovskyi	49.4867	39.9182
92510	Микільське	Luhanska	Milovskyi	49.5249	39.9571
92513	Діброва	Luhanska	Milovskyi	49.5817	40.1099
92515	Хоминське	Luhanska	Milovskyi	49.5681	40.0811
92516	Благодатне	Luhanska	Milovskyi	49.5903	40.0588
92517	Бондарівка	Luhanska	Milovskyi	49.4067	40.0432
92518	Водянолипове	Luhanska	Milovskyi	49.5447	39.8622
92519	Олексіївка	Luhanska	Milovskyi	49.443	40.0552
92520	Морозівка	Luhanska	Milovskyi	49.4669	39.8985
92521	Шелестівка	Luhanska	Milovskyi	49.4867	39.9182
92522	Зоринівка	Luhanska	Milovskyi	49.4744	40.0253
92523	Зориківка	Luhanska	Milovskyi	49.3963	39.8406
92524	Півнівка	Luhanska	Milovskyi	49.4446	39.8861
92530	Стрільцівка	Luhanska	Milovskyi	49.3037	39.8528
92531	Новомикільське	Luhanska	Milovskyi	49.3489	39.8446
92532	Калмиківка	Luhanska	Milovskyi	49.2756	39.8559
92533	Мусіївка	Luhanska	Milovskyi	49.2353	39.8486
92534	Кирносове	Luhanska	Milovskyi	49.2179	39.9725
92540	Новострільцівка	Luhanska	Milovskyi	49.3221	39.9147
92541	Березове	Luhanska	Milovskyi	49.3978	39.1419
92542	Журавське	Luhanska	Milovskyi	49.2577	40.0726
92543	Рання Зоря	Luhanska	Milovskyi	49.3294	39.7733
92544	Зарічне	Luhanska	Milovskyi	49.3399	39.9638
92601	Сватове	Luhanska	Svativskyi	49.4103	38.1504
92602	Сватове	Luhanska	Svativskyi	49.4103	38.1504
92603	Високе	Luhanska	Troitskyi	49.8373	38.2518
92603	Козарик	Luhanska	Troitskyi	49.85	38.2731
92603	Сватове	Luhanska	Svativskyi	49.4103	38.1504
92606	Сосновий	Luhanska	Svativskyi	50.1734	36.9087
92607	Стельмахівка	Luhanska	Svativskyi	49.4886	37.9064
92607	Ковалівка	Luhanska	Svativskyi	49.3362	38.0097
92610	Верхня Дуванка	Luhanska	Svativskyi	49.6915	38.0621
92611	Полтава	Luhanska	Svativskyi	49.6238	38.1201
92612	Нижня Дуванка	Luhanska	Svativskyi	49.5846	38.1743
92613	Олександрівка	Luhanska	Svativskyi	49.6371	38.1789
92613	Новониканорівка	Luhanska	Svativskyi	49.6628	38.2015
92614	Оборотнівка	Luhanska	Svativskyi	49.5897	38.0422
92615	Наугольне	Luhanska	Svativskyi	49.558	38.0708
92616	Доля	Luhanska	Svativskyi	49.6295	38.0982
92617	Лебедівка	Luhanska	Svativskyi	49.6674	38.0824
92618	Яблунівка	Luhanska	Svativskyi	49.6484	38.0936
92620	Куземівка	Luhanska	Svativskyi	49.5197	37.9832
92621	Новоселівське	Luhanska	Svativskyi	49.5223	37.9517
92621	Володимирівка	Luhanska	Svativskyi	49.5931	37.9736
92622	Коломийчиха	Luhanska	Svativskyi	49.3626	38.2076
92624	Райгородка	Luhanska	Svativskyi	48.8186	39.0557
92626	Кармазинівка	Luhanska	Svativskyi	49.3626	38.2076
92627	Нежурине	Luhanska	Svativskyi	49.3626	38.2076
92628	Попівка	Luhanska	Svativskyi	49.3591	38.0738
92629	Джерельне	Luhanska	Svativskyi	49.3626	38.2076
92630	Преображенне	Luhanska	Svativskyi	49.5312	38.1505
92631	Гончарівка	Luhanska	Svativskyi	49.5106	38.1664
92632	Хомівка	Luhanska	Svativskyi	49.5022	38.1528
92633	Мілуватка	Luhanska	Svativskyi	49.3348	38.1687
92635	Андріївка (Стельмахівська сільська рада)	Luhanska	Svativskyi	49.5106	38.1664
92636	Сторожівка	Luhanska	Svativskyi	49.5106	38.1664
92637	Кривошиївка	Luhanska	Svativskyi	49.5106	38.1664
92638	Підкуйчанськ	Luhanska	Svativskyi	49.5106	38.1664
92639	Куликівка	Luhanska	Svativskyi	49.674	38.1934
92640	Маньківка	Luhanska	Svativskyi	49.5906	38.4052
92640	Павлівка	Luhanska	Svativskyi	49.5405	38.395
92640	Новопреображенне	Luhanska	Svativskyi	49.5518	38.358
92642	Свистунівка	Luhanska	Svativskyi	49.2563	34.7546
92643	Травневе	Luhanska	Svativskyi	49.3956	40.0878
92644	Новоєгорівка (Н-Дуванська)	Luhanska	Svativskyi	49.5114	37.9963
92645	Паталахівка	Luhanska	Svativskyi	49.4042	38.0056
92646	Новоєгорівка	Luhanska	Svativskyi	49.8406	37.968
92647	Сергіївка	Luhanska	Svativskyi	49.5114	37.9963
92648	Вестатівка	Luhanska	Svativskyi	49.5114	37.9963
92649	Твердохлібове (Райгородська)	Luhanska	Svativskyi	49.5114	37.9963
92650	Рудівка	Luhanska	Svativskyi	50.4219	35.4213
92651	Кругле	Luhanska	Svativskyi	51.524	31.0829
92652	Коржове (Коржовое)	Luhanska	Svativskyi	50.4219	35.4213
92653	Лагідне	Luhanska	Svativskyi	50.4219	35.4213
92654	Містки	Luhanska	Svativskyi	52.0092	32.0482
92655	Чепигівка	Luhanska	Svativskyi	50.4219	35.4213
92656	Промінь	Luhanska	Svativskyi	49.3333	37.9333
92657	Пилипівка	Luhanska	Svativskyi	49.6163	38.0123
92658	Софіївка	Luhanska	Svativskyi	49.6264	38.0296
92661	Барикине	Luhanska	Svativskyi	48.6487	37.3485
92662	Дачне	Luhanska	Svativskyi	49.3911	38.0946
92663	Західний	Luhanska	Svativskyi	48.3	39.8105
92664	Зміївка	Luhanska	Svativskyi	48.6487	37.3485
92665	Іванівка	Luhanska	Svativskyi	48.6487	37.3485
92666	Андріївка (Рудівська сільська рада)	Luhanska	Svativskyi	48.6487	37.3485
92667	Надія	Luhanska	Svativskyi	48.255	34.1403
92668	М'ясожарівка	Luhanska	Svativskyi	48.6487	37.3485
92700	Старобільськ	Luhanska	Starobilskyi	49.2783	38.9107
92701	Старобільськ	Luhanska	Starobilskyi	49.2783	38.9107
92702	Старобільськ	Luhanska	Starobilskyi	49.2783	38.9107
92703	Старобільськ	Luhanska	Starobilskyi	49.2783	38.9107
92704	Старобільськ	Luhanska	Starobilskyi	49.2783	38.9107
92710	Світле	Luhanska	Starobilskyi	49.3775	38.6539
92711	Калмиківка	Luhanska	Starobilskyi	49.2756	39.8559
92712	Новоборове	Luhanska	Starobilskyi	49.2459	38.55
92713	Верхня Покровка	Luhanska	Starobilskyi	49.1135	38.6239
92714	Нижньопокровка	Luhanska	Starobilskyi	49.2136	38.6378
92715	Маринівка	Luhanska	Starobilskyi	48.1813	37.348
92716	Суханівка	Luhanska	Starobilskyi	49.1823	38.7307
92717	Джемільне	Luhanska	Starobilskyi	49.3186	38.5908
92720	Лиман	Luhanska	Starobilskyi	49.3452	38.9436
92720	Бутківка	Luhanska	Starobilskyi	49.3883	38.9355
92722	Проїждже	Luhanska	Starobilskyi	49.0348	38.8595
92723	Проказине	Luhanska	Starobilskyi	49.0348	38.8595
92723	Підгорівка	Luhanska	Starobilskyi	49.0348	38.8595
92724	Курячівка	Luhanska	Starobilskyi	49.6518	38.6854
92725	Єгорівка	Luhanska	Starobilskyi	47.9805	39.1913
92726	Балакірівка	Luhanska	Starobilskyi	49.0348	38.8595
92727	Ганнівка	Luhanska	Starobilskyi	48.4806	38.5464
92728	Дубовівка	Luhanska	Starobilskyi	49.3622	38.855
92730	Караяшник	Luhanska	Starobilskyi	49.3706	39.2312
92731	Бондареве	Luhanska	Starobilskyi	49.3804	39.1914
92732	Садки	Luhanska	Starobilskyi	49.3081	39.2528
92733	Веселе	Luhanska	Starobilskyi	49.3017	39.1714
92734	Петрівське	Luhanska	Starobilskyi	49.3314	39.1464
92735	Тарабани	Luhanska	Starobilskyi	49.3375	39.2667
92736	Роздольне	Luhanska	Starobilskyi	49.3025	39.0135
92737	Антонівка	Luhanska	Starobilskyi	49.2907	39.2145
92738	Західне	Luhanska	Starobilskyi	49.3	39.2817
92739	Лозове	Luhanska	Starobilskyi	49.3552	39.2828
92740	Запорізьке	Luhanska	Starobilskyi	49.314	38.9602
92740	Чмирівка	Luhanska	Starobilskyi	49.314	38.9602
92742	Вишневе	Luhanska	Starobilskyi	49.2439	39.0913
92743	Оріхове	Luhanska	Starobilskyi	48.7226	38.564
92744	Шпотине	Luhanska	Starobilskyi	49.1785	39.1934
92745	Тецьке	Luhanska	Starobilskyi	49.1382	39.1895
92746	Сенькове	Luhanska	Starobilskyi	49.1456	39.2532
92747	Новоамелькове	Luhanska	Starobilskyi	49.163	39.0562
92748	Березове	Luhanska	Starobilskyi	49.3978	39.1419
92750	Титарівка	Luhanska	Starobilskyi	49.2427	38.8251
92751	Новоселівка	Luhanska	Starobilskyi	49.259	38.8857
92752	Хворостянівка	Luhanska	Starobilskyi	49.2427	38.8251
92753	Лозовівка	Luhanska	Starobilskyi	49.1931	38.8817
92754	Кам'янка	Luhanska	Starobilskyi	49.2427	38.8251
92755	Малохатка	Luhanska	Starobilskyi	49.1129	38.8065
92756	Кринички	Luhanska	Starobilskyi	49.2941	38.7116
92757	Новодонбаське	Luhanska	Starobilskyi	49.2666	38.6252
92758	Левадне	Luhanska	Starobilskyi	49.3077	38.7144
92759	Степове	Luhanska	Starobilskyi	49.2653	39.1507
92760	Половинкине	Luhanska	Starobilskyi	49.0842	38.9643
92761	Піщане	Luhanska	Starobilskyi	48.7565	39.3589
92762	Бутове	Luhanska	Starobilskyi	49.2589	38.9402
92763	Байдівка	Luhanska	Starobilskyi	49.0842	38.9643
92764	Омелькове	Luhanska	Starobilskyi	49.1363	39.0849
92764	Шульгинка	Luhanska	Starobilskyi	49.1479	38.9291
92765	Валуйки	Luhanska	Starobilskyi	49.0842	38.9643
92767	Новоастраханське	Luhanska	Starobilskyi	49.1227	38.7451
92768	Орлівка	Luhanska	Starobilskyi	49.0826	38.7279
92769	Федчине	Luhanska	Starobilskyi	49.0842	38.9643
92801	Біловодськ	Luhanska	Bilovodskyi	49.2442	39.6979
92803	Семикозівка	Luhanska	Bilovodskyi	49.2372	39.5699
92806	Плугатар	Luhanska	Bilovodskyi	49.2302	39.7379
92807	Новоспасівка	Luhanska	Bilovodskyi	49.2653	39.7858
92810	Кононівка	Luhanska	Bilovodskyi	49.3322	39.6256
92811	Гармашівка	Luhanska	Bilovodskyi	49.3639	39.6294
92812	Лимарівка	Luhanska	Bilovodskyi	49.3255	39.5962
92813	Новолимарівка	Luhanska	Bilovodskyi	49.2789	39.6033
92814	Брусівка	Luhanska	Bilovodskyi	49.3271	39.3974
92815	Литвинівка	Luhanska	Bilovodskyi	49.3066	39.4477
92815	Крейдяне	Luhanska	Bilovodskyi	49.2996	39.6625
92816	Шуліківка	Luhanska	Bilovodskyi	49.3164	39.4937
92817	Первомайськ	Luhanska	Bilovodskyi	48.6299	38.5481
92818	Ноздрівка (Городищенська сільська рада)	Luhanska	Bilovodskyi	49.2422	39.4449
92820	Євсуг	Luhanska	Bilovodskyi	49.2043	39.312
92822	Парневе	Luhanska	Bilovodskyi	49.2037	39.4058
92822	Копані	Luhanska	Bilovodskyi	49.2417	39.3939
92823	Новоолександрівка	Luhanska	Bilovodskyi	49.1328	39.2842
92824	Степове	Luhanska	Bilovodskyi	49.1251	39.3841
92825	Тернове	Luhanska	Bilovodskyi	49.0868	39.4203
92826	Гончарове	Luhanska	Bilovodskyi	49.2333	39.4332
92827	Привільне	Luhanska	Bilovodskyi	49.2184	39.3987
92830	Бараниківка	Luhanska	Bilovodskyi	49.1518	39.8598
92831	Зелеківка (Бараниківська сільська рада)	Luhanska	Bilovodskyi	49.1252	39.7139
92832	Нижньобараниківка	Luhanska	Bilovodskyi	49.0865	39.8253
92833	Данилівка	Luhanska	Bilovodskyi	49.1208	39.6205
92834	Третяківка	Luhanska	Bilovodskyi	49.1324	39.5785
92835	Городище	Luhanska	Bilovodskyi	49.0561	39.6702
92836	Узлісся	Luhanska	Bilovodskyi	49.1769	39.785
92837	Вітрогон	Luhanska	Bilovodskyi	49.1492	39.744
92838	Городнє (Данилівська сільська рада)	Luhanska	Bilovodskyi	49.1252	39.7139
92839	Новодеркул	Luhanska	Bilovodskyi	49.1278	39.6281
92900	Кремінна	Luhanska	Kreminna	49.0495	38.2179
92901	Кремінна	Luhanska	Kreminna	49.0495	38.2179
92902	Кремінна	Luhanska	Kreminna	49.0495	38.2179
92903	Кремінна	Luhanska	Kreminna	49.0495	38.2179
92905	Кремінна	Luhanska	Kreminna	49.0495	38.2179
92906	Житлівка	Luhanska	Kreminskyi	49.1732	38.5299
92907	Стара Краснянка	Luhanska	Kreminskyi	49.1732	38.5299
92908	Діброва	Luhanska	Kreminskyi	49.5817	40.1099
92909	Новоолександрівка	Luhanska	Kreminskyi	49.2596	38.1976
92910	Новомикільське	Luhanska	Kreminskyi	49.3489	39.8446
92911	Макіївка	Luhanska	Kreminskyi	48.0478	37.9258
92912	Нововодяне	Luhanska	Kreminskyi	47.4297	34.6907
92913	Красноріченське	Luhanska	Kreminskyi	49.2146	38.2114
92913	Площанка	Luhanska	Kreminskyi	49.2146	38.2114
92914	Красноріченське	Luhanska	Kreminskyi	49.2146	38.2114
92916	Залиман	Luhanska	Kreminskyi	49.262	38.1688
92917	Невське	Luhanska	Kreminskyi	49.1561	37.9725
92918	Новолюбівка	Luhanska	Kreminskyi	48.8105	37.8607
92919	Площанка	Luhanska	Kreminskyi	48.8105	37.8607
92920	Голубівка	Luhanska	Kreminskyi	48.8843	35.322
92922	Бараниківка	Luhanska	Kreminskyi	49.2264	38.3012
92923	Новокраснянка	Luhanska	Kreminskyi	49.1342	38.2788
92923	Суровцівка	Luhanska	Kreminskyi	49.1342	38.2788
92924	Червонопопівка	Luhanska	Kreminskyi	49.1324	38.1572
92925	Голикове	Luhanska	Kreminskyi	49.0268	37.8836
92926	Піщане	Luhanska	Kreminskyi	48.7565	39.3589
92927	Скаргівка	Luhanska	Kreminskyi	49.0268	37.8836
92928	Кузьмине	Luhanska	Kreminskyi	49.0268	37.8836
92929	Греківка	Luhanska	Kreminskyi	49.0268	37.8836
92930	Булгаківка	Luhanska	Kreminskyi	48.9938	38.1701
92931	Кудряшівка	Luhanska	Kreminskyi	48.9938	38.1701
92932	Півневе	Luhanska	Kreminskyi	48.9938	38.1701
92934	Варварівка	Luhanska	Kreminskyi	49.0736	38.4091
92935	Затишне	Luhanska	Kreminskyi	48.8125	35.9296
92936	Крутеньке	Luhanska	Kreminskyi	49.1772	38.4181
92937	Пшеничне	Luhanska	Kreminskyi	48.7153	39.5055
92938	Прогрес	Luhanska	Kreminskyi	48.9938	38.1701
92939	Шевченко	Luhanska	Kreminskyi	49.1905	38.5881
92940	Нова Астрахань	Luhanska	Kreminskyi	49.1265	38.605
92941	Михайлівка	Luhanska	Kreminskyi	48.925	39.0529
92942	Єпіфанівка	Luhanska	Kreminskyi	49.1868	38.7886
92943	Боровеньки	Luhanska	Kreminskyi	49.048	38.5637
92944	Пристине	Luhanska	Kreminskyi	49.1868	38.7886
92945	Климівка	Luhanska	Kreminskyi	49.6477	38.9326
93000	Рубіжне	Luhanska	Rubizhne	49.0123	38.3797
93001	Рубіжне	Luhanska	Rubizhne	49.0123	38.3797
93002	Рубіжне	Luhanska	Rubizhne	49.0123	38.3797
93003	Рубіжне	Luhanska	Rubizhne	49.0123	38.3797
93006	Рубіжне	Luhanska	Rubizhne	49.0123	38.3797
93007	Рубіжне	Luhanska	Rubizhne	49.0123	38.3797
93008	Рубіжне	Luhanska	Rubizhne	49.0123	38.3797
93009	Рубіжне	Luhanska	Rubizhne	49.0123	38.3797
93010	Рубіжне	Luhanska	Rubizhne	49.0123	38.3797
93011	Рубіжне	Luhanska	Rubizhne	49.0123	38.3797
93012	Рубіжне	Luhanska	Rubizhne	49.0123	38.3797
93100	Лисичанськ	Luhanska	Lysychansk	48.9048	38.4421
93103	Лисичанськ	Luhanska	Lysychansk	48.9048	38.4421
93105	Лисичанськ	Luhanska	Lysychansk	48.9048	38.4421
93106	Лисичанськ	Luhanska	Lysychansk	48.9048	38.4421
93107	Лисичанськ	Luhanska	Lysychansk	48.9048	38.4421
93108	Лисичанськ	Luhanska	Lysychansk	48.9048	38.4421
93109	Лисичанськ	Luhanska	Lysychansk	48.9048	38.4421
93110	Лисичанськ	Luhanska	Lysychansk	48.9048	38.4421
93113	Лисичанськ	Luhanska	Lysychansk	48.9048	38.4421
93115	Лисичанськ	Luhanska	Lysychansk	48.9048	38.4421
93117	Лисичанськ	Luhanska	Lysychansk	48.9048	38.4421
93118	Лисичанськ	Luhanska	Lysychansk	48.9048	38.4421
93120	Лисичанськ	Luhanska	Lysychansk	48.9048	38.4421
93191	Привілля	Luhanska	Lysychansk	49.8489	38.52
93192	Привілля	Luhanska	Lysychansk	49.8489	38.52
93193	Новодружеськ	Luhanska	Lysychansk	48.9627	38.3573
93280	Тошківка	Luhanska	Popasnianskyi	48.7791	38.579
93281	Тошківка	Luhanska	Popasnianskyi	48.7791	38.579
93290	Нижнє	Luhanska	Popasnianskyi	48.7753	38.6239
93292	Гірське	Luhanska	Popasnianskyi	48.7133	38.5419
93293	Гірське	Luhanska	Popasnianskyi	48.7133	38.5419
93295	Золоте	Luhanska	Popasnianskyi	48.6926	38.5146
93296	Золоте	Luhanska	Popasnianskyi	48.6926	38.5146
93297	Золоте	Luhanska	Popasnianskyi	48.6926	38.5146
93301	Попасна	Luhanska	Popasnianskyi	48.6333	38.378
93302	Калинове борщувате	Luhanska	Popasnianskyi	48.6197	38.4919
93302	Попасна	Luhanska	Popasnianskyi	48.6333	38.378
93305	Попасна	Luhanska	Popasnianskyi	48.6333	38.378
93310	Білогорівка	Luhanska	Popasnianskyi	48.925	38.2482
93311	Шипилівка	Luhanska	Popasnianskyi	48.9673	38.2729
93312	Золотарівка	Luhanska	Popasnianskyi	48.878	38.2722
93313	Лисичанський	Luhanska	Popasnianskyi	48.8932	38.4008
93313	Малорязанцеве	Luhanska	Popasnianskyi	48.886	38.3868
93315	Вовчоярівка	Luhanska	Popasnianskyi	48.8456	38.3769
93316	Верхньокам'янка	Luhanska	Popasnianskyi	48.8942	38.326
93317	Тополівка	Luhanska	Popasnianskyi	48.864	38.3241
93320	Устинівка	Luhanska	Popasnianskyi	48.8224	38.5674
93321	Мирна Долина	Luhanska	Popasnianskyi	48.81	38.479
93322	Біла Гора	Luhanska	Popasnianskyi	48.8495	38.5123
93323	Лоскутівка	Luhanska	Popasnianskyi	48.8052	38.412
93324	Підлісне	Luhanska	Popasnianskyi	48.803	38.4461
93325	Рай-Олександрівка	Luhanska	Popasnianskyi	48.7892	38.4166
93326	Вискрива	Luhanska	Popasnianskyi	48.5916	38.2862
93328	Новозванівка	Luhanska	Popasnianskyi	48.5838	38.3572
93330	Врубівка	Luhanska	Popasnianskyi	48.7643	38.3839
93330	Миколаївка	Luhanska	Popasnianskyi	48.7725	38.3352
93332	Новоіванівка	Luhanska	Popasnianskyi	48.7462	38.4626
93338	Олександропілля	Luhanska	Popasnianskyi	48.6735	38.3685
93339	Дружба	Luhanska	Popasnianskyi	48.6446	38.3019
93340	Комишуваха	Luhanska	Popasnianskyi	48.6973	38.3851
93341	Комишуваха	Luhanska	Popasnianskyi	48.6973	38.3851
93344	Катеринівка	Luhanska	Popasnianskyi	48.6651	38.4726
93346	Вікторівка	Luhanska	Popasnianskyi	48.7031	38.3372
93347	Ниркове	Luhanska	Popasnianskyi	48.7393	38.3105
93348	Глинокар'єр	Luhanska	Popasnianskyi	48.669	38.3151
93400	Сєвєродонецьк	Luhanska	Syeverodonetsk	48.9483	38.4917
93401	Сєвєродонецьк	Luhanska	Syeverodonetsk	48.9483	38.4917
93402	Сєвєродонецьк	Luhanska	Syeverodonetsk	48.9483	38.4917
93403	Сєвєродонецьк	Luhanska	Syeverodonetsk	48.9483	38.4917
93404	Сєвєродонецьк	Luhanska	Syeverodonetsk	48.9483	38.4917
93405	Синецький	Luhanska	Syeverodonetsk	48.9471	38.4119
93405	Павлоград	Luhanska	Syeverodonetsk	48.9245	38.4541
93405	Сєвєродонецьк	Luhanska	Syeverodonetsk	48.9483	38.4917
93406	Сєвєродонецьк	Luhanska	Syeverodonetsk	48.9483	38.4917
93408	Сєвєродонецьк	Luhanska	Syeverodonetsk	48.9483	38.4917
93411	Сєвєродонецьк	Luhanska	Syeverodonetsk	48.9483	38.4917
93412	Сєвєродонецьк	Luhanska	Syeverodonetsk	48.9483	38.4917
93413	Сєвєродонецьк	Luhanska	Syeverodonetsk	48.9483	38.4917
93416	Воронове	Luhanska	Syeverodonetsk	48.8975	38.5728
93416	Метьолкіне	Luhanska	Syeverodonetsk	48.9304	38.5537
93416	Сєвєродонецьк	Luhanska	Syeverodonetsk	48.9483	38.4917
93481	Воєводівка	Luhanska	Syeverodonetsk	48.9803	38.4468
93490	Лісна Дача	Luhanska	Syeverodonetsk	48.9239	38.4884
93490	Сиротине	Luhanska	Syeverodonetsk	48.9157	38.515
93493	Борівське	Luhanska	Syeverodonetsk	48.8669	38.5693
93494	Боброве	Luhanska	Syeverodonetsk	48.8111	38.6418
93495	Осколонівка	Luhanska	Syeverodonetsk	48.8527	38.66
93500	Новоайдар	Luhanska	Novoaidarskyi	48.9639	39.0058
93500	Чистопілля	Luhanska	Novoaidarskyi	47.3706	35.6655
93501	Новоайдар	Luhanska	Novoaidarskyi	48.9639	39.0058
93506	Айдар-Миколаївка	Luhanska	Novoaidarskyi	48.963	38.9723
93507	Маловенделівка	Luhanska	Novoaidarskyi	49.0237	38.9205
93508	Безгінове	Luhanska	Novoaidarskyi	48.7296	38.4315
93509	Ковпаки	Luhanska	Novoaidarskyi	49.0927	39.0191
93510	Штормове	Luhanska	Novoaidarskyi	49.1008	38.9135
93511	Денежникове	Luhanska	Novoaidarskyi	49.1403	38.736
93512	Співаківка	Luhanska	Novoaidarskyi	49.0451	38.9075
93513	Чабанівка	Luhanska	Novoaidarskyi	49.0325	38.7588
93514	Гаврилівка	Luhanska	Novoaidarskyi	49.1403	38.736
93515	Олександрівка	Luhanska	Novoaidarskyi	49.6371	38.1789
93516	Пурдівка	Luhanska	Novoaidarskyi	48.9776	38.5795
93517	Нижній Суходіл	Luhanska	Novoaidarskyi	49.1403	38.736
93518	Переможне	Luhanska	Novoaidarskyi	49.0851	38.9355
93519	Петренкове	Luhanska	Novoaidarskyi	49.1038	38.8783
93520	Колядівка	Luhanska	Novoaidarskyi	49.0846	39.201
93521	Вовкодаєве	Luhanska	Novoaidarskyi	49.0688	39.2986
93522	Олексіївка	Luhanska	Novoaidarskyi	49.0181	39.1794
93523	Побєда	Luhanska	Novoaidarskyi	48.6119	38.3975
93524	Михайлюки	Luhanska	Novoaidarskyi	48.9858	39.2989
93526	Трудове	Luhanska	Novoaidarskyi	47.9576	36.0199
93527	Попасне	Luhanska	Novoaidarskyi	49.0033	38.84
93528	Путилине	Luhanska	Novoaidarskyi	48.8281	38.8652
93530	Новоохтирка	Luhanska	Novoaidarskyi	48.9156	38.812
93531	Степний Яр	Luhanska	Novoaidarskyi	48.9764	38.8593
93532	Смолянинове	Luhanska	Novoaidarskyi	48.9447	38.7075
93533	Гречишкине	Luhanska	Novoaidarskyi	48.8675	38.8969
93534	Окнине	Luhanska	Novoaidarskyi	48.8898	38.7956
93535	Муратове	Luhanska	Novoaidarskyi	48.8035	38.7365
93536	Капітанове	Luhanska	Novoaidarskyi	48.8312	38.7613
93540	Дмитрівка	Luhanska	Novoaidarskyi	48.9275	39.1588
93541	Царівка	Luhanska	Novoaidarskyi	48.8857	39.0581
93541	Бахмутівка	Luhanska	Novoaidarskyi	48.8678	39.0521
93543	Райгородка	Luhanska	Novoaidarskyi	48.8186	39.0557
93544	Дубове	Luhanska	Novoaidarskyi	48.878	38.9487
93545	Деменкове	Luhanska	Novoaidarskyi	48.9031	39.0583
93546	Михайлівка	Luhanska	Novoaidarskyi	48.925	39.0529
93601	Станично-Луганське	Luhanska	Stanychno-Luhanskyi	48.6543	39.4794
93602	Станично-Луганське	Luhanska	Stanychno-Luhanskyi	48.6543	39.4794
93611	Велика Чернігівка	Luhanska	Stanychno-Luhanskyi	48.9591	39.4169
93612	Сотенне	Luhanska	Stanychno-Luhanskyi	48.8083	38.4316
93613	Петропавлівка	Luhanska	Stanychno-Luhanskyi	47.9892	34.9712
93615	Старий Айдар	Luhanska	Stanychno-Luhanskyi	48.7218	39.1839
93615	Передільське	Luhanska	Stanychno-Luhanskyi	48.7539	39.1505
93617	Михайлівка	Luhanska	Stanychno-Luhanskyi	49.7052	38.4414
93618	Гаївка	Luhanska	Stanychno-Luhanskyi	48.8083	38.4316
93619	Малинове	Luhanska	Stanychno-Luhanskyi	48.7204	39.4255
93620	Чугинка	Luhanska	Stanychno-Luhanskyi	48.9212	39.6625
93621	Красна Талівка	Luhanska	Stanychno-Luhanskyi	48.8558	39.8494
93623	Благовіщенка	Luhanska	Stanychno-Luhanskyi	48.9072	40.0251
93623	Талове	Luhanska	Stanychno-Luhanskyi	48.8586	39.9604
93624	Широкий	Luhanska	Stanychno-Luhanskyi	48.8315	39.6381
93625	Розквіт	Luhanska	Stanychno-Luhanskyi	48.9535	39.5771
93626	Козачий	Luhanska	Stanychno-Luhanskyi	48.8872	39.5742
93627	Степове	Luhanska	Stanychno-Luhanskyi	48.7767	39.5738
93628	Деркульське	Luhanska	Stanychno-Luhanskyi	48.995	39.694
93629	Красний Деркул	Luhanska	Stanychno-Luhanskyi	48.8544	39.825
93630	Тепле	Luhanska	Stanychno-Luhanskyi	48.8368	39.4256
93631	Верхній Мінченок	Luhanska	Stanychno-Luhanskyi	48.8818	39.4745
93632	Нижньотепле	Luhanska	Stanychno-Luhanskyi	48.7949	39.3506
93632	Артема	Luhanska	Stanychno-Luhanskyi	48.7881	39.3073
93634	Нижній Мінченок	Luhanska	Stanychno-Luhanskyi	48.8475	39.4649
93635	Крепи	Luhanska	Stanychno-Luhanskyi	48.9312	39.5149
93636	Середньотепле	Luhanska	Stanychno-Luhanskyi	48.8225	39.3794
93637	Вільне	Luhanska	Stanychno-Luhanskyi	48.9501	39.7588
93638	Золотарівка	Luhanska	Stanychno-Luhanskyi	48.9069	39.7919
93639	Олександрівка	Luhanska	Stanychno-Luhanskyi	48.9745	38.6227
93640	Гарасимівка	Luhanska	Stanychno-Luhanskyi	48.782	39.705
93641	Нижня Вільхова	Luhanska	Stanychno-Luhanskyi	48.7392	39.5714
93643	Плотина	Luhanska	Stanychno-Luhanskyi	48.7986	39.4743
93644	Комишне	Luhanska	Stanychno-Luhanskyi	48.7165	39.6701
93645	Колесниківка	Luhanska	Stanychno-Luhanskyi	48.6675	39.6795
93646	Юганівка	Luhanska	Stanychno-Luhanskyi	48.6842	39.7138
93650	Валуйське	Luhanska	Stanychno-Luhanskyi	48.6747	39.5368
93651	Валуйське	Luhanska	Stanychno-Luhanskyi	48.6747	39.5368
93652	Макарове	Luhanska	Stanychno-Luhanskyi	48.6838	39.5169
93653	Вільхове	Luhanska	Stanychno-Luhanskyi	48.6764	39.572
93656	Болотине	Luhanska	Stanychno-Luhanskyi	48.6706	39.5494
93657	Сизе	Luhanska	Stanychno-Luhanskyi	48.5989	39.6281
93658	Пшеничне	Luhanska	Stanychno-Luhanskyi	48.7153	39.5055
93660	Піщане	Luhanska	Stanychno-Luhanskyi	48.7565	39.3589
93710	Лопаскине	Luhanska	Novoaidarskyi	48.6679	39.0343
93710	Трьохізбенка	Luhanska	Novoaidarskyi	48.7575	38.9633
93891	Новотошківське	Luhanska	Popasnianskyi	48.7234	38.6351
79000	Львів	Lvivska	Lvivska	49.8383	24.0232
79002	Львів	Lvivska	Lvivska	49.8383	24.0232
79003	Львів	Lvivska	Lvivska	49.8383	24.0232
79005	Львів	Lvivska	Lvivska	49.8383	24.0232
79006	Львів	Lvivska	Lvivska	49.8383	24.0232
79007	Львів	Lvivska	Lvivska	49.8383	24.0232
79008	Львів	Lvivska	Lvivska	49.8383	24.0232
79010	Львів	Lvivska	Lvivska	49.8383	24.0232
79011	Львів	Lvivska	Lvivska	49.8383	24.0232
79012	Львів	Lvivska	Lvivska	49.8383	24.0232
79013	Львів	Lvivska	Lvivska	49.8383	24.0232
79014	Львів	Lvivska	Lvivska	49.8383	24.0232
79016	Львів	Lvivska	Lvivska	49.8383	24.0232
79017	Львів	Lvivska	Lvivska	49.8383	24.0232
79018	Львів	Lvivska	Lvivska	49.8383	24.0232
79019	Львів	Lvivska	Lvivska	49.8383	24.0232
79020	Львів	Lvivska	Lvivska	49.8383	24.0232
79021	Львів	Lvivska	Lvivska	49.8383	24.0232
79022	Львів	Lvivska	Lvivska	49.8383	24.0232
79023	Львів	Lvivska	Lvivska	49.8383	24.0232
79024	Львів	Lvivska	Lvivska	49.8383	24.0232
79025	Львів	Lvivska	Lvivska	49.8383	24.0232
79026	Львів	Lvivska	Lvivska	49.8383	24.0232
79031	Львів	Lvivska	Lvivska	49.8383	24.0232
79032	Львів	Lvivska	Lvivska	49.8383	24.0232
79034	Львів	Lvivska	Lvivska	49.8383	24.0232
79035	Львів	Lvivska	Lvivska	49.8383	24.0232
79037	Львів	Lvivska	Lvivska	49.8383	24.0232
79038	Львів	Lvivska	Lvivska	49.8383	24.0232
79039	Львів	Lvivska	Lvivska	49.8383	24.0232
79040	Львів	Lvivska	Lvivska	49.8383	24.0232
79041	Львів	Lvivska	Lvivska	49.8383	24.0232
79044	Львів	Lvivska	Lvivska	49.8383	24.0232
79049	Львів	Lvivska	Lvivska	49.8383	24.0232
79052	Львів	Lvivska	Lvivska	49.8383	24.0232
79053	Львів	Lvivska	Lvivska	49.8383	24.0232
79054	Львів	Lvivska	Lvivska	49.8383	24.0232
79057	Львів	Lvivska	Lvivska	49.8383	24.0232
79059	Львів	Lvivska	Lvivska	49.8383	24.0232
79060	Львів	Lvivska	Lvivska	49.8383	24.0232
79066	Львів	Lvivska	Lvivska	49.8383	24.0232
79067	Львів	Lvivska	Lvivska	49.8383	24.0232
79068	Львів	Lvivska	Lvivska	49.8383	24.0232
79069	Львів	Lvivska	Lvivska	49.8383	24.0232
79070	Львів	Lvivska	Lvivska	49.8383	24.0232
79071	Львів	Lvivska	Lvivska	49.8383	24.0232
79491	Брюховичі	Lvivska	Lviv	49.9047	23.9597
79493	Рудно	Lvivska	Lviv	49.8333	23.9
79495	Винники	Lvivska	Lviv	49.8167	24.1442
80001	Сокаль	Lvivska	Sokalskyi	50.4744	24.2829
80002	Сокаль	Lvivska	Sokalskyi	50.4744	24.2829
80006	Бендюга	Lvivska	Sokalskyi	50.3742	24.2571
80007	Романівка	Lvivska	Sokalskyi	50.44	24.3628
80008	Велике	Lvivska	Sokalskyi	50.4048	24.2647
80009	Бірки	Lvivska	Sokalskyi	50.4695	24.4235
80010	Старгород	Lvivska	Sokalskyi	50.5884	24.2146
80010	Шихтарі	Lvivska	Sokalskyi	50.6162	24.1615
80010	Пісочне	Lvivska	Sokalskyi	50.6331	24.1148
80010	Тудорковичі	Lvivska	Sokalskyi	50.5795	24.1741
80011	Войславичі	Lvivska	Sokalskyi	50.5596	24.1997
80012	Угринів	Lvivska	Sokalskyi	50.5758	24.1115
80013	Хоробрів	Lvivska	Sokalskyi	50.5287	24.1751
80013	Ниновичі	Lvivska	Sokalskyi	50.5397	24.1385
80014	Варяж	Lvivska	Sokalskyi	50.5146	24.0923
80015	Теляж	Lvivska	Sokalskyi	50.5245	24.2702
80016	Бояничі	Lvivska	Sokalskyi	50.4891	24.1725
80017	Стаївка	Lvivska	Sokalskyi	50.385	23.8864
80018	Суховоля	Lvivska	Sokalskyi	50.5	24.3667
80020	Ульвівек	Lvivska	Sokalskyi	50.5133	24.303
80021	Шарпанці	Lvivska	Sokalskyi	50.5462	24.5199
80022	Скоморохи	Lvivska	Sokalskyi	50.5376	24.3226
80023	Перестоки	Lvivska	Sokalskyi	50.5133	24.303
80024	Ромош	Lvivska	Sokalskyi	50.5641	24.3402
80024	Стенятин	Lvivska	Sokalskyi	50.5312	24.3667
80025	Свитазів	Lvivska	Sokalskyi	50.5184	24.3354
80026	Ільковичі	Lvivska	Sokalskyi	50.5239	24.3139
80027	Опільсько	Lvivska	Sokalskyi	50.4945	24.2105
80028	Забужжя	Lvivska	Sokalskyi	50.4829	24.2603
80029	Цеблів	Lvivska	Sokalskyi	50.4212	24.0578
80030	Боб'ятин	Lvivska	Sokalskyi	50.5011	24.4349
80031	Ганівка	Lvivska	Sokalskyi	50.5242	24.4787
80031	Лучиці	Lvivska	Sokalskyi	50.5223	24.5362
80032	Смиків	Lvivska	Sokalskyi	50.4769	24.5354
80033	Тартаків	Lvivska	Sokalskyi	50.4638	24.3984
80034	Перв'ятичі	Lvivska	Sokalskyi	50.4567	24.4573
80035	Спасів	Lvivska	Sokalskyi	50.4451	24.4627
80036	Княже	Lvivska	Sokalskyi	50.4348	24.5712
80037	Фусів	Lvivska	Sokalskyi	50.4284	24.5437
80038	Поториця	Lvivska	Sokalskyi	50.45	24.2833
80039	Горбків	Lvivska	Sokalskyi	50.4778	24.3541
80040	Жвирка	Lvivska	Sokalskyi	50.466	24.2673
80042	Гута	Lvivska	Sokalskyi	50.472	24.146
80043	Завишень	Lvivska	Sokalskyi	50.4434	24.2581
80044	Савчин	Lvivska	Sokalskyi	50.4743	24.1704
80044	Гатківка	Lvivska	Sokalskyi	50.5024	24.1565
80045	Вербове	Lvivska	Sokalskyi	50.4424	24.0802
80045	Себечів	Lvivska	Sokalskyi	50.4441	24.1269
80046	Жужеляни	Lvivska	Sokalskyi	50.3989	24.049
80047	Заболоття	Lvivska	Sokalskyi	50.3936	24.0168
80048	Шпиколоси	Lvivska	Sokalskyi	50.4397	24.5149
80049	Глухів	Lvivska	Sokalskyi	50.3692	24.1258
80050	Муроване	Lvivska	Sokalskyi	50.4084	24.1096
80051	Острів	Lvivska	Sokalskyi	50.3905	24.1659
80051	Бережне	Lvivska	Sokalskyi	50.4368	24.1769
80052	Борятин	Lvivska	Sokalskyi	50.4225	24.1927
80053	Добрячин	Lvivska	Sokalskyi	50.4184	24.2392
80054	Ванів	Lvivska	Sokalskyi	50.3739	24.0938
80055	Низи	Lvivska	Sokalskyi	50.3576	24.0268
80056	Бодячів	Lvivska	Sokalskyi	50.4758	24.5655
80057	Тяглів	Lvivska	Sokalskyi	50.3491	23.9459
80058	Залижня	Lvivska	Sokalskyi	50.4762	24.4941
80059	Заріка	Lvivska	Sokalskyi	49.3529	23.838
80060	Корчів	Lvivska	Sokalskyi	50.3892	23.8275
80061	Матів	Lvivska	Sokalskyi	50.4817	24.5438
80062	Белз	Lvivska	Sokalskyi	50.3823	24.0064
80064	Михайлівка	Lvivska	Sokalskyi	50.329	23.7341
80064	Угнів	Lvivska	Sokalskyi	50.3681	23.7489
80064	Заставне	Lvivska	Sokalskyi	50.3724	23.7342
80066	Карів	Lvivska	Sokalskyi	50.3497	23.789
80067	Воронів	Lvivska	Sokalskyi	50.3556	23.9087
80067	Домашів	Lvivska	Sokalskyi	50.341	23.858
80067	Острівок	Lvivska	Sokalskyi	50.3617	23.882
80068	Діброва	Lvivska	Sokalskyi	50.2907	23.8438
80069	Конотопи	Lvivska	Sokalskyi	50.5	24.2555
80070	Хлівчани	Lvivska	Sokalskyi	50.3082	23.9253
80071	Бутини	Lvivska	Sokalskyi	50.23	23.9876
80071	Піддовге	Lvivska	Sokalskyi	50.2561	23.911
80072	Пристань	Lvivska	Sokalskyi	50.2346	23.9391
80073	Двірці	Lvivska	Sokalskyi	50.2306	24.0797
80073	Волиця (Двірцівська сільська рада)	Lvivska	Sokalskyi	50.2306	24.0797
80074	Великі Мости	Lvivska	Sokalskyi	50.2433	24.1423
80076	Борове	Lvivska	Sokalskyi	50.2617	24.201
80077	Куличків	Lvivska	Sokalskyi	50.306	24.0834
80078	Реклинець	Lvivska	Sokalskyi	50.2291	24.2453
80079	Стремінь	Lvivska	Sokalskyi	50.2555	24.0572
80080	Волиця (Волицька сільська рада)	Lvivska	Sokalskyi	50.3922	24.3139
80081	Комарів	Lvivska	Sokalskyi	50.4011	24.3172
80082	Переспа	Lvivska	Sokalskyi	50.4017	24.4398
80083	Зубків	Lvivska	Sokalskyi	50.3959	24.3954
80084	Межиріччя	Lvivska	Sokalskyi	50.3319	24.2207
80085	Волсвин	Lvivska	Sokalskyi	50.3377	24.2949
80085	Городище	Lvivska	Sokalskyi	50.3302	24.2732
80086	Сілець	Lvivska	Sokalskyi	50.2971	24.2046
80087	Копитів	Lvivska	Sokalskyi	50.479	24.3929
80088	Лешків	Lvivska	Sokalskyi	50.4609	24.1048
80089	Лещатів	Lvivska	Sokalskyi	50.4866	24.495
80090	Шишаки	Lvivska	Sokalskyi	50.4816	24.0971
80091	Лубнівка	Lvivska	Sokalskyi	50.5156	24.1167
80092	Трудолюбівка	Lvivska	Sokalskyi	50.5181	24.231
80093	Русин	Lvivska	Sokalskyi	50.4676	24.0633
80094	Нісмичі	Lvivska	Sokalskyi	50.5622	24.1254
80095	Равшина	Lvivska	Sokalskyi	50.4816	24.0971
80096	Перемисловичі	Lvivska	Sokalskyi	50.4284	24.0275
80097	Роятин	Lvivska	Sokalskyi	50.5281	24.4018
80098	Піддубне	Lvivska	Sokalskyi	50.3515	23.714
80100	Червоноград	Lvivska	Chervonohrad	50.391	24.2351
80102	Червоноград	Lvivska	Chervonohrad	50.391	24.2351
80103	Червоноград	Lvivska	Chervonohrad	50.391	24.2351
80104	Рудка	Lvivska	Sokalskyi	50.4119	24.2059
80104	Червоноград	Lvivska	Chervonohrad	50.391	24.2351
80105	Червоноград	Lvivska	Chervonohrad	50.391	24.2351
80106	Червоноград	Lvivska	Chervonohrad	50.391	24.2351
80107	Червоноград	Lvivska	Chervonohrad	50.391	24.2351
80108	Червоноград	Lvivska	Chervonohrad	50.391	24.2351
80109	Червоноград	Lvivska	Chervonohrad	50.391	24.2351
80110	Червоноград	Lvivska	Chervonohrad	50.391	24.2351
80191	Гірник	Lvivska	Chervonohrad	50.3315	24.1954
80193	Соснівка	Lvivska	Chervonohrad	50.2897	24.2514
80200	Радехів	Lvivska	Radekhivskyi	50.2825	24.6428
80204	Адамівка	Lvivska	Radekhivskyi	50.3721	24.9529
80205	Андріївка	Lvivska	Radekhivskyi	50.3608	24.4362
80206	Батиїв	Lvivska	Radekhivskyi	50.2793	24.8685
80207	Бебехи	Lvivska	Radekhivskyi	50.2266	24.9087
80208	Волиця	Lvivska	Radekhivskyi	50.2887	24.452
80209	Волиця Барилова	Lvivska	Radekhivskyi	50.345	24.8141
80210	Бишів	Lvivska	Radekhivskyi	50.3871	24.5222
80211	Розжалів	Lvivska	Radekhivskyi	50.3769	24.4612
80212	Гоголів	Lvivska	Radekhivskyi	50.3226	24.3898
80213	Грицеволя	Lvivska	Radekhivskyi	50.3422	24.4502
80214	Сушно	Lvivska	Radekhivskyi	50.3331	24.544
80215	Яструбичі	Lvivska	Radekhivskyi	50.3151	24.3473
80216	Поздимир	Lvivska	Radekhivskyi	50.35	24.3167
80217	Новий Витків	Lvivska	Radekhivskyi	50.3422	24.4502
80218	Полове	Lvivska	Radekhivskyi	50.3102	24.5703
80219	Гута Скляна	Lvivska	Radekhivskyi	50.3422	24.4502
80220	Стоянів	Lvivska	Radekhivskyi	50.374	24.6579
80221	Тетевчиці	Lvivska	Radekhivskyi	50.3311	24.6809
80222	Синьків	Lvivska	Radekhivskyi	50.3073	24.7789
80223	Пиратин	Lvivska	Radekhivskyi	50.3184	24.7184
80224	Куликів	Lvivska	Radekhivskyi	50.3142	24.8176
80225	Дубини	Lvivska	Radekhivskyi	50.2765	25.4998
80226	Забава	Lvivska	Radekhivskyi	50.3779	24.5459
80227	Загатка	Lvivska	Radekhivskyi	50.3152	25.0477
80228	Збоївська	Lvivska	Radekhivskyi	50.3806	24.5724
80229	Йосипівка	Lvivska	Radekhivskyi	50.3002	24.5962
80230	Увин	Lvivska	Radekhivskyi	50.3409	24.9074
80231	Барилів	Lvivska	Radekhivskyi	50.3458	24.8676
80232	Миколаїв	Lvivska	Radekhivskyi	50.3413	24.9773
80233	Завидче	Lvivska	Radekhivskyi	50.2959	24.9339
80234	Сморжів	Lvivska	Radekhivskyi	50.2982	25.0128
80235	Стремільче	Lvivska	Radekhivskyi	50.3407	25.0494
80236	Щуровичі	Lvivska	Radekhivskyi	50.2708	25.0272
80237	Корчівка	Lvivska	Radekhivskyi	50.3337	24.8061
80238	Кути	Lvivska	Radekhivskyi	50.2714	24.6778
80239	Монастирок Оглядівський	Lvivska	Radekhivskyi	50.3154	24.9177
80240	Середпільці	Lvivska	Radekhivskyi	50.2586	24.7122
80241	Немилів	Lvivska	Radekhivskyi	50.2643	24.7565
80242	Кустин	Lvivska	Radekhivskyi	50.2627	24.8637
80243	Хмільно	Lvivska	Radekhivskyi	50.2457	24.8285
80244	Мукані	Lvivska	Radekhivskyi	50.2805	24.6985
80245	Нестаничі	Lvivska	Radekhivskyi	50.2441	24.4916
80246	Новоставці	Lvivska	Radekhivskyi	50.2613	24.9245
80247	Обортів	Lvivska	Radekhivskyi	50.3344	24.4949
80248	Опліцько	Lvivska	Radekhivskyi	50.2805	24.6985
80249	Ордів	Lvivska	Radekhivskyi	50.3732	24.5165
80250	Павлів	Lvivska	Radekhivskyi	50.2631	24.5402
80251	Станин	Lvivska	Radekhivskyi	50.2785	24.566
80252	Вузлове	Lvivska	Radekhivskyi	50.1083	25.0232
80253	Бабичі	Lvivska	Radekhivskyi	50.2085	24.5153
80254	Дмитрів	Lvivska	Radekhivskyi	50.1083	25.0232
80255	Криве	Lvivska	Radekhivskyi	50.2333	24.65
80256	Оглядів	Lvivska	Radekhivskyi	50.1083	25.0232
80257	Підмонастирок	Lvivska	Radekhivskyi	49.361	23.2419
80258	Пустельники	Lvivska	Radekhivskyi	50.1141	29.2201
80259	Радванці	Lvivska	Radekhivskyi	50.2997	24.4289
80260	Березівка	Lvivska	Radekhivskyi	50.247	24.9189
80261	Лопатин	Lvivska	Radekhivskyi	50.2202	24.8483
80263	Нивиці	Lvivska	Radekhivskyi	50.2937	25.3833
80264	Раковища	Lvivska	Radekhivskyi	50.2937	25.3833
80265	Романівка	Lvivska	Radekhivskyi	50.2811	25.0303
80266	Руденко	Lvivska	Radekhivskyi	50.2732	24.8234
80267	Сабанівка	Lvivska	Radekhivskyi	50.3378	24.6435
80269	Старий Майдан	Lvivska	Radekhivskyi	50.403	28.0354
80270	Стирківці	Lvivska	Radekhivskyi	50.3411	25.0076
80271	Корчин	Lvivska	Radekhivskyi	50.3374	24.3995
80272	Торки	Lvivska	Radekhivskyi	50.4151	24.5688
80273	Трійця	Lvivska	Radekhivskyi	50.361	24.6186
80274	Тоболів	Lvivska	Radekhivskyi	50.3503	24.4986
80275	Шайноги	Lvivska	Radekhivskyi	50.361	24.6186
80300	Жовква	Lvivska	Zhovkivskyi	50.0583	23.9726
80305	Бабії	Lvivska	Zhovkivskyi	50.1556	23.8793
80306	Березина	Lvivska	Zhovkivskyi	50.25	23.95
80308	Зубейки	Lvivska	Zhovkivskyi	50.1587	23.7153
80309	Стронятин	Lvivska	Zhovkivskyi	50.1556	23.8793
80310	Річки	Lvivska	Zhovkivskyi	50.2771	23.6462
80311	Шабельня	Lvivska	Zhovkivskyi	50.2382	23.6413
80312	Рата	Lvivska	Zhovkivskyi	50.2396	23.6071
80313	Забір'я	Lvivska	Zhovkivskyi	50.2345	23.6934
80314	Гійче	Lvivska	Zhovkivskyi	50.2532	23.7764
80315	Волиця	Lvivska	Zhovkivskyi	50.24	23.838
80316	Рава-Руська	Lvivska	Zhovkivskyi	50.2308	23.6283
80318	Лужки	Lvivska	Zhovkivskyi	50.2236	23.6653
80318	Липник	Lvivska	Zhovkivskyi	50.199	23.6964
80318	Малий	Lvivska	Zhovkivskyi	50.2177	23.7353
80318	Загір'я	Lvivska	Zhovkivskyi	50.2134	23.699
80318	Луцики	Lvivska	Zhovkivskyi	50.2134	23.699
80318	Мощана	Lvivska	Zhovkivskyi	50.2134	23.699
80318	Думи	Lvivska	Zhovkivskyi	50.2134	23.699
80319	Равське	Lvivska	Zhovkivskyi	50.2256	23.6995
80320	Потелич	Lvivska	Zhovkivskyi	50.208	23.5467
80320	Борове	Lvivska	Zhovkivskyi	50.2617	24.201
80320	Зелена Гута	Lvivska	Zhovkivskyi	50.2333	23.5667
80320	Луг	Lvivska	Zhovkivskyi	50.1851	23.5646
80320	Гірки	Lvivska	Zhovkivskyi	50.222	23.7197
80320	Ниви	Lvivska	Zhovkivskyi	50.222	23.7197
80320	Великі Долини	Lvivska	Zhovkivskyi	50.222	23.7197
80320	Малі Долини	Lvivska	Zhovkivskyi	50.222	23.7197
80320	Гута Обединська	Lvivska	Zhovkivskyi	50.222	23.7197
80321	Ковалі	Lvivska	Zhovkivskyi	49.7524	31.3147
80321	Вільшанка	Lvivska	Zhovkivskyi	51.9838	32.5397
80321	Чорнії	Lvivska	Zhovkivskyi	50.8681	31.9272
80321	Дев'ятир	Lvivska	Zhovkivskyi	50.8681	31.9272
80321	Капелюх	Lvivska	Zhovkivskyi	50.8681	31.9272
80321	Лосини	Lvivska	Zhovkivskyi	50.8681	31.9272
80321	Сорочі Лози	Lvivska	Zhovkivskyi	50.8681	31.9272
80322	Замок	Lvivska	Zhovkivskyi	50.1632	23.6477
80323	Думичі (Погариська сільська рада)	Lvivska	Zhovkivskyi	50.3537	25.8544
80324	Кам'яна Гора	Lvivska	Zhovkivskyi	50.3537	25.8544
80325	Погарисько	Lvivska	Zhovkivskyi	50.3537	25.8544
80326	Монастирок	Lvivska	Zhovkivskyi	50.1718	28.0383
80326	Йоничі	Lvivska	Zhovkivskyi	50.1718	28.0383
80327	Магерів	Lvivska	Zhovkivskyi	50.1084	23.7011
80327	Бірки	Lvivska	Zhovkivskyi	50.4695	24.4235
80327	Думичі (Підлісянська сільська рада)	Lvivska	Zhovkivskyi	50.2889	24.0623
80327	Велике Передмістя	Lvivska	Zhovkivskyi	50.2889	24.0623
80328	Малі Грибовичі	Lvivska	Zhovkivskyi	50.3537	25.8544
80329	Блищиводи	Lvivska	Zhovkivskyi	50.3537	25.8544
80330	Криве	Lvivska	Zhovkivskyi	50.2333	24.65
80330	Оліярники	Lvivska	Zhovkivskyi	50.2333	24.65
80330	Нова Кам'янка	Lvivska	Zhovkivskyi	50.2333	24.65
80331	Любеля	Lvivska	Zhovkivskyi	49.9047	24.7613
80332	Кулява	Lvivska	Zhovkivskyi	49.9047	24.7613
80333	Бишків	Lvivska	Zhovkivskyi	50.1801	23.8597
80333	Кулиничі	Lvivska	Zhovkivskyi	50.1801	23.8597
80333	Лущики	Lvivska	Zhovkivskyi	50.1801	23.8597
80333	Миляво	Lvivska	Zhovkivskyi	50.1801	23.8597
80334	Боброїди	Lvivska	Zhovkivskyi	49.9047	24.7613
80335	Окопи	Lvivska	Zhovkivskyi	48.5402	26.4271
80335	Віхті	Lvivska	Zhovkivskyi	48.5402	26.4271
80335	Лавриків	Lvivska	Zhovkivskyi	48.5402	26.4271
80335	Панчишини	Lvivska	Zhovkivskyi	48.5402	26.4271
80335	Мавдрики	Lvivska	Zhovkivskyi	48.5402	26.4271
80336	Городжів	Lvivska	Zhovkivskyi	49.9047	24.7613
80337	Качмарі	Lvivska	Zhovkivskyi	49.9044	23.6248
80337	Добросин	Lvivska	Zhovkivskyi	50.133	23.8482
80337	Зарище	Lvivska	Zhovkivskyi	50.0187	23.7365
80337	Піддеревенка	Lvivska	Zhovkivskyi	50.0187	23.7365
80338	Замочок	Lvivska	Zhovkivskyi	49.9047	24.7613
80339	Кунин	Lvivska	Zhovkivskyi	50.4372	26.1582
80339	Цитуля	Lvivska	Zhovkivskyi	50.4372	26.1582
80339	Бір Кунинський	Lvivska	Zhovkivskyi	50.4372	26.1582
80339	Гринчуки	Lvivska	Zhovkivskyi	50.4372	26.1582
80340	Лісове	Lvivska	Zhovkivskyi	51.6667	26.4
80340	Верини	Lvivska	Zhovkivskyi	51.6667	26.4
80340	Підріка	Lvivska	Zhovkivskyi	51.6667	26.4
80340	Боянець	Lvivska	Zhovkivskyi	51.6667	26.4
80341	Купичволя	Lvivska	Zhovkivskyi	50.089	24.8624
80342	Туринка	Lvivska	Zhovkivskyi	50.1325	24.0508
80342	Сарнівка	Lvivska	Zhovkivskyi	51.1104	27.4633
80342	Руда	Lvivska	Zhovkivskyi	50.0879	24.9363
80343	Деревня	Lvivska	Zhovkivskyi	50.089	24.8624
80344	Діброва	Lvivska	Zhovkivskyi	49.2879	23.8392
80344	Сороки	Lvivska	Zhovkivskyi	49.0062	25.3734
80344	Галасі	Lvivska	Zhovkivskyi	49.1471	24.6063
80344	Оплітна	Lvivska	Zhovkivskyi	49.1471	24.6063
80344	Кропи	Lvivska	Zhovkivskyi	49.1471	24.6063
80344	Школярі	Lvivska	Zhovkivskyi	49.1471	24.6063
80344	В'язова	Lvivska	Zhovkivskyi	49.1471	24.6063
80344	Борові (Замочківська сільська рада)	Lvivska	Zhovkivskyi	49.1471	24.6063
80345	Підлісся	Lvivska	Zhovkivskyi	49.5535	23.7992
80346	Синьковичі	Lvivska	Zhovkivskyi	50.2457	23.7098
80347	Старе Село	Lvivska	Zhovkivskyi	49.7104	24.1895
80348	Бучми	Lvivska	Zhovkivskyi	50.089	24.8624
80349	Пільце	Lvivska	Zhovkivskyi	50.089	24.8624
80350	Воля-Висоцька	Lvivska	Zhovkivskyi	49.9718	25.4907
80351	Глинськ	Lvivska	Zhovkivskyi	50.0603	23.8996
80351	Завади	Lvivska	Zhovkivskyi	50.0603	23.8996
80352	Крехів	Lvivska	Zhovkivskyi	49.2414	24.1538
80352	Папірня	Lvivska	Zhovkivskyi	49.1952	23.7166
80352	Майдан	Lvivska	Zhovkivskyi	49.149	23.2794
80352	Руда Крехівська	Lvivska	Zhovkivskyi	49.1952	23.7166
80352	Фійна	Lvivska	Zhovkivskyi	49.1952	23.7166
80352	Крута Долина	Lvivska	Zhovkivskyi	49.1952	23.7166
80352	Козулька	Lvivska	Zhovkivskyi	49.1952	23.7166
80353	Липники	Lvivska	Zhovkivskyi	49.9718	25.4907
80353	Нова Скварява	Lvivska	Zhovkivskyi	49.9718	25.4907
80354	Стара Скварява	Lvivska	Zhovkivskyi	49.9718	25.4907
80355	Мокротин	Lvivska	Zhovkivskyi	50.0131	23.9478
80355	Відродження	Lvivska	Zhovkivskyi	50.5334	25.2973
80355	Поляни	Lvivska	Zhovkivskyi	51.0537	26.6468
80355	Тернів	Lvivska	Zhovkivskyi	50.5334	25.2973
80355	Копанка	Lvivska	Zhovkivskyi	50.5334	25.2973
80356	Сопошин	Lvivska	Zhovkivskyi	50.0426	24.0012
80357	Мацошин	Lvivska	Zhovkivskyi	49.9718	25.4907
80358	Смереків	Lvivska	Zhovkivskyi	49.9718	25.4907
80359	Пирятин	Lvivska	Zhovkivskyi	50.2424	32.5062
80360	Дернівка	Lvivska	Zhovkivskyi	50.3647	31.3708
80360	Чистопілля	Lvivska	Zhovkivskyi	50.3647	31.3708
80360	Гори	Lvivska	Zhovkivskyi	50.3647	31.3708
80360	Зіболки	Lvivska	Zhovkivskyi	50.3647	31.3708
80360	Малі Передримихи	Lvivska	Zhovkivskyi	50.3647	31.3708
80361	Артасів	Lvivska	Zhovkivskyi	50.0101	24.1286
80361	Могиляни	Lvivska	Zhovkivskyi	50.426	26.5619
80361	Великі Передримихи	Lvivska	Zhovkivskyi	50.218	25.3452
80362	Куликів	Lvivska	Zhovkivskyi	50.3142	24.8176
80362	Кошелів	Lvivska	Zhovkivskyi	50.3142	24.8176
80364	Великий Дорошів	Lvivska	Zhovkivskyi	50.2662	26.1277
80365	Голокам'янка	Lvivska	Zhovkivskyi	50.2159	23.7596
80366	Віднів	Lvivska	Zhovkivskyi	50.2662	26.1277
80367	Хитрейки	Lvivska	Zhovkivskyi	50.2662	26.1277
80368	Ситихів	Lvivska	Zhovkivskyi	50.2662	26.1277
80369	Гіркани	Lvivska	Zhovkivskyi	50.2662	26.1277
80370	Мервичі	Lvivska	Zhovkivskyi	50.0002	24.0202
80370	Костеїв	Lvivska	Zhovkivskyi	50.0002	24.0202
80370	Перемивки	Lvivska	Zhovkivskyi	50.0002	24.0202
80371	Надичі	Lvivska	Zhovkivskyi	49.9795	24.0793
80372	Нове Село	Lvivska	Zhovkivskyi	49.5799	23.6738
80373	Сулимів	Lvivska	Zhovkivskyi	49.8732	23.9558
80374	Звертів	Lvivska	Zhovkivskyi	49.8732	23.9558
80375	Зашків	Lvivska	Zhovkivskyi	49.8732	23.9558
80376	Зарудці	Lvivska	Zhovkivskyi	49.8732	23.9558
80377	Гряда	Lvivska	Zhovkivskyi	49.9333	24.05
80378	Воля Гамулецька	Lvivska	Zhovkivskyi	49.8732	23.9558
80379	Клебани	Lvivska	Zhovkivskyi	49.8732	23.9558
80380	Великі Грибовичі	Lvivska	Zhovkivskyi	49.9167	24.05
80380	Збиранка	Lvivska	Zhovkivskyi	49.9167	24.05
80381	Дубляни	Lvivska	Zhovkivskyi	49.9041	24.0864
80382	Малі Підліски	Lvivska	Zhovkivskyi	49.5633	23.5359
80383	Малехів	Lvivska	Zhovkivskyi	49.8833	24.0667
80384	Кіпті	Lvivska	Zhovkivskyi	49.5633	23.5359
80385	Пили	Lvivska	Zhovkivskyi	49.5633	23.5359
80386	Малий Дорошів	Lvivska	Zhovkivskyi	49.5633	23.5359
80387	Буди	Lvivska	Zhovkivskyi	49.5633	23.5359
80388	Горяни	Lvivska	Zhovkivskyi	48.5982	22.3613
80389	Дубрівка	Lvivska	Zhovkivskyi	49.5139	23.1151
80390	Соснина	Lvivska	Zhovkivskyi	50.194	23.9716
80391	Казумин	Lvivska	Zhovkivskyi	50.1896	23.9174
80392	Забрід	Lvivska	Zhovkivskyi	50.029	26.8345
80393	Бесіди	Lvivska	Zhovkivskyi	49.9166	24.6223
80394	Залози	Lvivska	Zhovkivskyi	49.9166	24.6223
80395	Гребінці	Lvivska	Zhovkivskyi	49.9166	24.6223
80396	Нагірці	Lvivska	Zhovkivskyi	49.9166	24.6223
80397	Завадів	Lvivska	Zhovkivskyi	49.2538	23.7655
80398	Помлинів	Lvivska	Zhovkivskyi	49.9166	24.6223
80400	Кам'янка-Бузька	Lvivska	Kamianka-Buzkyi	50.1065	24.3445
80405	Забужжя	Lvivska	Kamianka-Buzkyi	50.4829	24.2603
80406	Сапіжанка	Lvivska	Kamianka-Buzkyi	48.6418	28.3025
80407	Ямне	Lvivska	Kamianka-Buzkyi	50.045	24.4267
80408	Долини (Сілецька сільська рада)	Lvivska	Kamianka-Buzkyi	49.8191	25.3335
80409	Долини (Стародобротвірська сільська рада)	Lvivska	Kamianka-Buzkyi	49.8191	25.3335
80410	Старий Добротвір	Lvivska	Kamianka-Buzkyi	50.2315	24.377
80410	Матяші	Lvivska	Kamianka-Buzkyi	50.2315	24.377
80411	Добротвір	Lvivska	Kamianka-Buzkyi	50.2315	24.377
80413	Сілець	Lvivska	Kamianka-Buzkyi	50.2971	24.2046
80414	Вислобоки	Lvivska	Kamianka-Buzkyi	49.9397	24.1783
80415	Незнанів	Lvivska	Kamianka-Buzkyi	50.1608	24.544
80416	Полонична	Lvivska	Kamianka-Buzkyi	50.1406	24.6138
80417	Кошаковські	Lvivska	Kamianka-Buzkyi	50.2201	24.4164
80418	Цеперів	Lvivska	Kamianka-Buzkyi	50.6925	25.173
80419	Липники	Lvivska	Kamianka-Buzkyi	50.0668	23.8634
80420	Прибужани	Lvivska	Kamianka-Buzkyi	49.9272	24.0888
80421	Зубів Міст	Lvivska	Kamianka-Buzkyi	49.9272	24.0888
80421	Рожанка	Lvivska	Kamianka-Buzkyi	49.9272	24.0888
80422	Гайок	Lvivska	Kamianka-Buzkyi	49.9272	24.0888
80423	Батятичі	Lvivska	Kamianka-Buzkyi	49.9272	24.0888
80424	Верени	Lvivska	Kamianka-Buzkyi	49.9272	24.0888
80424	Желдець	Lvivska	Kamianka-Buzkyi	49.9272	24.0888
80425	Сокіл	Lvivska	Kamianka-Buzkyi	49.7804	23.9528
80426	Гряда	Lvivska	Kamianka-Buzkyi	49.9333	24.05
80427	Дальнич	Lvivska	Kamianka-Buzkyi	50.068	24.2635
80428	Воля Жовтанецька	Lvivska	Kamianka-Buzkyi	49.9272	24.0888
80429	Грабовець	Lvivska	Kamianka-Buzkyi	49.9272	24.0888
80430	Дернів	Lvivska	Kamianka-Buzkyi	50.3269	24.4519
80431	Жовтанці	Lvivska	Kamianka-Buzkyi	50.3269	24.4519
80432	Вихопні	Lvivska	Kamianka-Buzkyi	50.3269	24.4519
80433	Колоденці	Lvivska	Kamianka-Buzkyi	50.3269	24.4519
80434	Велике Колодно	Lvivska	Kamianka-Buzkyi	50.3269	24.4519
80435	Новий Став	Lvivska	Kamianka-Buzkyi	50.3269	24.4519
80436	Печихвости	Lvivska	Kamianka-Buzkyi	50.5039	24.6205
80437	Грушка	Lvivska	Kamianka-Buzkyi	50.15	24.2833
80438	Мазярка	Lvivska	Kamianka-Buzkyi	50.3269	24.4519
80439	Мазарня-Каранська	Lvivska	Kamianka-Buzkyi	50.3269	24.4519
80440	Честині	Lvivska	Kamianka-Buzkyi	49.9743	24.2095
80441	Соколів	Lvivska	Kamianka-Buzkyi	49.1732	24.032
80441	Вирів	Lvivska	Kamianka-Buzkyi	49.1732	24.032
80442	Горпин	Lvivska	Kamianka-Buzkyi	50.0064	24.368
80443	Хренів	Lvivska	Kamianka-Buzkyi	50.7433	24.2284
80444	Убині	Lvivska	Kamianka-Buzkyi	49.9743	24.2095
80445	Маїки	Lvivska	Kamianka-Buzkyi	49.9743	24.2095
80446	Малі Нагірці	Lvivska	Kamianka-Buzkyi	49.9743	24.2095
80447	Матяші	Lvivska	Kamianka-Buzkyi	49.9743	24.2095
80448	Нова Лодина	Lvivska	Kamianka-Buzkyi	49.9743	24.2095
80449	Обидів	Lvivska	Kamianka-Buzkyi	49.9743	24.2095
80450	Тадані	Lvivska	Kamianka-Buzkyi	50.0772	24.4132
80451	Стрептів	Lvivska	Kamianka-Buzkyi	50.0741	24.1714
80452	Деревляни	Lvivska	Kamianka-Buzkyi	50.0741	24.1714
80453	Великосілки	Lvivska	Kamianka-Buzkyi	50.0741	24.1714
80454	Банюнин	Lvivska	Kamianka-Buzkyi	50.0741	24.1714
80455	Неслухів	Lvivska	Kamianka-Buzkyi	49.9619	24.4344
80456	Козаки	Lvivska	Kamianka-Buzkyi	50.1833	23.6667
80457	Перекалки	Lvivska	Kamianka-Buzkyi	50.0741	24.1714
80458	Рокети	Lvivska	Kamianka-Buzkyi	50.0741	24.1714
80459	Рогалі	Lvivska	Kamianka-Buzkyi	50.0741	24.1714
80460	Ременів	Lvivska	Kamianka-Buzkyi	49.9524	24.2092
80461	Запитів	Lvivska	Kamianka-Buzkyi	49.9232	24.2627
80462	Дідилів	Lvivska	Kamianka-Buzkyi	49.9232	24.2627
80463	Старий Яричів	Lvivska	Kamianka-Buzkyi	49.9127	24.2737
80464	Руданці	Lvivska	Kamianka-Buzkyi	49.9232	24.2627
80465	Новий Яричів	Lvivska	Kamianka-Buzkyi	49.9044	24.3052
80468	Високофедорівка	Lvivska	Kamianka-Buzkyi	49.9232	24.2627
80469	Великі Підліски	Lvivska	Kamianka-Buzkyi	49.9232	24.2627
80470	Руда	Lvivska	Kamianka-Buzkyi	50.0879	24.9363
80471	Руда Сілецька	Lvivska	Kamianka-Buzkyi	50.0301	25.1015
80473	Соколів	Lvivska	Kamianka-Buzkyi	49.1732	24.032
80474	Ставники	Lvivska	Kamianka-Buzkyi	50.0301	25.1015
80475	Стриганка	Lvivska	Kamianka-Buzkyi	50.2523	24.3437
80476	Тартак	Lvivska	Kamianka-Buzkyi	50.3808	27.832
80477	Тичок	Lvivska	Kamianka-Buzkyi	50.0301	25.1015
80478	Тишиця	Lvivska	Kamianka-Buzkyi	50.2565	24.3633
80479	Товмач	Lvivska	Kamianka-Buzkyi	50.0301	25.1015
80480	Якимів	Lvivska	Kamianka-Buzkyi	50.0802	24.3398
80481	Спас	Lvivska	Kamianka-Buzkyi	50.0516	24.4783
80482	Красічин	Lvivska	Kamianka-Buzkyi	50.1087	24.2014
80483	Кукезів	Lvivska	Kamianka-Buzkyi	50.0802	24.3398
80484	Ягідня	Lvivska	Kamianka-Buzkyi	50.0802	24.3398
80500	Буськ	Lvivska	Buskyi	49.9655	24.6123
80506	Брахівка	Lvivska	Buskyi	50.0065	24.0171
80507	Будиголош	Lvivska	Buskyi	50.0065	24.0171
80508	Вербляни	Lvivska	Buskyi	50.0475	23.4219
80509	Волиця Деревлянська	Lvivska	Buskyi	50.0065	24.0171
80510	Соколя	Lvivska	Buskyi	50.0214	24.5791
80511	Грабова	Lvivska	Buskyi	50.0615	24.5998
80512	Яблунівка	Lvivska	Buskyi	50.0214	24.5791
80513	Побужани	Lvivska	Buskyi	50.0214	24.5791
80514	Купче	Lvivska	Buskyi	49.9813	24.5584
80515	Ракобовти	Lvivska	Buskyi	50.0214	24.5791
80516	Ланерівка	Lvivska	Buskyi	50.0214	24.5791
80517	Маращанка	Lvivska	Buskyi	50.0214	24.5791
80518	Волуйки	Lvivska	Buskyi	50.0214	24.5791
80519	Гаївське	Lvivska	Buskyi	50.0214	24.5791
80520	Топорів	Lvivska	Buskyi	50.1117	24.7257
80522	Заводське	Lvivska	Buskyi	49.9384	24.6508
80523	Тур'я	Lvivska	Buskyi	49.9384	24.6508
80524	Гутисько-Тур'янське	Lvivska	Buskyi	49.9384	24.6508
80525	Соколівка	Lvivska	Buskyi	49.5702	24.2901
80526	Переволочна	Lvivska	Buskyi	50.0606	24.7934
80527	Боложинів	Lvivska	Buskyi	49.9384	24.6508
80528	Бажани	Lvivska	Buskyi	49.9384	24.6508
80529	Баймаки	Lvivska	Buskyi	50.0113	24.7939
80530	Ожидів	Lvivska	Buskyi	49.9609	24.8141
80531	Гумниська	Lvivska	Buskyi	50.0608	24.8101
80532	Кути	Lvivska	Buskyi	50.2714	24.6778
80533	Олесько	Lvivska	Buskyi	49.9623	24.8934
80535	Бачка	Lvivska	Buskyi	50.0735	24.7989
80536	Закомар'я	Lvivska	Buskyi	50.0608	24.8101
80537	Лабач	Lvivska	Buskyi	50.0359	24.8666
80538	Леньків	Lvivska	Buskyi	50.0608	24.8101
80539	Лісове (Топорів)	Lvivska	Buskyi	50.0608	24.8101
80540	Новий Милятин	Lvivska	Buskyi	50.3117	24.3623
80541	Старий Милятин	Lvivska	Buskyi	50.3117	24.3623
80542	Ріпнів	Lvivska	Buskyi	50.3117	24.3623
80543	Кізлів	Lvivska	Buskyi	50.3117	24.3623
80544	Новосілки	Lvivska	Buskyi	50.4733	25.008
80545	Кудирявці	Lvivska	Buskyi	50.3117	24.3623
80546	Лісок	Lvivska	Buskyi	50.3117	24.3623
80547	Новий Ріпнів	Lvivska	Buskyi	50.3117	24.3623
80548	Павлики	Lvivska	Buskyi	50.15	23.7167
80549	Підставки	Lvivska	Buskyi	50.3117	24.3623
80550	Куткір	Lvivska	Buskyi	49.9049	24.5465
80551	Безброди	Lvivska	Buskyi	50.107	24.2954
80552	Задвір'я	Lvivska	Buskyi	50.107	24.2954
80553	Полоничі	Lvivska	Buskyi	49.8664	24.3749
80554	Полтва	Lvivska	Buskyi	49.8703	24.4957
80555	Богданівка	Lvivska	Buskyi	50.107	24.2954
80556	Горбачі	Lvivska	Buskyi	49.5948	23.9091
80557	Грабина	Lvivska	Buskyi	50.9333	24.3
80558	Гута	Lvivska	Buskyi	50.472	24.146
80559	Думниця	Lvivska	Buskyi	50.107	24.2954
80560	Красне	Lvivska	Buskyi	49.9145	24.6134
80560	Петричі	Lvivska	Buskyi	49.9132	24.7143
80561	Утішків	Lvivska	Buskyi	49.9255	24.6688
80562	Сторонибаби	Lvivska	Buskyi	50.1422	24.8666
80563	Андріївка	Lvivska	Buskyi	50.3608	24.4362
80565	Балучин	Lvivska	Buskyi	49.8547	24.5615
80566	Острів	Lvivska	Buskyi	50.3905	24.1659
80567	Острівчик-Пильний	Lvivska	Buskyi	50.1422	24.8666
80568	Русилів	Lvivska	Buskyi	50.1422	24.8666
80569	Стовпин	Lvivska	Buskyi	50.6365	26.9059
80571	Теребежі	Lvivska	Buskyi	50.4446	25.9615
80572	Хватів	Lvivska	Buskyi	50.4446	25.9615
80573	Циків	Lvivska	Buskyi	50.4446	25.9615
80574	Рокитне	Lvivska	Buskyi	49.9539	23.9011
80575	Чішки	Lvivska	Buskyi	49.9924	24.9421
80576	Чучмани	Lvivska	Buskyi	50.4446	25.9615
80577	Сидори	Lvivska	Buskyi	51.3874	29.0412
80578	Дунів	Lvivska	Buskyi	50.4446	25.9615
80579	Журатин	Lvivska	Buskyi	50.4446	25.9615
80580	Заболотне	Lvivska	Buskyi	50.1667	23.8833
80581	Заболото	Lvivska	Buskyi	50.4797	25.6046
80582	Забрід	Lvivska	Buskyi	50.029	26.8345
80583	Застав'є	Lvivska	Buskyi	51.246	24.2083
80584	Йосипівка	Lvivska	Buskyi	50.3002	24.5962
80585	Лісове (Заводське)	Lvivska	Buskyi	50.4797	25.6046
80586	Лісове (Тур'я)	Lvivska	Buskyi	50.4797	25.6046
80587	Ниви	Lvivska	Buskyi	50.4797	25.6046
80588	Рижани	Lvivska	Buskyi	50.6566	28.5006
80589	Янгелівка	Lvivska	Buskyi	50.4797	25.6046
80590	Чаниж	Lvivska	Buskyi	50.1696	24.8421
80600	Броди	Lvivska	Brodivskyi	50.0879	25.1503
80600	Мідне	Lvivska	Brodivskyi	50.0879	25.1503
80601	Броди	Lvivska	Brodivskyi	50.0879	25.1503
80603	Броди	Lvivska	Brodivskyi	50.0879	25.1503
80607	Бордуляки	Lvivska	Brodivskyi	50.0879	25.1503
80609	Горбанівка	Lvivska	Brodivskyi	50.0879	25.1503
80610	Кіз'я	Lvivska	Brodivskyi	50.2512	25.1613
80610	Комарівка	Lvivska	Brodivskyi	50.2711	25.187
80611	Корсів	Lvivska	Brodivskyi	50.4468	25.3087
80612	Берлин	Lvivska	Brodivskyi	50.1444	25.077
80613	Лешнів	Lvivska	Brodivskyi	50.24	25.0904
80614	Піски	Lvivska	Brodivskyi	50.4468	25.3087
80615	Антося	Lvivska	Brodivskyi	50.2748	25.1526
80616	Гримайлівка	Lvivska	Brodivskyi	50.4468	25.3087
80617	Дітківці	Lvivska	Brodivskyi	50.4468	25.3087
80618	Королівка	Lvivska	Brodivskyi	50.2797	25.0928
80619	Лісове	Lvivska	Brodivskyi	51.6667	26.4
80620	Шнирів	Lvivska	Brodivskyi	50.2044	25.8737
80621	Білявці	Lvivska	Brodivskyi	50.2044	25.8737
80622	Кути	Lvivska	Brodivskyi	50.2714	24.6778
80622	Станіславчик	Lvivska	Brodivskyi	50.1701	24.9049
80623	Язлівчик	Lvivska	Brodivskyi	50.2044	25.8737
80624	Конюшків	Lvivska	Brodivskyi	50.2044	25.8737
80625	Бовдури	Lvivska	Brodivskyi	50.2044	25.8737
80626	Збруї	Lvivska	Brodivskyi	50.2044	25.8737
80627	Клекотів	Lvivska	Brodivskyi	50.2044	25.8737
80628	Новиччина	Lvivska	Brodivskyi	50.2044	25.8737
80629	Монастирок	Lvivska	Brodivskyi	50.1718	28.0383
80630	Заболотці	Lvivska	Brodivskyi	50.6317	24.2718
80630	Малі Переліски	Lvivska	Brodivskyi	50.6317	24.2718
80630	Мамчурі	Lvivska	Brodivskyi	50.6317	24.2718
80630	Великі Переліски	Lvivska	Brodivskyi	50.6317	24.2718
80631	Лугове	Lvivska	Brodivskyi	50.2634	24.8311
80632	Висоцько	Lvivska	Brodivskyi	50.2634	24.8311
80633	Сидинівка	Lvivska	Brodivskyi	50.2634	24.8311
80634	Вовковатиця	Lvivska	Brodivskyi	50.2634	24.8311
80635	Велин	Lvivska	Brodivskyi	50.07	24.9743
80636	Митниця	Lvivska	Brodivskyi	50.2904	25.1314
80637	Панькова	Lvivska	Brodivskyi	50.2634	24.8311
80638	Ражнів	Lvivska	Brodivskyi	50.0614	24.9468
80639	Руда Брідська	Lvivska	Brodivskyi	50.2634	24.8311
80640	Пониковиця	Lvivska	Brodivskyi	50.1563	24.9114
80641	Суходоли	Lvivska	Brodivskyi	50.7864	24.2235
80641	Гаї-Суходільські	Lvivska	Brodivskyi	50.7864	24.2235
80642	Голосковичі	Lvivska	Brodivskyi	50.1563	24.9114
80643	Смільне	Lvivska	Brodivskyi	50.1563	24.9114
80644	Пониква	Lvivska	Brodivskyi	49.8167	25.1333
80644	Видра	Lvivska	Brodivskyi	49.8167	25.1333
80644	Горбалі	Lvivska	Brodivskyi	49.8167	25.1333
80645	Боратин	Lvivska	Brodivskyi	49.9942	25.1755
80646	Залісся	Lvivska	Brodivskyi	50.1563	24.9114
80647	Яблунівка	Lvivska	Brodivskyi	50.1563	24.9114
80648	Глушин	Lvivska	Brodivskyi	50.028	25.1134
80649	Загірці	Lvivska	Brodivskyi	50.1563	24.9114
80650	Гаї	Lvivska	Brodivskyi	50.0397	25.1914
80651	Гаї-Дітковецькі	Lvivska	Brodivskyi	50.1058	26.0897
80652	Суховоля	Lvivska	Brodivskyi	50.5	24.3667
80653	Черниця	Lvivska	Brodivskyi	50.5639	26.9995
80654	Накваша	Lvivska	Brodivskyi	49.9725	25.322
80655	Попівці	Lvivska	Brodivskyi	49.5333	29.3667
80656	Нем'яч	Lvivska	Brodivskyi	50.1058	26.0897
80657	Бучина	Lvivska	Brodivskyi	50.025	25.2917
80658	Дудин	Lvivska	Brodivskyi	50.1058	26.0897
80659	Жарків	Lvivska	Brodivskyi	50.1058	26.0897
80660	Підгірці	Lvivska	Brodivskyi	49.9461	24.9795
80661	Теребежі	Lvivska	Brodivskyi	49.5799	23.6566
80661	Ясенів	Lvivska	Brodivskyi	49.5799	23.6566
80662	Лучківці	Lvivska	Brodivskyi	49.7391	26.7252
80663	Голубиця	Lvivska	Brodivskyi	49.7391	26.7252
80664	Пеняки	Lvivska	Brodivskyi	49.7391	26.7252
80664	Малинище	Lvivska	Brodivskyi	49.7391	26.7252
80665	Батьків	Lvivska	Brodivskyi	49.7391	26.7252
80666	Звижень	Lvivska	Brodivskyi	49.8595	25.2372
80667	Дуб'є	Lvivska	Brodivskyi	49.7391	26.7252
80668	Дубина	Lvivska	Brodivskyi	48.8489	28.3129
80669	Лукаші	Lvivska	Brodivskyi	50.461	31.4399
80670	Підкамінь	Lvivska	Brodivskyi	49.946	25.3167
80670	Стрехалюки	Lvivska	Brodivskyi	49.946	25.3167
80672	Паликорови	Lvivska	Brodivskyi	49.9632	24.8508
80673	Вербівчик	Lvivska	Brodivskyi	49.9632	24.8508
80674	Маркопіль	Lvivska	Brodivskyi	49.8602	25.2856
80675	Ковпин Ставок	Lvivska	Brodivskyi	49.9632	24.8508
80676	Підгір'я	Lvivska	Brodivskyi	49.9632	24.8508
80677	Липина	Lvivska	Brodivskyi	50.0833	23.95
80678	Літовище	Lvivska	Brodivskyi	49.9632	24.8508
80679	Лукавець	Lvivska	Brodivskyi	49.9632	24.8508
80680	Косарщина	Lvivska	Brodivskyi	50.382	26.0297
80681	Межигори	Lvivska	Brodivskyi	50.382	26.0297
80682	Микити	Lvivska	Brodivskyi	50.382	26.0297
80683	Кутище	Lvivska	Brodivskyi	49.9539	27.8463
80684	Орани	Lvivska	Brodivskyi	50.8102	24.2131
80685	Орихівчик	Lvivska	Brodivskyi	50.382	26.0297
80686	Переліски	Lvivska	Brodivskyi	50.382	26.0297
80687	Паньківці	Lvivska	Brodivskyi	50.382	26.0297
80688	Тріщуки	Lvivska	Brodivskyi	50.382	26.0297
80689	Салашка	Lvivska	Brodivskyi	50.382	26.0297
80690	Стиборівка	Lvivska	Brodivskyi	49.7247	26.3681
80691	Тетильківці	Lvivska	Brodivskyi	49.7247	26.3681
80692	Чепелі	Lvivska	Brodivskyi	49.725	28.2335
80693	Сухота	Lvivska	Brodivskyi	49.7247	26.3681
80694	Шишківці	Lvivska	Brodivskyi	49.7247	26.3681
80695	Шпаки	Lvivska	Brodivskyi	49.7247	26.3681
80696	Яснище	Lvivska	Brodivskyi	49.7247	26.3681
80697	Гаї-Смоленські	Lvivska	Brodivskyi	49.7247	26.3681
80698	Лагодів	Lvivska	Brodivskyi	49.7243	24.5027
80700	Золочів	Lvivska	Zolochivskyi	49.806	24.8944
80704	Бір	Lvivska	Zolochivskyi	49.8134	24.8624
80705	Богутин	Lvivska	Zolochivskyi	49.8134	24.8624
80706	Бонишин	Lvivska	Zolochivskyi	49.8209	24.8304
80707	Великий Полюхів	Lvivska	Zolochivskyi	49.8134	24.8624
80708	Гаваречина	Lvivska	Zolochivskyi	49.8134	24.8624
80709	Гологірки	Lvivska	Zolochivskyi	49.8134	24.8624
80710	Білий Камінь	Lvivska	Zolochivskyi	49.8977	24.8328
80711	Бужок	Lvivska	Zolochivskyi	50.6219	24.435
80712	Скварява	Lvivska	Zolochivskyi	50.6219	24.435
80713	Сасів	Lvivska	Zolochivskyi	49.8736	24.947
80713	Папірня	Lvivska	Zolochivskyi	49.8736	24.947
80713	Хомець	Lvivska	Zolochivskyi	49.8736	24.947
80713	Пісок	Lvivska	Zolochivskyi	49.8736	24.947
80714	Почапи	Lvivska	Zolochivskyi	51.278	24.2624
80715	Гончарівка	Lvivska	Zolochivskyi	50.6219	24.435
80716	Єлиховичі	Lvivska	Zolochivskyi	50.6219	24.435
80717	Зозулі	Lvivska	Zolochivskyi	50.6219	24.435
80718	Городилів	Lvivska	Zolochivskyi	50.6219	24.435
80719	Грабово	Lvivska	Zolochivskyi	51.4383	23.6977
80720	Глиняни	Lvivska	Zolochivskyi	49.8235	24.5115
80720	Мазів	Lvivska	Zolochivskyi	49.8235	24.5115
80722	Перегноїв	Lvivska	Zolochivskyi	49.5347	25.3649
80723	Вижняни	Lvivska	Zolochivskyi	49.5347	25.3649
80724	Заставне	Lvivska	Zolochivskyi	49.8205	24.4291
80725	Куровичі	Lvivska	Zolochivskyi	49.773	24.4194
80726	Підгайчики	Lvivska	Zolochivskyi	49.5347	25.3649
80726	Шопки	Lvivska	Zolochivskyi	49.5347	25.3649
80726	Косичі	Lvivska	Zolochivskyi	49.5347	25.3649
80727	Гутище	Lvivska	Zolochivskyi	49.5347	25.3649
80728	Обертасів	Lvivska	Zolochivskyi	49.5347	25.3649
80729	Дерев'янки	Lvivska	Zolochivskyi	48.7219	28.0997
80730	Бортків	Lvivska	Zolochivskyi	49.7008	24.402
80731	Мала Вільшанка	Lvivska	Zolochivskyi	49.7008	24.402
80732	Велика Вільшаниця	Lvivska	Zolochivskyi	49.7008	24.402
80733	Червоне	Lvivska	Zolochivskyi	49.804	24.7682
80734	Новосілки	Lvivska	Zolochivskyi	49.5428	23.8472
80735	Словіта	Lvivska	Zolochivskyi	49.7558	24.5906
80736	Гологори	Lvivska	Zolochivskyi	49.7008	24.402
80737	Женів	Lvivska	Zolochivskyi	49.7008	24.402
80738	Жуличі	Lvivska	Zolochivskyi	49.7008	24.402
80739	Зашків	Lvivska	Zolochivskyi	49.7008	24.402
80740	Опаки	Lvivska	Zolochivskyi	49.8702	25.0566
80741	Колтів	Lvivska	Zolochivskyi	49.8457	24.8245
80742	Верхобуж	Lvivska	Zolochivskyi	49.8696	25.0945
80743	Струтин	Lvivska	Zolochivskyi	49.8457	24.8245
80743	Кобилеччина	Lvivska	Zolochivskyi	49.8457	24.8245
80743	Кийків	Lvivska	Zolochivskyi	49.8457	24.8245
80744	Підлипці	Lvivska	Zolochivskyi	49.8457	24.8245
80745	Новоселище	Lvivska	Zolochivskyi	49.8457	24.8245
80746	Руда	Lvivska	Zolochivskyi	50.0879	24.9363
80746	Козаки	Lvivska	Zolochivskyi	50.1833	23.6667
80746	Кам'янисте	Lvivska	Zolochivskyi	50.1356	24.3015
80746	Плугів	Lvivska	Zolochivskyi	50.1356	24.3015
80747	Залісся	Lvivska	Zolochivskyi	49.8457	24.8245
80748	Зарваниця	Lvivska	Zolochivskyi	49.2174	25.3685
80749	Лісові	Lvivska	Zolochivskyi	49.8457	24.8245
80750	Ясенівці	Lvivska	Zolochivskyi	49.9158	24.9243
80751	Вороняки	Lvivska	Zolochivskyi	49.9158	24.9243
80752	Поляни	Lvivska	Zolochivskyi	51.0537	26.6468
80753	Коропчик	Lvivska	Zolochivskyi	49.7393	24.9396
80753	Сновичі	Lvivska	Zolochivskyi	49.7393	24.9396
80754	Роздоріжне	Lvivska	Zolochivskyi	48.7095	25.0994
80754	Жуків	Lvivska	Zolochivskyi	48.7095	25.0994
80755	Ремезівці	Lvivska	Zolochivskyi	49.9158	24.9243
80756	Шпиколоси	Lvivska	Zolochivskyi	50.4397	24.5149
80757	Розворяни	Lvivska	Zolochivskyi	49.9158	24.9243
80758	Скнилів	Lvivska	Zolochivskyi	49.8	23.95
80759	Солова	Lvivska	Zolochivskyi	49.7527	24.3951
80760	Загора	Lvivska	Zolochivskyi	50.4931	26.1418
80760	Поморяни	Lvivska	Zolochivskyi	49.6409	24.9307
80760	Надільне	Lvivska	Zolochivskyi	50.067	25.5362
80760	Кульби	Lvivska	Zolochivskyi	50.067	25.5362
80762	Бібщани	Lvivska	Zolochivskyi	50.0671	24.9242
80763	Золочівка	Lvivska	Zolochivskyi	50.5182	25.2177
80764	Тростянець	Lvivska	Zolochivskyi	49.5491	24.0004
80765	Трудовач	Lvivska	Zolochivskyi	49.7667	24.6833
80766	Княже	Lvivska	Zolochivskyi	50.4348	24.5712
80767	Крутів	Lvivska	Zolochivskyi	50.0671	24.9242
80768	Туркотин	Lvivska	Zolochivskyi	50.0671	24.9242
80769	Копані	Lvivska	Zolochivskyi	50.0671	24.9242
80770	Коропець	Lvivska	Zolochivskyi	50.1629	25.4349
80771	Ушня	Lvivska	Zolochivskyi	50.1629	25.4349
80772	Хильчиці	Lvivska	Zolochivskyi	50.1629	25.4349
80773	Красносільці	Lvivska	Zolochivskyi	50.1629	25.4349
80774	Кривичі	Lvivska	Zolochivskyi	50.6331	26.0631
80775	Черемошня	Lvivska	Zolochivskyi	50.1629	25.4349
80776	Якторів	Lvivska	Zolochivskyi	50.1629	25.4349
80777	Кропивна	Lvivska	Zolochivskyi	49.6928	24.8067
80778	Махнівці	Lvivska	Zolochivskyi	50.1629	25.4349
80779	Осовиця	Lvivska	Zolochivskyi	50.1629	25.4349
80780	Лука	Lvivska	Zolochivskyi	49.7827	25.0206
80781	Печенія	Lvivska	Zolochivskyi	49.908	25.8945
80782	Майдан Гологірський	Lvivska	Zolochivskyi	49.908	25.8945
80783	Підгір'я	Lvivska	Zolochivskyi	49.908	25.8945
80784	Митулин	Lvivska	Zolochivskyi	49.7695	24.6247
80785	Монастирок	Lvivska	Zolochivskyi	50.1718	28.0383
80786	Побіч	Lvivska	Zolochivskyi	49.908	25.8945
80787	Нестюки	Lvivska	Zolochivskyi	49.908	25.8945
80788	Руда Колтівська	Lvivska	Zolochivskyi	49.908	25.8945
80789	Стадня	Lvivska	Zolochivskyi	49.908	25.8945
80790	Стінка	Lvivska	Zolochivskyi	49.7811	24.7364
80791	Торгів	Lvivska	Zolochivskyi	49.5762	24.8964
80792	Хмелева	Lvivska	Zolochivskyi	48.8659	25.4814
80793	Підгородне	Lvivska	Zolochivskyi	49.5762	24.8964
80794	Підлисся	Lvivska	Zolochivskyi	49.5535	23.7992
80795	Чижів	Lvivska	Zolochivskyi	49.5762	24.8964
80796	Луг	Lvivska	Zolochivskyi	49.309	23.9522
80797	Погорільці	Lvivska	Zolochivskyi	49.5762	24.8964
80798	Розваж	Lvivska	Zolochivskyi	50.3714	26.5127
81000	Яворів	Lvivska	Yavorivskyi	50.0039	23.9447
81001	Яворів	Lvivska	Yavorivskyi	50.0039	23.9447
81002	Яворів	Lvivska	Yavorivskyi	50.0039	23.9447
81006	Свидниця	Lvivska	Yavorivskyi	50.0039	23.9447
81006	Божа Воля	Lvivska	Yavorivskyi	50.0039	23.9447
81007	Коханівка	Lvivska	Yavorivskyi	50.0039	23.9447
81008	Руда Краковецька	Lvivska	Yavorivskyi	50.0039	23.9447
81009	Середина	Lvivska	Yavorivskyi	50.0039	23.9447
81010	Сопіт	Lvivska	Yavorivskyi	49.1501	23.3865
81010	Смолин	Lvivska	Yavorivskyi	50.1566	23.4627
81010	Луг	Lvivska	Yavorivskyi	50.1851	23.5646
81010	Карпи	Lvivska	Yavorivskyi	49.8306	23.4713
81010	Рішин	Lvivska	Yavorivskyi	49.8306	23.4713
81010	Війтівщина	Lvivska	Yavorivskyi	49.8306	23.4713
81011	Руда	Lvivska	Yavorivskyi	50.2333	23.8
81011	Воля	Lvivska	Yavorivskyi	49.4321	23.5254
81011	Вороблячин	Lvivska	Yavorivskyi	49.8327	23.6627
81012	Середкевичі	Lvivska	Yavorivskyi	50.1482	23.5281
81012	Принада	Lvivska	Yavorivskyi	50.1482	23.5281
81013	Немирів	Lvivska	Yavorivskyi	50.1046	23.4361
81013	Слободяки	Lvivska	Yavorivskyi	50.1046	23.4361
81013	Шаварі	Lvivska	Yavorivskyi	50.1046	23.4361
81014	Немирів	Lvivska	Yavorivskyi	50.1046	23.4361
81015	Колониці	Lvivska	Yavorivskyi	49.9365	23.9182
81016	Грушів	Lvivska	Yavorivskyi	49.4698	23.5876
81016	Лужки	Lvivska	Yavorivskyi	50.2236	23.6653
81017	Дацьки	Lvivska	Yavorivskyi	49.9822	28.2036
81017	Вербляни	Lvivska	Yavorivskyi	50.0475	23.4219
81017	Пазиняки	Lvivska	Yavorivskyi	50.0148	25.8128
81017	Хляни	Lvivska	Yavorivskyi	50.0148	25.8128
81017	Ціпівки	Lvivska	Yavorivskyi	50.0148	25.8128
81017	Пісоцьки	Lvivska	Yavorivskyi	50.0148	25.8128
81018	Калитяки	Lvivska	Yavorivskyi	49.9365	23.9182
81019	Коти	Lvivska	Yavorivskyi	49.9365	23.9182
81020	Завадів	Lvivska	Yavorivskyi	49.2538	23.7655
81021	Нагачів	Lvivska	Yavorivskyi	49.9174	24.1506
81022	Дрогомишль	Lvivska	Yavorivskyi	49.9174	24.1506
81022	Липовець	Lvivska	Yavorivskyi	49.9174	24.1506
81023	Ковалі	Lvivska	Yavorivskyi	49.9174	24.1506
81023	Вахули	Lvivska	Yavorivskyi	49.9174	24.1506
81023	Залужжя	Lvivska	Yavorivskyi	49.9174	24.1506
81023	Бориси	Lvivska	Yavorivskyi	49.9174	24.1506
81024	Новини	Lvivska	Yavorivskyi	50.5837	25.6814
81025	Старий Яр	Lvivska	Yavorivskyi	49.9174	24.1506
81026	Ямельня	Lvivska	Yavorivskyi	49.9174	24.1506
81027	Брожки	Lvivska	Yavorivskyi	49.9174	24.1506
81028	Буда	Lvivska	Yavorivskyi	49.9424	23.8663
81029	Шутово	Lvivska	Yavorivskyi	49.8897	23.2891
81030	Лісок	Lvivska	Yavorivskyi	49.9299	23.3171
81030	Чернилява	Lvivska	Yavorivskyi	49.9299	23.3171
81031	Наконечне Друге	Lvivska	Yavorivskyi	49.9299	23.3171
81032	Наконечне Перше	Lvivska	Yavorivskyi	49.9299	23.3171
81032	Роснівка	Lvivska	Yavorivskyi	49.9299	23.3171
81033	Краковець	Lvivska	Yavorivskyi	49.9299	23.3171
81035	Глиниці	Lvivska	Yavorivskyi	49.9299	23.3171
81036	Морянці	Lvivska	Yavorivskyi	49.9299	23.3171
81037	Мельники	Lvivska	Yavorivskyi	49.8915	23.1711
81037	Любині	Lvivska	Yavorivskyi	49.8915	23.1711
81038	Цетуля	Lvivska	Yavorivskyi	49.9683	23.4631
81039	Великі Макари	Lvivska	Yavorivskyi	49.9299	23.3171
81040	Бунів	Lvivska	Yavorivskyi	49.8936	23.2652
81040	Іваники	Lvivska	Yavorivskyi	49.8936	23.2652
81041	Сарни	Lvivska	Yavorivskyi	49.9179	23.1728
81042	Калинівка	Lvivska	Yavorivskyi	49.8388	23.4612
81043	Дернаки	Lvivska	Yavorivskyi	49.8269	23.3517
81043	Рогізно	Lvivska	Yavorivskyi	49.3636	24.1967
81044	Оселя	Lvivska	Yavorivskyi	49.8388	23.4612
81045	Черчик	Lvivska	Yavorivskyi	49.8986	23.394
81046	Верещиця	Lvivska	Yavorivskyi	49.8388	23.4612
81047	Семирівка	Lvivska	Yavorivskyi	49.8388	23.4612
81048	Висіч	Lvivska	Yavorivskyi	49.8388	23.4612
81049	Салаші	Lvivska	Yavorivskyi	50.1319	23.3871
81050	Шкло	Lvivska	Yavorivskyi	49.9568	23.5441
81051	Новий Яр	Lvivska	Yavorivskyi	49.9642	23.4981
81051	Ліс	Lvivska	Yavorivskyi	49.9308	23.4765
81051	Шкло	Lvivska	Yavorivskyi	49.9568	23.5441
81052	Старичі	Lvivska	Yavorivskyi	49.98	23.5585
81053	Стадники	Lvivska	Yavorivskyi	49.9297	23.545
81053	Новояворівськ	Lvivska	Yavorivskyi	49.9223	23.5572
81053	Стені	Lvivska	Yavorivskyi	49.9148	23.5693
81053	Когути	Lvivska	Yavorivskyi	49.9223	23.5572
81053	Сологи	Lvivska	Yavorivskyi	49.9223	23.5572
81054	Новояворівськ	Lvivska	Yavorivskyi	50.0548	23.9794
81055	Лелехівка	Lvivska	Yavorivskyi	49.95	23.6833
81056	Воля Любинська	Lvivska	Yavorivskyi	50.0548	23.9794
81057	Липино	Lvivska	Yavorivskyi	50.9098	27.3961
81058	Паланки	Lvivska	Yavorivskyi	50.0548	23.9794
81059	Поріччя	Lvivska	Yavorivskyi	50.0548	23.9794
81060	Тарновиця	Lvivska	Yavorivskyi	50.1624	24.4414
81061	Ліс	Lvivska	Yavorivskyi	49.9308	23.4765
81061	Чолгині	Lvivska	Yavorivskyi	49.9016	23.4564
81061	Рулево	Lvivska	Yavorivskyi	49.9162	23.4665
81062	Прилбичі	Lvivska	Yavorivskyi	49.8842	23.4667
81063	Мужиловичі	Lvivska	Yavorivskyi	49.8611	23.4923
81064	Бердихів	Lvivska	Yavorivskyi	50.1624	24.4414
81065	Малошковичі	Lvivska	Yavorivskyi	50.1624	24.4414
81066	Підлуби	Lvivska	Yavorivskyi	50.9231	27.7486
81067	Новосілки	Lvivska	Yavorivskyi	50.4733	25.008
81067	Щиглі	Lvivska	Yavorivskyi	50.4733	25.008
81067	Віжомля	Lvivska	Yavorivskyi	50.4733	25.008
81067	Чорнокунці	Lvivska	Yavorivskyi	50.4733	25.008
81068	Вовча Гора	Lvivska	Yavorivskyi	50.1624	24.4414
81069	Поруби	Lvivska	Yavorivskyi	50.1624	24.4414
81070	Івано-Франкове	Lvivska	Yavorivskyi	49.9198	23.7291
81072	Щеплоти	Lvivska	Yavorivskyi	49.9085	23.7498
81073	Воля Добростанська	Lvivska	Yavorivskyi	49.9085	23.7498
81074	Кам'янобрід	Lvivska	Yavorivskyi	49.9085	23.7498
81075	Великополе	Lvivska	Yavorivskyi	49.9085	23.7498
81076	Страдч	Lvivska	Yavorivskyi	49.8972	23.7705
81077	Мальчиці	Lvivska	Yavorivskyi	49.9085	23.7498
81078	Воля Старицька	Lvivska	Yavorivskyi	49.9085	23.7498
81079	Дебрі	Lvivska	Yavorivskyi	49.9085	23.7498
81080	Верхутка	Lvivska	Yavorivskyi	49.9559	23.7832
81080	Лозино	Lvivska	Yavorivskyi	49.947	23.8079
81080	Середній Горб	Lvivska	Yavorivskyi	49.9515	23.7955
81080	Ставки	Lvivska	Yavorivskyi	49.9515	23.7955
81080	Турича	Lvivska	Yavorivskyi	49.9515	23.7955
81080	Великі Гори	Lvivska	Yavorivskyi	49.9515	23.7955
81081	Дубровиця	Lvivska	Yavorivskyi	51.5744	26.565
81082	Лісопотік	Lvivska	Yavorivskyi	50.3418	24.4993
81082	Задебрі	Lvivska	Yavorivskyi	50.3418	24.4993
81082	Озерське	Lvivska	Yavorivskyi	50.3418	24.4993
81082	Ясниська	Lvivska	Yavorivskyi	50.3418	24.4993
81083	Домажир	Lvivska	Yavorivskyi	49.8899	23.841
81084	Кожичі	Lvivska	Yavorivskyi	50.3418	24.4993
81085	Рясне-Руське	Lvivska	Yavorivskyi	50.3418	24.4993
81086	Вороців	Lvivska	Yavorivskyi	50.3418	24.4993
81086	Солуки	Lvivska	Yavorivskyi	50.3418	24.4993
81087	Карачинів	Lvivska	Yavorivskyi	50.3418	24.4993
81088	Глинець	Lvivska	Yavorivskyi	50.3418	24.4993
81089	Гораєць	Lvivska	Yavorivskyi	50.3418	24.4993
81090	Жорниська	Lvivska	Yavorivskyi	49.9643	23.7343
81091	Качмарі	Lvivska	Yavorivskyi	49.9044	23.6248
81091	Кертинів	Lvivska	Yavorivskyi	49.9044	23.6248
81091	Добростани	Lvivska	Yavorivskyi	49.9044	23.6248
81092	Рокитно	Lvivska	Yavorivskyi	49.9539	23.9011
81092	Бірки	Lvivska	Yavorivskyi	49.9167	23.9167
81092	Діброва	Lvivska	Yavorivskyi	50.2907	23.8438
81093	Затока	Lvivska	Yavorivskyi	49.8562	23.6749
81094	Зарубани	Lvivska	Yavorivskyi	49.9643	23.7343
81095	Зелів	Lvivska	Yavorivskyi	49.9038	23.8552
81096	Передвір'я	Lvivska	Yavorivskyi	49.9643	23.7343
81097	Підрясне	Lvivska	Yavorivskyi	49.9643	23.7343
81098	Поруденко	Lvivska	Yavorivskyi	49.9244	23.3235
81100	Пустомити	Lvivska	Pustomytivskyi	49.7153	23.913
81105	Наварія	Lvivska	Pustomytivskyi	49.7495	23.9275
81106	Черепин	Lvivska	Pustomytivskyi	51.3333	28.7323
81107	Соснівка	Lvivska	Pustomytivskyi	50.3167	25.9333
81108	Сердиця	Lvivska	Pustomytivskyi	50.2787	25.6265
81109	Городиславичі	Lvivska	Pustomytivskyi	50.2787	25.6265
81110	Зимна Вода	Lvivska	Pustomytivskyi	49.8262	23.8822
81111	Конопниця	Lvivska	Pustomytivskyi	49.7904	23.8949
81112	Холодновідка	Lvivska	Pustomytivskyi	49.7904	23.8949
81113	Лапаївка	Lvivska	Pustomytivskyi	49.8112	23.9045
81114	Скнилів	Lvivska	Pustomytivskyi	49.8	23.95
81115	Оброшино	Lvivska	Pustomytivskyi	49.7833	23.8667
81115	Пришляки	Lvivska	Pustomytivskyi	49.7833	23.8667
81116	Басівка	Lvivska	Pustomytivskyi	49.7833	23.9167
81117	Годовиця	Lvivska	Pustomytivskyi	49.7667	23.9167
81118	Ставчани	Lvivska	Pustomytivskyi	49.7618	23.8278
81119	Малинівка	Lvivska	Pustomytivskyi	49.7904	23.8949
81119	Диб'янки	Lvivska	Pustomytivskyi	49.7904	23.8949
81119	Містки	Lvivska	Pustomytivskyi	49.7904	23.8949
81120	Сороки-Львівські	Lvivska	Pustomytivskyi	49.8735	24.1229
81121	Муроване	Lvivska	Pustomytivskyi	49.8833	24.1
81122	Ямпіль	Lvivska	Pustomytivskyi	49.8784	24.1114
81123	Гамаліївка	Lvivska	Pustomytivskyi	49.8784	24.1114
81124	Борщовичі	Lvivska	Pustomytivskyi	49.8784	24.1114
81125	Пикуловичі	Lvivska	Pustomytivskyi	49.8784	24.1114
81126	Лисиничі	Lvivska	Pustomytivskyi	49.8784	24.1114
81127	Підбірці	Lvivska	Pustomytivskyi	49.8784	24.1114
81128	Сухоріччя	Lvivska	Pustomytivskyi	49.8784	24.1114
81129	Гринів	Lvivska	Pustomytivskyi	49.8784	24.1114
81130	Сокільники	Lvivska	Pustomytivskyi	49.8149	23.9295
81131	Солонка	Lvivska	Pustomytivskyi	49.7562	24.0103
81132	Малечковичі	Lvivska	Pustomytivskyi	49.75	23.9667
81133	Поршна	Lvivska	Pustomytivskyi	49.7202	23.9488
81134	Липники	Lvivska	Pustomytivskyi	50.0668	23.8634
81135	Зубра	Lvivska	Pustomytivskyi	49.764	24.0508
81136	Кротошин	Lvivska	Pustomytivskyi	49.8149	23.9295
81137	Пасіки-Зубрицькі	Lvivska	Pustomytivskyi	49.8149	23.9295
81138	Жирівка	Lvivska	Pustomytivskyi	49.8149	23.9295
81139	Грабник	Lvivska	Pustomytivskyi	49.9333	23.6
81139	Вовків	Lvivska	Pustomytivskyi	49.7136	24.0664
81140	Миклашів	Lvivska	Pustomytivskyi	49.7972	24.1044
81141	Верхня Білка	Lvivska	Pustomytivskyi	49.8158	24.3033
81142	Нижня Білка	Lvivska	Pustomytivskyi	49.7972	24.1044
81143	Тарасівка	Lvivska	Pustomytivskyi	49.7972	24.1044
81143	Чорнушовичі	Lvivska	Pustomytivskyi	49.7972	24.1044
81144	Чишки	Lvivska	Pustomytivskyi	49.9924	24.9421
81145	Чижиків	Lvivska	Pustomytivskyi	49.7972	24.1044
81146	Підберізці	Lvivska	Pustomytivskyi	49.7972	24.1044
81148	Гуменець	Lvivska	Pustomytivskyi	49.6184	23.8141
81149	Дмитровичі	Lvivska	Pustomytivskyi	49.7623	23.3579
81150	Виннички	Lvivska	Pustomytivskyi	49.7733	24.1598
81151	Давидів	Lvivska	Pustomytivskyi	49.75	24.1333
81152	Миколаїв	Lvivska	Pustomytivskyi	49.7612	24.338
81153	Гаї	Lvivska	Pustomytivskyi	50.0397	25.1914
81154	Старе Село	Lvivska	Pustomytivskyi	49.7104	24.1895
81155	Будьків	Lvivska	Pustomytivskyi	49.7947	24.377
81156	Звенигород	Lvivska	Pustomytivskyi	49.7333	24.25
81157	Відники	Lvivska	Pustomytivskyi	49.7947	24.377
81158	Шоломия	Lvivska	Pustomytivskyi	49.7947	24.377
81159	Кам'янопіль	Lvivska	Pustomytivskyi	49.7947	24.377
81160	Щирець	Lvivska	Pustomytivskyi	49.651	23.8743
81160	Сердиця	Lvivska	Pustomytivskyi	49.651	23.8743
81160	Дуб'янка	Lvivska	Pustomytivskyi	49.651	23.8743
81162	Семенівка	Lvivska	Pustomytivskyi	49.6743	23.9202
81162	Віняви	Lvivska	Pustomytivskyi	49.6743	23.9202
81163	Піски	Lvivska	Pustomytivskyi	49.9389	24.1911
81164	Раковець	Lvivska	Pustomytivskyi	49.6505	24.0205
81164	Підтемне	Lvivska	Pustomytivskyi	49.6505	24.0205
81165	Волиця	Lvivska	Pustomytivskyi	50.2887	24.452
81166	Журавники	Lvivska	Pustomytivskyi	50.4299	24.6887
81167	Дібрівки	Lvivska	Pustomytivskyi	49.9389	24.1911
81168	Загір'я	Lvivska	Pustomytivskyi	49.9389	24.1911
81169	Милошевичі	Lvivska	Pustomytivskyi	49.9389	24.1911
81170	Никонковичі	Lvivska	Pustomytivskyi	49.6447	23.8123
81171	Сороки	Lvivska	Pustomytivskyi	50.1536	23.9507
81171	Соколівка	Lvivska	Pustomytivskyi	49.5702	24.2901
81171	Льопи	Lvivska	Pustomytivskyi	49.8619	24.1204
81171	Яструбків	Lvivska	Pustomytivskyi	49.8619	24.1204
81173	Лани	Lvivska	Pustomytivskyi	49.6353	23.8588
81174	Дмитре	Lvivska	Pustomytivskyi	49.5978	23.8766
81175	Горбачі	Lvivska	Pustomytivskyi	49.5948	23.9091
81176	Черкаси	Lvivska	Pustomytivskyi	49.5833	23.8959
81177	Кугаїв	Lvivska	Pustomytivskyi	49.6828	23.9419
81178	Коцурів	Lvivska	Pustomytivskyi	49.6828	23.9419
81179	Одиноке	Lvivska	Pustomytivskyi	49.6828	23.9419
81180	Милятичі	Lvivska	Pustomytivskyi	49.7144	25.5712
81181	Нагоряни	Lvivska	Pustomytivskyi	49.7144	25.5712
81182	Попеляни	Lvivska	Pustomytivskyi	49.6163	23.892
81183	Підгайці	Lvivska	Pustomytivskyi	49.2685	25.1334
81184	Підсадки	Lvivska	Pustomytivskyi	49.7144	25.5712
81185	Підгірне	Lvivska	Pustomytivskyi	49.7144	25.5712
81186	Селисько	Lvivska	Pustomytivskyi	49.7144	25.5712
81187	Підсоснів	Lvivska	Pustomytivskyi	49.7144	25.5712
81188	Товщів	Lvivska	Pustomytivskyi	49.7144	25.5712
81189	Полянка	Lvivska	Pustomytivskyi	50.2584	27.6881
81190	Хоросно	Lvivska	Pustomytivskyi	49.6476	23.9766
81191	Новосілка	Lvivska	Pustomytivskyi	49.7787	24.65
81192	Бережани	Lvivska	Pustomytivskyi	49.45	24.9333
81193	Гончари	Lvivska	Pustomytivskyi	49.5742	24.2761
81194	Деревач	Lvivska	Pustomytivskyi	49.6682	23.9963
81195	Горішній	Lvivska	Pustomytivskyi	49.5742	24.2761
81196	Береги	Lvivska	Pustomytivskyi	49.3266	23.8244
81197	Глуховичі	Lvivska	Pustomytivskyi	49.5742	24.2761
81198	Ковирі	Lvivska	Pustomytivskyi	49.5742	24.2761
81200	Перемишляни	Lvivska	Peremyshlianskyi	49.6652	24.5585
81204	Вільховець	Lvivska	Peremyshlianskyi	49.7557	24.1562
81205	Вілявче	Lvivska	Peremyshlianskyi	49.7557	24.1562
81206	Волове	Lvivska	Peremyshlianskyi	49.6686	24.3101
81207	Гончарів	Lvivska	Peremyshlianskyi	49.7557	24.1562
81208	Грабник	Lvivska	Peremyshlianskyi	49.9333	23.6
81209	Гуральня	Lvivska	Peremyshlianskyi	49.7557	24.1562
81210	Станимир	Lvivska	Peremyshlianskyi	49.7326	24.4465
81210	Селиська	Lvivska	Peremyshlianskyi	49.85	23.3167
81211	Ганачівка	Lvivska	Peremyshlianskyi	49.7364	24.2895
81212	Лагодів	Lvivska	Peremyshlianskyi	49.7243	24.5027
81213	Романів	Lvivska	Peremyshlianskyi	49.7064	24.3496
81214	Підгородище	Lvivska	Peremyshlianskyi	49.7364	24.2895
81215	Коросне	Lvivska	Peremyshlianskyi	49.6862	24.528
81216	Унів	Lvivska	Peremyshlianskyi	49.719	24.5937
81217	Малі Ланки	Lvivska	Peremyshlianskyi	49.7364	24.2895
81218	Затемне	Lvivska	Peremyshlianskyi	49.7364	24.2895
81219	Брикун	Lvivska	Peremyshlianskyi	49.7364	24.2895
81220	Бібрка	Lvivska	Peremyshlianskyi	49.6409	24.2887
81222	Шпильчина	Lvivska	Peremyshlianskyi	49.6636	24.281
81223	Стрілки	Lvivska	Peremyshlianskyi	49.3361	22.9926
81224	Стоки	Lvivska	Peremyshlianskyi	49.6332	24.356
81225	Свірж	Lvivska	Peremyshlianskyi	49.6488	24.4395
81226	Глібовичі	Lvivska	Peremyshlianskyi	49.637	24.2286
81227	Суходіл	Lvivska	Peremyshlianskyi	49.6122	24.1664
81228	Великі Глібовичі	Lvivska	Peremyshlianskyi	49.637	24.2286
81229	Волощина	Lvivska	Peremyshlianskyi	49.6231	24.2214
81230	Липівці	Lvivska	Peremyshlianskyi	49.6229	25.1334
81231	Вишнівчик	Lvivska	Peremyshlianskyi	49.7007	24.746
81232	Борщів	Lvivska	Peremyshlianskyi	48.8033	26.0435
81233	Чемеринці	Lvivska	Peremyshlianskyi	49.6229	25.1334
81234	Дунаїв	Lvivska	Peremyshlianskyi	49.617	24.8249
81235	Біле	Lvivska	Peremyshlianskyi	49.6097	24.7654
81236	Виписки	Lvivska	Peremyshlianskyi	49.6229	25.1334
81237	Копань	Lvivska	Peremyshlianskyi	50.3836	25.2871
81238	Курний	Lvivska	Peremyshlianskyi	49.6229	25.1334
81239	Кучерівка	Lvivska	Peremyshlianskyi	49.6229	25.1334
81240	Ушковичі	Lvivska	Peremyshlianskyi	49.6426	24.5442
81241	Вовків	Lvivska	Peremyshlianskyi	49.7136	24.0664
81242	Мерещів	Lvivska	Peremyshlianskyi	49.6384	24.1549
81243	Осталовичі	Lvivska	Peremyshlianskyi	49.5984	24.5401
81244	Брюховичі	Lvivska	Peremyshlianskyi	49.9047	23.9597
81245	Костенів	Lvivska	Peremyshlianskyi	49.5931	24.5946
81246	Ладанці	Lvivska	Peremyshlianskyi	49.6384	24.1549
81247	Лоні	Lvivska	Peremyshlianskyi	49.6384	24.1549
81248	Задубина	Lvivska	Peremyshlianskyi	49.6384	24.1549
81249	Лопушна	Lvivska	Peremyshlianskyi	49.3783	23.2243
81250	Лани	Lvivska	Peremyshlianskyi	49.6002	24.2936
81251	Любешка	Lvivska	Peremyshlianskyi	49.2959	24.2564
81252	Добряничі	Lvivska	Peremyshlianskyi	49.8697	24.372
81253	Тучне	Lvivska	Peremyshlianskyi	49.575	24.4647
81254	Кореличі	Lvivska	Peremyshlianskyi	49.5409	24.5431
81255	Малий Полюхів	Lvivska	Peremyshlianskyi	49.8697	24.372
81256	Кузубатиця	Lvivska	Peremyshlianskyi	49.8697	24.372
81257	Мостище	Lvivska	Peremyshlianskyi	51.6634	24.8271
81258	Неділиська	Lvivska	Peremyshlianskyi	49.8697	24.372
81259	Новосілки	Lvivska	Peremyshlianskyi	49.5428	23.8472
81260	Подусів	Lvivska	Peremyshlianskyi	49.6007	24.7646
81261	Болотня	Lvivska	Peremyshlianskyi	49.6007	24.7646
81262	Іванівка	Lvivska	Peremyshlianskyi	48.8786	24.1168
81263	Дусанів	Lvivska	Peremyshlianskyi	49.6007	24.7646
81264	Бачів	Lvivska	Peremyshlianskyi	49.6007	24.7646
81265	Підвисоке	Lvivska	Peremyshlianskyi	50.3229	25.4124
81266	Підмонастир	Lvivska	Peremyshlianskyi	49.6007	24.7646
81267	Підсмереки	Lvivska	Peremyshlianskyi	49.6007	24.7646
81268	Під'ярків	Lvivska	Peremyshlianskyi	49.6007	24.7646
81269	Плеників	Lvivska	Peremyshlianskyi	49.6007	24.7646
81270	Плетеничі	Lvivska	Peremyshlianskyi	49.5205	26.0922
81271	Заставки-Яблунів	Lvivska	Peremyshlianskyi	49.5205	26.0922
81272	Пнятин	Lvivska	Peremyshlianskyi	49.5205	26.0922
81273	Подусільна	Lvivska	Peremyshlianskyi	49.5132	24.6965
81274	Прибинь	Lvivska	Peremyshlianskyi	49.5205	26.0922
81275	Камінна	Lvivska	Peremyshlianskyi	48.7577	24.7095
81276	Розсохи	Lvivska	Peremyshlianskyi	49.5205	26.0922
81277	Лонівка	Lvivska	Peremyshlianskyi	50.9546	27.9455
81279	Сивороги	Lvivska	Peremyshlianskyi	48.8564	27.0174
81280	Сірники	Lvivska	Peremyshlianskyi	50.8162	25.2467
81281	Смереківка	Lvivska	Peremyshlianskyi	49.7977	24.3215
81282	Тернівка	Lvivska	Peremyshlianskyi	49.7977	24.3215
81283	Хомина	Lvivska	Peremyshlianskyi	49.3071	22.9639
81284	Утіховичі	Lvivska	Peremyshlianskyi	49.7977	24.3215
81285	Чуперносів	Lvivska	Peremyshlianskyi	49.7977	24.3215
81286	Білка	Lvivska	Peremyshlianskyi	49.6	24.6167
81287	Благодатівка	Lvivska	Peremyshlianskyi	49.6137	24.2843
81288	Кимир	Lvivska	Peremyshlianskyi	49.6515	24.496
81289	Мивсева	Lvivska	Peremyshlianskyi	49.7977	24.3215
81290	Плоска	Lvivska	Peremyshlianskyi	49.4874	25.6681
81291	Рівна	Lvivska	Peremyshlianskyi	48.2333	25.1667
81292	Рубче	Lvivska	Peremyshlianskyi	50.7415	26.1695
81300	Мостиська	Lvivska	Mostyskyi	49.7947	23.1508
81304	Боєвичі	Lvivska	Mostyskyi	49.7947	23.1508
81305	Боратичі	Lvivska	Mostyskyi	49.7947	23.1508
81307	Годині	Lvivska	Mostyskyi	49.7947	23.1508
81308	Великі Мокряни	Lvivska	Mostyskyi	49.7947	23.1508
81309	Великі Новосілки	Lvivska	Mostyskyi	49.7947	23.1508
81310	Малнів	Lvivska	Mostyskyi	49.8971	23.0872
81310	Петихи	Lvivska	Mostyskyi	49.8971	23.0872
81310	Мартини	Lvivska	Mostyskyi	49.8971	23.0872
81310	Пихи	Lvivska	Mostyskyi	49.8971	23.0872
81310	Рожаки	Lvivska	Mostyskyi	49.8971	23.0872
81311	Малнівська Воля	Lvivska	Mostyskyi	49.7514	23.1206
81312	Черневе	Lvivska	Mostyskyi	49.7514	23.1206
81313	Старява	Lvivska	Mostyskyi	49.5047	22.7611
81314	Качмарі	Lvivska	Mostyskyi	49.9044	23.6248
81314	Корчунок	Lvivska	Mostyskyi	49.9044	23.6248
81314	Колодка	Lvivska	Mostyskyi	49.9044	23.6248
81314	Соколя	Lvivska	Mostyskyi	49.9044	23.6248
81315	Арламівська Воля	Lvivska	Mostyskyi	49.7514	23.1206
81316	Воля Садківська	Lvivska	Mostyskyi	49.7514	23.1206
81317	Підгать	Lvivska	Mostyskyi	49.7514	23.1206
81318	Ганьковичі	Lvivska	Mostyskyi	49.7514	23.1206
81319	Гориславичі	Lvivska	Mostyskyi	49.6996	23.0093
81320	Мостиська Другі	Lvivska	Mostyskyi	49.551	24.7826
81321	Шегині	Lvivska	Mostyskyi	49.551	24.7826
81322	Буців	Lvivska	Mostyskyi	49.551	24.7826
81323	Тщенець	Lvivska	Mostyskyi	49.551	24.7826
81324	Волиця	Lvivska	Mostyskyi	50.2887	24.452
81325	Баличі	Lvivska	Mostyskyi	49.7691	23.0353
81325	Хатки (Баличі)	Lvivska	Mostyskyi	49.7691	23.0353
81326	Биків	Lvivska	Mostyskyi	49.4668	23.4712
81327	Вуйковичі	Lvivska	Mostyskyi	49.551	24.7826
81328	Дубинки	Lvivska	Mostyskyi	48.6792	28.1716
81329	Заверхи	Lvivska	Mostyskyi	49.551	24.7826
81330	Твіржа	Lvivska	Mostyskyi	49.8029	23.2362
81330	Завадів	Lvivska	Mostyskyi	49.2538	23.7655
81330	Слабаш	Lvivska	Mostyskyi	49.5283	23.5009
81331	Хоросниця	Lvivska	Mostyskyi	49.663	23.367
81332	Гостинцеве	Lvivska	Mostyskyi	49.663	23.367
81333	Завада	Lvivska	Mostyskyi	49.7967	23.162
81334	Берегове	Lvivska	Mostyskyi	49.7987	23.3041
81335	Заріччя (Берегове)	Lvivska	Mostyskyi	49.663	23.367
81336	Загорби	Lvivska	Mostyskyi	49.663	23.367
81337	Загороди	Lvivska	Mostyskyi	49.663	23.367
81338	Заріччя (Судова Вишня)	Lvivska	Mostyskyi	49.663	23.367
81339	Іорданівка	Lvivska	Mostyskyi	49.663	23.367
81340	Судова Вишня	Lvivska	Mostyskyi	49.7889	23.3722
81342	Довгомостиська	Lvivska	Mostyskyi	49.7851	23.3366
81343	Бортятин	Lvivska	Mostyskyi	49.7851	23.3366
81344	Княжий Міст	Lvivska	Mostyskyi	49.7851	23.3366
81345	Княгиничі	Lvivska	Mostyskyi	49.7851	23.3366
81346	Шишеровичі	Lvivska	Mostyskyi	49.7851	23.3366
81347	Конюшки	Lvivska	Mostyskyi	49.7851	23.3366
81348	Королин	Lvivska	Mostyskyi	49.7812	23.3009
81349	Мочеради	Lvivska	Mostyskyi	49.7851	23.3366
81350	Поповичі	Lvivska	Mostyskyi	49.7333	22.9051
81351	Хідновичі	Lvivska	Mostyskyi	49.7078	23.082
81352	Толуковичі	Lvivska	Mostyskyi	49.7222	23.1012
81352	Липки	Lvivska	Mostyskyi	49.7222	23.1012
81352	Мишлятичі	Lvivska	Mostyskyi	49.7222	23.1012
81353	Гусаків	Lvivska	Mostyskyi	49.7078	23.082
81354	Радохінці	Lvivska	Mostyskyi	49.7078	23.082
81355	Золотковичі	Lvivska	Mostyskyi	49.7181	23.0333
81356	Боляновичі	Lvivska	Mostyskyi	49.7078	23.082
81357	Костильники	Lvivska	Mostyskyi	49.7078	23.082
81358	Крив'яки	Lvivska	Mostyskyi	49.7078	23.082
81359	Кропильники	Lvivska	Mostyskyi	49.6574	23.2885
81360	Добощівка	Lvivska	Mostyskyi	49.6678	23.4262
81360	Крисовичі	Lvivska	Mostyskyi	49.6678	23.4262
81361	Чишки	Lvivska	Mostyskyi	49.7653	23.1073
81362	Пнікут	Lvivska	Mostyskyi	49.711	23.1383
81363	Буховичі	Lvivska	Mostyskyi	49.6678	23.4262
81364	Крукеничі	Lvivska	Mostyskyi	49.6882	23.1549
81365	Ятвяги	Lvivska	Mostyskyi	49.5064	24.3044
81366	Хлиплі	Lvivska	Mostyskyi	49.6678	23.4262
81367	Кульматичі	Lvivska	Mostyskyi	49.6678	23.4262
81368	Хатки (Раденичі)	Lvivska	Mostyskyi	49.6678	23.4262
81369	Максимці	Lvivska	Mostyskyi	49.6678	23.4262
81370	Стоянці	Lvivska	Mostyskyi	49.86	24.4822
81371	Липники	Lvivska	Mostyskyi	50.0668	23.8634
81372	Раденичі	Lvivska	Mostyskyi	49.7278	23.1717
81373	Підліскі	Lvivska	Mostyskyi	50.5784	26.4597
81374	Вишенька	Lvivska	Mostyskyi	49.7183	28.365
81375	Мазури	Lvivska	Mostyskyi	49.86	24.4822
81376	Нагірне	Lvivska	Mostyskyi	49.4792	23.2133
81377	Макунів	Lvivska	Mostyskyi	49.702	23.3595
81378	Плешевичі	Lvivska	Mostyskyi	49.7475	22.9431
81379	Малі Новосілки	Lvivska	Mostyskyi	49.86	24.4822
81380	Велика Діброва	Lvivska	Mostyskyi	49.6724	23.1838
81380	Мала Діброва	Lvivska	Mostyskyi	49.6724	23.1838
81380	Дидятичі	Lvivska	Mostyskyi	49.6724	23.1838
81381	Вовчишовичі	Lvivska	Mostyskyi	49.6724	23.1838
81382	Волостків	Lvivska	Mostyskyi	49.6724	23.1838
81383	Дмитровичі	Lvivska	Mostyskyi	49.7623	23.3579
81384	Топільниця	Lvivska	Mostyskyi	49.3164	23.0225
81384	Зав'язанці	Lvivska	Mostyskyi	49.3164	23.0225
81384	Солтиси	Lvivska	Mostyskyi	49.3164	23.0225
81385	Малі Мокряни	Lvivska	Mostyskyi	49.6724	23.1838
81385	Берці	Lvivska	Mostyskyi	49.6724	23.1838
81386	Судковичі	Lvivska	Mostyskyi	49.6647	23.223
81387	Санники	Lvivska	Mostyskyi	49.7422	23.2358
81388	Мелешки	Lvivska	Mostyskyi	49.8765	23.0796
81389	Мистичі	Lvivska	Mostyskyi	49.6724	23.1838
81390	Стрілецьке	Lvivska	Mostyskyi	50.1883	24.0203
81391	Циків	Lvivska	Mostyskyi	50.1883	24.0203
81392	Чижевичі	Lvivska	Mostyskyi	50.1883	24.0203
81393	Новосільці	Lvivska	Mostyskyi	50.1883	24.0203
81394	Острожець	Lvivska	Mostyskyi	50.6586	25.5519
81395	Ніговичі	Lvivska	Mostyskyi	49.6674	23.2535
81396	Тишковичі	Lvivska	Mostyskyi	50.7193	24.1976
81397	Пісок	Lvivska	Mostyskyi	50.1883	24.0203
81398	Тамановичі	Lvivska	Mostyskyi	49.7078	23.0782
81400	Самбір	Lvivska	Lvivska	49.5183	23.1975
81405	Самбір	Lvivska	Lvivska	49.5183	23.1975
81413	Лопушно	Lvivska	Sambirskyi	49.9184	25.4687
81414	Лукавиця	Lvivska	Sambirskyi	49.396	23.231
81415	Сприня	Lvivska	Sambirskyi	49.3778	23.1403
81416	Черхава	Lvivska	Sambirskyi	49.4146	23.2254
81417	Бережниця	Lvivska	Sambirskyi	49.2051	23.9133
81418	Береги	Lvivska	Sambirskyi	49.3266	23.8244
81419	Кружики	Lvivska	Sambirskyi	49.5302	23.2995
81420	Колонія	Lvivska	Sambirskyi	49.6935	23.4074
81420	Владипіль	Lvivska	Sambirskyi	49.6935	23.4074
81420	Садковичі	Lvivska	Sambirskyi	49.6935	23.4074
81420	Мала Вербівка	Lvivska	Sambirskyi	49.6935	23.4074
81421	Верхівці	Lvivska	Sambirskyi	49.6935	23.4074
81422	Волиця	Lvivska	Sambirskyi	50.2887	24.452
81422	Копань	Lvivska	Sambirskyi	49.5951	23.1297
81422	Красниця	Lvivska	Sambirskyi	49.9419	23.7909
81422	Воля-Баранецька	Lvivska	Sambirskyi	49.9419	23.7909
81423	Берестяни	Lvivska	Sambirskyi	49.6091	23.0987
81424	Баранівці	Lvivska	Sambirskyi	49.6935	23.4074
81425	Корничі	Lvivska	Sambirskyi	49.6375	23.2276
81425	Бірчиці	Lvivska	Sambirskyi	49.6375	23.2276
81425	Нові Бірчиці	Lvivska	Sambirskyi	49.6375	23.2276
81426	Містковичі	Lvivska	Sambirskyi	49.6134	23.2572
81426	Климівщина	Lvivska	Sambirskyi	49.6134	23.2572
81426	Зарайське	Lvivska	Sambirskyi	49.6134	23.2572
81427	Малі Баранівці	Lvivska	Sambirskyi	49.6935	23.4074
81428	Ваньковичі	Lvivska	Sambirskyi	49.6379	23.3015
81429	Велика Озимина	Lvivska	Sambirskyi	49.473	23.385
81430	Орховичі	Lvivska	Sambirskyi	49.71	23.4098
81430	Никловичі	Lvivska	Sambirskyi	49.733	23.418
81430	Загір'я (Ралівка)	Lvivska	Sambirskyi	49.7215	23.4139
81431	Загір'я (Луки)	Lvivska	Sambirskyi	49.4936	23.5761
81432	Вощанці	Lvivska	Sambirskyi	49.4936	23.5761
81433	Купновичі	Lvivska	Sambirskyi	49.657	23.3302
81434	Михайлевичі	Lvivska	Sambirskyi	49.3753	23.6024
81435	Луки	Lvivska	Sambirskyi	48.8458	24.0306
81435	Острів	Lvivska	Sambirskyi	49.4105	23.9601
81436	Хлопчиці	Lvivska	Sambirskyi	49.6121	23.416
81437	Долобів	Lvivska	Sambirskyi	49.605	23.4416
81438	Новосілки-Гостинні	Lvivska	Sambirskyi	49.4936	23.5761
81439	Роздільне	Lvivska	Sambirskyi	49.4936	23.5761
81440	Рудки	Lvivska	Sambirskyi	49.6531	23.487
81442	Чайковичі	Lvivska	Sambirskyi	49.5959	23.5214
81443	Колбаєвичі	Lvivska	Sambirskyi	49.6027	23.5756
81444	Підгайчики	Lvivska	Sambirskyi	49.6027	23.5756
81445	Погірці	Lvivska	Sambirskyi	49.5953	23.5583
81445	Круковець	Lvivska	Sambirskyi	49.5953	23.5583
81445	Новий Острів	Lvivska	Sambirskyi	49.5953	23.5583
81446	Конюшки-Королівські	Lvivska	Sambirskyi	49.6133	23.5998
81447	Конюшки-Тулиголівські	Lvivska	Sambirskyi	49.6154	23.6139
81448	Сусолів	Lvivska	Sambirskyi	49.5599	23.629
81448	Малинів	Lvivska	Sambirskyi	49.5862	23.6197
81449	Вербівка	Lvivska	Sambirskyi	49.6027	23.5756
81450	Тарава	Lvivska	Sambirskyi	49.5612	23.2087
81450	П'яновичі	Lvivska	Sambirskyi	49.5746	23.202
81451	Максимовичі	Lvivska	Sambirskyi	49.5628	23.1794
81452	Лановичі	Lvivska	Sambirskyi	49.5866	23.2378
81453	Воютичі	Lvivska	Sambirskyi	49.5513	23.1058
81453	Заріччя (Воютичі)	Lvivska	Sambirskyi	49.5513	23.1058
81454	Викоти	Lvivska	Sambirskyi	49.5682	23.1354
81455	Бабина	Lvivska	Sambirskyi	49.565	23.2705
81456	Пиняни	Lvivska	Sambirskyi	49.5716	23.3003
81457	Бісковичі	Lvivska	Sambirskyi	49.5445	23.1691
81457	Рудня	Lvivska	Sambirskyi	49.5297	23.1722
81458	Вістовичі	Lvivska	Sambirskyi	49.5735	23.4025
81459	Чернихів	Lvivska	Sambirskyi	49.693	25.4467
81460	Стрілковичі	Lvivska	Sambirskyi	49.5	23.1333
81460	Білаки	Lvivska	Sambirskyi	49.5	23.1333
81461	Ваньовичі	Lvivska	Sambirskyi	49.489	23.1136
81462	Дубрівка	Lvivska	Sambirskyi	49.5139	23.1151
81463	Корналовичі	Lvivska	Sambirskyi	49.5408	23.3526
81464	Калинів	Lvivska	Sambirskyi	49.5507	23.3072
81464	Новий Калинів	Lvivska	Sambirskyi	49.5507	23.3072
81465	Язи	Lvivska	Sambirskyi	49.5394	23.0891
81466	Гординя	Lvivska	Sambirskyi	49.537	23.3923
81467	Велика Хвороща	Lvivska	Sambirskyi	49.5231	23.5169
81467	Велика Білина	Lvivska	Sambirskyi	49.53	23.4741
81468	Мала Білина	Lvivska	Sambirskyi	49.5333	23.42
81469	Заріччя (Бісковичі)	Lvivska	Sambirskyi	49.5257	23.2914
81470	Дубляни	Lvivska	Sambirskyi	49.4983	23.3872
81472	Лука	Lvivska	Sambirskyi	49.5056	23.4982
81472	Мала Хвороща	Lvivska	Sambirskyi	49.52	23.5261
81473	Ралівка	Lvivska	Sambirskyi	49.4998	23.2374
81473	Хатки	Lvivska	Sambirskyi	49.5216	23.2485
81474	Задністряни	Lvivska	Sambirskyi	49.593	23.5995
81475	Нагірне	Lvivska	Sambirskyi	49.4792	23.2133
81476	Кульчиці	Lvivska	Sambirskyi	49.5064	23.2836
81477	Городище	Lvivska	Sambirskyi	49.4677	23.3274
81477	Мала Озимина	Lvivska	Sambirskyi	49.4692	23.3613
81478	Сіде	Lvivska	Sambirskyi	49.4771	23.2899
81479	Волянка	Lvivska	Sambirskyi	49.4105	23.1694
81480	Чуква	Lvivska	Sambirskyi	49.4607	23.1787
81480	Млин	Lvivska	Sambirskyi	49.4763	23.1443
81481	Вільшаник	Lvivska	Sambirskyi	49.4466	23.2337
81482	Блажів	Lvivska	Sambirskyi	49.426	23.1546
81483	Воля-Блажівська	Lvivska	Sambirskyi	49.402	23.1337
81484	Звір	Lvivska	Sambirskyi	49.3825	23.1044
81485	Монастирець	Lvivska	Sambirskyi	49.472	23.2365
81486	Глибоч	Lvivska	Sambirskyi	49.4546	23.2678
81487	Задністря	Lvivska	Sambirskyi	49.4992	23.1915
81488	Майнич	Lvivska	Sambirskyi	49.5167	23.5454
81489	Шептичі	Lvivska	Sambirskyi	49.6555	23.4109
81490	Залужани	Lvivska	Sambirskyi	49.3981	23.5248
81491	Міжгайці	Lvivska	Sambirskyi	49.5971	23.1814
81492	Нижнє	Lvivska	Sambirskyi	49.0278	22.9807
81493	Подільці	Lvivska	Sambirskyi	49.5765	23.5808
81494	Канафости	Lvivska	Sambirskyi	49.4373	23.255
81495	Рогізно	Lvivska	Sambirskyi	49.6236	23.0778
81496	Ковиничі	Lvivska	Sambirskyi	49.4373	23.255
81497	Трояни	Lvivska	Sambirskyi	49.4427	23.264
81498	Мала Спринька	Lvivska	Sambirskyi	49.3955	23.1758
81500	Городок	Lvivska	Horodotskyi	49.7846	23.6481
81505	Андріанів	Lvivska	Horodotskyi	49.7811	23.5617
81506	Долиняни	Lvivska	Horodotskyi	49.7811	23.5617
81507	Вовчухи	Lvivska	Horodotskyi	49.7811	23.5617
81508	Артищів	Lvivska	Horodotskyi	49.7811	23.5617
81509	Бар	Lvivska	Horodotskyi	49.7776	23.4753
81510	Повітно	Lvivska	Horodotskyi	49.3382	23.49
81511	Заверешиця	Lvivska	Horodotskyi	49.3382	23.49
81512	Мшана	Lvivska	Horodotskyi	49.8316	23.7798
81513	Суховоля	Lvivska	Horodotskyi	49.8243	23.8377
81514	Бірче	Lvivska	Horodotskyi	49.3382	23.49
81515	Велика Калинка	Lvivska	Horodotskyi	49.3382	23.49
81516	Воля Бартатівська	Lvivska	Horodotskyi	49.3382	23.49
81517	Годвишня	Lvivska	Horodotskyi	49.3382	23.49
81518	Залужжя	Lvivska	Horodotskyi	48.3586	22.8525
81519	Зушичі	Lvivska	Horodotskyi	49.3382	23.49
81520	Речичани	Lvivska	Horodotskyi	50.0101	24.0072
81521	Родатичі	Lvivska	Horodotskyi	49.7986	23.5334
81522	Тучапи	Lvivska	Horodotskyi	50.0101	24.0072
81523	Галичани	Lvivska	Horodotskyi	50.4484	24.9048
81524	Братковичі	Lvivska	Horodotskyi	49.7833	23.5833
81525	Лісновичі	Lvivska	Horodotskyi	50.0101	24.0072
81526	Молошки	Lvivska	Horodotskyi	50.0101	24.0072
81527	Яремків	Lvivska	Horodotskyi	50.0101	24.0072
81528	Якимчиці	Lvivska	Horodotskyi	50.0101	24.0072
81529	Шоломиничі	Lvivska	Horodotskyi	50.0101	24.0072
81530	Добряни	Lvivska	Horodotskyi	49.623	23.9523
81531	Мильчиці	Lvivska	Horodotskyi	49.628	23.6762
81532	Градівка	Lvivska	Horodotskyi	49.6962	23.5468
81533	Завидовичі	Lvivska	Horodotskyi	49.7047	23.6358
81534	Зашковичі	Lvivska	Horodotskyi	49.6841	23.6606
81535	Поріччя-Задвірне	Lvivska	Horodotskyi	49.628	23.6762
81536	Чуловичі	Lvivska	Horodotskyi	49.6621	23.7368
81537	Залужани	Lvivska	Horodotskyi	49.3981	23.5248
81538	Зелений Гай	Lvivska	Horodotskyi	49.628	23.6762
81539	Поріччя-Грунтове	Lvivska	Horodotskyi	49.628	23.6762
81540	Вишня	Lvivska	Horodotskyi	49.7889	23.3722
81541	Дубаневичі	Lvivska	Horodotskyi	49.6975	23.5078
81542	Коропуж	Lvivska	Horodotskyi	49.6761	23.5781
81543	Хишевичі	Lvivska	Horodotskyi	49.6762	23.6039
81544	Милятин	Lvivska	Horodotskyi	50.5576	24.5449
81545	Черлянське Передмістя	Lvivska	Horodotskyi	49.8809	24.2931
81546	Полянка	Lvivska	Horodotskyi	50.2584	27.6881
81547	Поріччя	Lvivska	Horodotskyi	49.8809	24.2931
81548	Тершаків	Lvivska	Horodotskyi	49.5113	23.7571
81549	Стоділки	Lvivska	Horodotskyi	49.8809	24.2931
81550	Керниця	Lvivska	Horodotskyi	49.4962	24.0197
81551	Бартатів	Lvivska	Horodotskyi	49.8	23.8167
81552	Мавковичі	Lvivska	Horodotskyi	49.4962	24.0197
81553	Угри	Lvivska	Horodotskyi	49.4962	24.0197
81554	Черляни	Lvivska	Horodotskyi	49.4962	24.0197
81555	Великий Любінь	Lvivska	Horodotskyi	49.4962	24.0197
81557	Монастирець	Lvivska	Horodotskyi	49.4962	24.0197
81558	Романівка	Lvivska	Horodotskyi	49.1924	24.2227
81559	Путятичі	Lvivska	Horodotskyi	49.4962	24.0197
81560	Бучали	Lvivska	Horodotskyi	49.8736	23.8284
81561	Переможне	Lvivska	Horodotskyi	49.8736	23.8284
81562	Комарно	Lvivska	Horodotskyi	49.6274	23.6995
81562	Кліцько	Lvivska	Horodotskyi	49.6274	23.6995
81565	Грімне	Lvivska	Horodotskyi	49.5999	23.7689
81566	Заболоття	Lvivska	Horodotskyi	50.3936	24.0168
81567	Катериничі	Lvivska	Horodotskyi	49.8736	23.8284
81568	Підмогилки	Lvivska	Horodotskyi	49.8736	23.8284
81569	Косівець	Lvivska	Horodotskyi	49.8736	23.8284
81570	Березець	Lvivska	Horodotskyi	49.6042	23.6751
81571	Татаринів	Lvivska	Horodotskyi	49.5693	23.7511
81572	Тулиголове	Lvivska	Horodotskyi	49.5991	23.644
81573	Нове Село	Lvivska	Horodotskyi	49.2594	24.1025
81574	Підзвіринець	Lvivska	Horodotskyi	49.5729	23.724
81575	Грабине	Lvivska	Horodotskyi	49.5506	23.7149
81576	Литовка	Lvivska	Horodotskyi	49.5817	24.256
81577	Лівчиці	Lvivska	Horodotskyi	49.3146	24.1322
81578	Мальованка	Lvivska	Horodotskyi	50.1833	27.3046
81579	Малий Любінь	Lvivska	Horodotskyi	49.5817	24.256
81580	Любовичі	Lvivska	Horodotskyi	50.7949	29.4255
81581	Мости	Lvivska	Horodotskyi	49.5405	23.6537
81582	Паланики	Lvivska	Horodotskyi	49.5679	23.7748
81583	Дроздовичі	Lvivska	Horodotskyi	49.8047	23.6394
81584	Піски	Lvivska	Horodotskyi	49.927	25.1233
81585	Побережне	Lvivska	Horodotskyi	49.927	25.1233
81600	Миколаїв (Миколаїв)	Lvivska	Mykolaivskyi	49.5818	23.9728
81605	Липівка	Lvivska	Mykolaivskyi	49.5863	23.9792
81606	Заклад	Lvivska	Mykolaivskyi	49.5522	23.9509
81607	Глухівець	Lvivska	Mykolaivskyi	49.5659	24.0088
81609	Добряни	Lvivska	Mykolaivskyi	49.623	23.9523
81610	Тернопілля	Lvivska	Mykolaivskyi	49.5506	24.0691
81611	Красів	Lvivska	Mykolaivskyi	49.612	24.008
81612	Бродки	Lvivska	Mykolaivskyi	49.5941	24.0156
81613	Демня	Lvivska	Mykolaivskyi	49.5674	23.9461
81614	Тростянець	Lvivska	Mykolaivskyi	49.5491	24.0004
81615	Стільсько	Lvivska	Mykolaivskyi	49.54	24.0768
81616	Березина	Lvivska	Mykolaivskyi	49.5648	24.1738
81617	Долішнє	Lvivska	Mykolaivskyi	49.4794	24.2053
81618	Дуброва	Lvivska	Mykolaivskyi	49.5165	24.0759
81619	Ілів	Lvivska	Mykolaivskyi	49.532	24.1199
81620	Велика Горожанка	Lvivska	Mykolaivskyi	49.5802	23.8202
81621	Новосілки-Опарські	Lvivska	Mykolaivskyi	49.5428	23.8472
81622	Мала-Горожанка	Lvivska	Mykolaivskyi	49.5215	23.8623
81623	Ричагів	Lvivska	Mykolaivskyi	49.5563	23.8603
81624	Колодруби	Lvivska	Mykolaivskyi	49.5065	23.7991
81625	Гірське	Lvivska	Mykolaivskyi	49.5323	23.8377
81626	Раделичі	Lvivska	Mykolaivskyi	49.4758	23.8544
81627	Кагуїв	Lvivska	Mykolaivskyi	49.5724	23.8939
81629	Липиці	Lvivska	Mykolaivskyi	49.5033	23.7644
81630	Гонятичі	Lvivska	Mykolaivskyi	49.5582	23.8998
81631	Вербіж (Гонятичі)	Lvivska	Mykolaivskyi	49.523	23.9564
81632	Дроговиж	Lvivska	Mykolaivskyi	49.5308	23.9383
81633	Устя	Lvivska	Mykolaivskyi	49.5144	23.9224
81634	Розвадів	Lvivska	Mykolaivskyi	49.5032	23.962
81635	Верин	Lvivska	Mykolaivskyi	49.4806	23.9919
81636	Крупське	Lvivska	Mykolaivskyi	49.4635	24.0278
81637	Листв'яний	Lvivska	Mykolaivskyi	49.5228	23.8341
81638	Луб'яна	Lvivska	Mykolaivskyi	49.5744	23.9767
81639	Мала Воля	Lvivska	Mykolaivskyi	49.5588	24.0547
81640	Пісочна	Lvivska	Mykolaivskyi	49.45	23.9667
81641	Черниця	Lvivska	Mykolaivskyi	49.4459	23.9939
81642	Рудники	Lvivska	Mykolaivskyi	49.4575	23.9102
81643	Криниця	Lvivska	Mykolaivskyi	49.4275	23.8341
81644	Більче	Lvivska	Mykolaivskyi	49.408	23.8324
81645	Держів	Lvivska	Mykolaivskyi	49.3985	23.984
81646	Київець	Lvivska	Mykolaivskyi	49.4337	24.0292
81647	Підгірці	Lvivska	Mykolaivskyi	49.4426	24.1514
81648	Надітичі	Lvivska	Mykolaivskyi	49.4724	23.9715
81649	Острів	Lvivska	Mykolaivskyi	49.4105	23.9601
81650	Розділ	Lvivska	Mykolaivskyi	49.4614	24.0623
81652	Новий Розділ	Lvivska	Lvivska	49.4725	24.1354
81653	Новий Розділ	Lvivska	Lvivska	49.4725	24.1354
81656	Горішнє	Lvivska	Mykolaivskyi	49.4817	24.185
81657	Берездівці	Lvivska	Mykolaivskyi	49.4588	24.1536
81658	Гранки-Кути	Lvivska	Mykolaivskyi	49.4717	24.1597
81659	Станківці	Lvivska	Mykolaivskyi	49.4391	24.1832
81660	Павуки (Новосілка Опарська)	Lvivska	Mykolaivskyi	49.5098	24.0051
81661	Сайків	Lvivska	Mykolaivskyi	49.5203	23.889
81662	Поляна	Lvivska	Mykolaivskyi	49.5933	24.0458
81663	Суха Долина	Lvivska	Mykolaivskyi	49.5676	24.0285
81665	Трудове (Велика Горожана)	Lvivska	Mykolaivskyi	49.5098	24.0051
81666	Тужанівці	Lvivska	Mykolaivskyi	49.4398	24.1732
81667	Болоня	Lvivska	Mykolaivskyi	49.4	23.8667
81668	Велика Воля	Lvivska	Mykolaivskyi	49.5377	24.0271
81670	Підлісся	Lvivska	Mykolaivskyi	49.5535	23.7992
81671	Повергів	Lvivska	Mykolaivskyi	49.5217	23.7646
81700	Жидачів	Lvivska	Zhydachivskyi	49.3847	24.1425
81701	Жидачів	Lvivska	Zhydachivskyi	49.3847	24.1425
81701	Загурщина	Lvivska	Zhydachivskyi	49.3575	24.1616
81705	Добрівляни (Ходорів)	Lvivska	Zhydachivskyi	49.3547	24.1292
81706	Старі Стрілища	Lvivska	Zhydachivskyi	49.3547	24.1292
81708	Садки (Ходорів)	Lvivska	Zhydachivskyi	49.3547	24.1292
81709	Ганнівці	Lvivska	Zhydachivskyi	49.2921	24.0701
81710	Березина	Lvivska	Zhydachivskyi	49.5648	24.1738
81710	Чижичі	Lvivska	Zhydachivskyi	49.5314	24.2312
81710	Вибранівка	Lvivska	Zhydachivskyi	49.5642	24.2113
81711	Калинівка	Lvivska	Zhydachivskyi	49.4539	28.5261
81711	Прибілля	Lvivska	Zhydachivskyi	49.5064	24.3044
81711	Дев'ятники	Lvivska	Zhydachivskyi	49.5236	24.2782
81711	Юшківці	Lvivska	Zhydachivskyi	49.508	24.2755
81712	Бертишів	Lvivska	Zhydachivskyi	50.5909	25.2681
81712	Баківці	Lvivska	Zhydachivskyi	50.5909	25.2681
81712	Трибоківці	Lvivska	Zhydachivskyi	50.5909	25.2681
81712	Репехів	Lvivska	Zhydachivskyi	50.5909	25.2681
81712	Закривець	Lvivska	Zhydachivskyi	50.5909	25.2681
81713	Соколівка	Lvivska	Zhydachivskyi	49.5702	24.2901
81714	Нові Стрілища	Lvivska	Zhydachivskyi	49.5172	24.4027
81714	Орішківці	Lvivska	Zhydachivskyi	49.5172	24.4027
81714	Лінія (Нові Стрілища)	Lvivska	Zhydachivskyi	49.5172	24.4027
81716	Кнісело	Lvivska	Zhydachivskyi	49.5115	24.3682
81717	Грусятичі	Lvivska	Zhydachivskyi	49.6137	24.7112
81718	Ліщини	Lvivska	Zhydachivskyi	49.6137	24.7112
81719	Борусів	Lvivska	Zhydachivskyi	49.5224	24.2044
81720	Чорний Острів	Lvivska	Zhydachivskyi	49.4667	24.2667
81721	Бориничі	Lvivska	Zhydachivskyi	49.4993	24.2096
81722	Піддністряни	Lvivska	Zhydachivskyi	49.4268	24.1956
81723	Кам'яне	Lvivska	Zhydachivskyi	49.4073	24.1833
81724	Отиневичі	Lvivska	Zhydachivskyi	49.4073	24.1833
81725	Дуліби	Lvivska	Zhydachivskyi	49.2313	23.8153
81726	Жирова	Lvivska	Zhydachivskyi	49.4123	24.2586
81727	Городище	Lvivska	Zhydachivskyi	49.4366	24.277
81728	Заліски	Lvivska	Zhydachivskyi	49.4	24.2167
81729	Бородчиці	Lvivska	Zhydachivskyi	49.3858	24.2266
81730	Заріччя	Lvivska	Zhydachivskyi	49.4142	24.1065
81730	Дем'янка-Наддністрянська	Lvivska	Zhydachivskyi	49.4306	24.0814
81731	Дем'янка-Лісна	Lvivska	Zhydachivskyi	49.4074	24.0538
81732	Межиріччя	Lvivska	Zhydachivskyi	49.4102	24.1611
81733	Вільхівці	Lvivska	Zhydachivskyi	49.3593	24.0543
81734	Пчани	Lvivska	Zhydachivskyi	49.3532	24.0305
81735	Туради	Lvivska	Zhydachivskyi	49.3763	24.0874
81736	Тейсарів	Lvivska	Zhydachivskyi	49.3525	23.9987
81737	Бринці-Загірні	Lvivska	Zhydachivskyi	49.5526	24.1887
81738	Бринці-Церковні	Lvivska	Zhydachivskyi	49.5474	24.2251
81739	Волиця-Гніздичівська	Lvivska	Zhydachivskyi	49.3488	24.0664
81740	Гніздичів	Lvivska	Zhydachivskyi	49.3427	24.1102
81740	Королівка	Lvivska	Zhydachivskyi	49.3581	24.1341
81742	Покрівці	Lvivska	Zhydachivskyi	49.3153	24.0371
81743	Бережниця	Lvivska	Zhydachivskyi	49.3377	24.185
81744	Заболотівці	Lvivska	Zhydachivskyi	49.328	24.1806
81745	Рогізно (Бережниця)	Lvivska	Zhydachivskyi	49.3238	24.1788
81746	Буянів	Lvivska	Zhydachivskyi	49.206	24.2988
81747	Городищенське	Lvivska	Zhydachivskyi	49.3238	24.1788
81748	Дроховичі	Lvivska	Zhydachivskyi	49.4824	24.2351
81749	Дубравка	Lvivska	Zhydachivskyi	49.2198	24.2495
81750	Ходорів	Lvivska	Zhydachivskyi	49.4099	24.3047
81754	Загірочко (Ходорів)	Lvivska	Zhydachivskyi	49.3949	24.2156
81755	Іванівці	Lvivska	Zhydachivskyi	49.3885	24.1022
81756	Журавків	Lvivska	Zhydachivskyi	49.3374	24.2272
81757	Квітневе	Lvivska	Zhydachivskyi	49.3949	24.2156
81758	Кологори	Lvivska	Zhydachivskyi	49.5606	24.2763
81759	Жирівське	Lvivska	Zhydachivskyi	49.2783	24.1677
81760	Вербиця	Lvivska	Zhydachivskyi	49.4198	24.5866
81761	Вовчатичі	Lvivska	Zhydachivskyi	49.4198	24.5866
81762	Сугрів	Lvivska	Zhydachivskyi	49.4198	24.5866
81763	Молотів	Lvivska	Zhydachivskyi	49.3617	24.2537
81763	Бортники	Lvivska	Zhydachivskyi	49.3496	24.2912
81764	Буковина	Lvivska	Zhydachivskyi	49.3479	24.2663
81765	Молодинче	Lvivska	Zhydachivskyi	49.3328	24.335
81765	Черемхів	Lvivska	Zhydachivskyi	48.6853	24.9582
81765	Підліски	Lvivska	Zhydachivskyi	50.5784	26.4597
81766	Рудківці	Lvivska	Zhydachivskyi	49.4518	24.2267
81767	Демидів	Lvivska	Zhydachivskyi	49.3711	24.2555
81768	Смогів	Lvivska	Zhydachivskyi	49.3	24.2333
81769	Новосільці	Lvivska	Zhydachivskyi	49.4198	24.5866
81770	Руда	Lvivska	Zhydachivskyi	49.3037	24.0969
81771	Лівчиці	Lvivska	Zhydachivskyi	49.3146	24.1322
81772	Млиниська	Lvivska	Zhydachivskyi	49.315	24.2288
81772	Лапшин	Lvivska	Zhydachivskyi	49.2846	24.2827
81773	Облазниця	Lvivska	Zhydachivskyi	49.2709	24.1285
81774	Махлинець	Lvivska	Zhydachivskyi	49.2397	24.0867
81774	Нове Село	Lvivska	Zhydachivskyi	49.2594	24.1025
81774	Воля-Облазницька	Lvivska	Zhydachivskyi	49.2786	24.1071
81774	Корнелівка	Lvivska	Zhydachivskyi	49.2591	24.076
81775	Любша	Lvivska	Zhydachivskyi	49.2816	24.2326
81776	Дунаєць	Lvivska	Zhydachivskyi	49.2958	24.1827
81776	Антонівка	Lvivska	Zhydachivskyi	49.2756	24.1877
81777	Мазурівка	Lvivska	Zhydachivskyi	49.2745	24.217
81778	Голешів	Lvivska	Zhydachivskyi	49.3034	24.2695
81779	Сенів	Lvivska	Zhydachivskyi	49.559	24.2948
81780	Журавно	Lvivska	Zhydachivskyi	49.2568	24.2834
81782	Новошини	Lvivska	Zhydachivskyi	49.3193	24.2629
81783	Володимирці	Lvivska	Zhydachivskyi	49.2391	24.2522
81784	Заграбівка	Lvivska	Zhydachivskyi	49.2213	24.2018
81784	Подорожнє	Lvivska	Zhydachivskyi	49.2302	24.2013
81784	Маринка	Lvivska	Zhydachivskyi	49.2464	24.222
81785	Мельнич	Lvivska	Zhydachivskyi	49.2309	24.2807
81785	Лютинка	Lvivska	Zhydachivskyi	49.2282	24.303
81786	Голдовичі	Lvivska	Zhydachivskyi	49.4865	24.2965
81787	Лучани	Lvivska	Zhydachivskyi	49.4741	24.307
81788	Ходорківці	Lvivska	Zhydachivskyi	49.5797	24.2809
81789	П'ятничани (Соколівка)	Lvivska	Zhydachivskyi	49.3193	24.2629
81790	Сидорівка	Lvivska	Zhydachivskyi	49.2279	24.1291
81791	Сулятичі	Lvivska	Zhydachivskyi	49.2027	24.1304
81791	Крехів	Lvivska	Zhydachivskyi	49.2414	24.1538
81792	Монастирець	Lvivska	Zhydachivskyi	49.2138	24.1132
81792	Которино	Lvivska	Zhydachivskyi	49.2138	24.1132
81793	Протеси	Lvivska	Zhydachivskyi	49.2138	24.1132
81794	Старе Село	Lvivska	Zhydachivskyi	49.3827	23.5083
81795	Зарічне	Lvivska	Zhydachivskyi	49.1687	24.0938
81796	Демівка	Lvivska	Zhydachivskyi	49.1833	24.1333
81796	Лисків	Lvivska	Zhydachivskyi	49.1913	24.2031
81796	Романівка	Lvivska	Zhydachivskyi	49.1924	24.2227
81797	Корчівка	Lvivska	Zhydachivskyi	49.1861	24.1633
81798	Чертіж	Lvivska	Zhydachivskyi	49.1794	24.2495
81798	Тернавка	Lvivska	Zhydachivskyi	49.1962	24.2578
82000	Старий Самбір	Lvivska	Starosambirskyi	49.4386	23.0006
82004	Бачина	Lvivska	Starosambirskyi	49.4575	23.0315
82005	Грабівниця	Lvivska	Starosambirskyi	48.7308	22.9821
82006	Библо	Lvivska	Starosambirskyi	49.3073	22.9745
82007	Боршевичі	Lvivska	Starosambirskyi	49.6562	22.8357
82008	Велика Волосянка	Lvivska	Starosambirskyi	49.2534	23.0227
82009	Дешичі	Lvivska	Starosambirskyi	49.3073	22.9745
82010	Дроздовичі	Lvivska	Starosambirskyi	49.7025	22.8693
82010	Вілюничі	Lvivska	Starosambirskyi	49.7025	22.8693
82011	Нижанковичі	Lvivska	Starosambirskyi	49.6828	22.814
82011	Пацьковичі	Lvivska	Starosambirskyi	49.6828	22.814
82011	Підмостичі	Lvivska	Starosambirskyi	49.6828	22.814
82013	Міженець	Lvivska	Starosambirskyi	49.5713	22.8598
82013	Стороневичі	Lvivska	Starosambirskyi	49.5713	22.8598
82014	Зоротовичі	Lvivska	Starosambirskyi	49.5713	22.8598
82015	Передільниця	Lvivska	Starosambirskyi	49.5713	22.8598
82016	Трушевичі	Lvivska	Starosambirskyi	49.6421	22.7814
82017	Поляна (Тернава)	Lvivska	Starosambirskyi	49.5713	22.8598
82018	Глибока	Lvivska	Starosambirskyi	49.5411	22.9871
82019	Дністрик	Lvivska	Starosambirskyi	49.288	22.8471
82020	Грушатичі	Lvivska	Starosambirskyi	49.6379	22.9045
82021	Чижки	Lvivska	Starosambirskyi	49.6294	22.9573
82021	Саночани	Lvivska	Starosambirskyi	49.6294	22.9573
82022	Нове Місто	Lvivska	Starosambirskyi	49.6169	22.8587
82022	Городисько	Lvivska	Starosambirskyi	49.6169	22.8587
82023	Боневичі	Lvivska	Starosambirskyi	49.5937	22.8297
82024	Болозів	Lvivska	Starosambirskyi	49.5917	22.9185
82025	Конів	Lvivska	Starosambirskyi	49.5741	22.9607
82025	Товарна	Lvivska	Starosambirskyi	49.5953	22.9495
82026	Нижня Вовча	Lvivska	Starosambirskyi	49.574	22.8984
82027	Созань	Lvivska	Starosambirskyi	49.4386	23.0357
82028	Спас	Lvivska	Starosambirskyi	49.3955	22.9711
82029	Сушиця	Lvivska	Starosambirskyi	49.4	23.0167
82030	Лютовиська	Lvivska	Starosambirskyi	49.5892	23.0176
82031	Букова	Lvivska	Starosambirskyi	49.5894	22.9921
82032	Ракова	Lvivska	Starosambirskyi	49.5917	23.0554
82033	Биличі	Lvivska	Starosambirskyi	49.6142	23.0263
82034	Катина	Lvivska	Starosambirskyi	49.5222	22.7032
82035	Комаровичі	Lvivska	Starosambirskyi	49.6286	22.8517
82036	Кропивник	Lvivska	Starosambirskyi	49.5779	22.7328
82037	Лопушанка-Хомена	Lvivska	Starosambirskyi	49.5602	22.9204
82038	Максимівка	Lvivska	Starosambirskyi	49.4457	22.8145
82039	Морозовичі	Lvivska	Starosambirskyi	49.483	23.0903
82040	Солянуватка	Lvivska	Starosambirskyi	49.5041	22.8175
82041	Губичі	Lvivska	Starosambirskyi	49.6094	22.775
82042	Добромиль	Lvivska	Starosambirskyi	49.5719	22.7863
82044	Княжпіль	Lvivska	Starosambirskyi	49.5649	22.7494
82045	Велике	Lvivska	Starosambirskyi	49.5468	22.7366
82045	Мігово	Lvivska	Starosambirskyi	49.55	22.7167
82046	Тернава	Lvivska	Starosambirskyi	49.5468	22.7966
82047	П'ятниця	Lvivska	Starosambirskyi	49.5625	22.8216
82048	Смеречка	Lvivska	Starosambirskyi	49.2559	22.8992
82049	Недільна	Lvivska	Starosambirskyi	49.3286	23.0764
82050	Слохині	Lvivska	Starosambirskyi	49.5441	22.8816
82051	Городовичі	Lvivska	Starosambirskyi	49.5383	22.9219
82052	Скелівка	Lvivska	Starosambirskyi	49.5373	22.9647
82052	Засадки	Lvivska	Starosambirskyi	49.5158	22.9744
82053	Сусідовичі	Lvivska	Starosambirskyi	49.5491	23.02
82054	Надиби	Lvivska	Starosambirskyi	49.5528	23.068
82055	Шумина	Lvivska	Starosambirskyi	49.5036	22.9368
82055	Муроване	Lvivska	Starosambirskyi	49.5214	22.9367
82056	Павлівка	Lvivska	Starosambirskyi	49.5065	23.0858
82056	Чаплі	Lvivska	Starosambirskyi	49.5224	23.0281
82056	Іванів	Lvivska	Starosambirskyi	49.5138	23.0007
82057	Гуманець	Lvivska	Starosambirskyi	49.5151	23.0583
82058	Березів	Lvivska	Starosambirskyi	49.5207	22.905
82059	Тарнавка	Lvivska	Starosambirskyi	49.5031	22.8976
82060	Сливниця	Lvivska	Starosambirskyi	49.5077	22.8685
82060	Хирів	Lvivska	Starosambirskyi	49.5342	22.8554
82060	Заріччя	Lvivska	Starosambirskyi	49.5176	22.7894
82060	Поляна (Слохинів)	Lvivska	Starosambirskyi	49.5198	22.8377
82062	Старява	Lvivska	Starosambirskyi	49.5047	22.7611
82063	Лопушниця	Lvivska	Starosambirskyi	49.512	22.7117
82064	Велика Сушиця	Lvivska	Starosambirskyi	49.4946	22.843
82065	Буньковичі	Lvivska	Starosambirskyi	49.5253	22.8297
82066	Стара Сіль	Lvivska	Starosambirskyi	49.4889	22.9619
82066	Тварі	Lvivska	Starosambirskyi	49.4925	23.0152
82068	Стара Ропа	Lvivska	Starosambirskyi	49.4917	22.9808
82069	Терло	Lvivska	Starosambirskyi	49.4705	22.7706
82070	Біличі	Lvivska	Starosambirskyi	49.442	22.8877
82071	Стрільбичі	Lvivska	Starosambirskyi	49.4518	22.963
82072	Росохи	Lvivska	Starosambirskyi	49.4398	22.7866
82072	Волошиново	Lvivska	Starosambirskyi	49.4226	22.8311
82073	Тершів	Lvivska	Starosambirskyi	49.4062	22.983
82073	Завадка	Lvivska	Starosambirskyi	49.4	23.0167
82074	Великосілля	Lvivska	Starosambirskyi	49.3946	22.822
82075	Велика Лінина	Lvivska	Starosambirskyi	49.3942	22.9238
82076	Лаврів	Lvivska	Starosambirskyi	49.3941	22.8776
82077	Посада-Новоміська	Lvivska	Starosambirskyi	49.4199	22.9068
82078	Потік	Lvivska	Starosambirskyi	49.3743	22.8365
82079	Райнова	Lvivska	Starosambirskyi	49.4997	23.0468
82080	Торчиновичі	Lvivska	Starosambirskyi	49.4658	23.05
82081	Страшевичі	Lvivska	Starosambirskyi	49.4488	23.0662
82082	Кобло	Lvivska	Starosambirskyi	49.4394	23.1056
82083	Воля	Lvivska	Starosambirskyi	49.4079	23.0684
82084	Верхній Лужок	Lvivska	Starosambirskyi	49.3616	23.018
82085	Бусовисько	Lvivska	Starosambirskyi	49.3834	22.9916
82086	Топільниця	Lvivska	Starosambirskyi	49.3164	23.0225
82087	Тур'є	Lvivska	Starosambirskyi	49.2866	23.0769
82088	Рожеве	Lvivska	Starosambirskyi	49.5675	22.8316
82089	Торгановичі	Lvivska	Starosambirskyi	49.4764	23.0733
82090	Плоске	Lvivska	Starosambirskyi	49.3495	22.8003
82090	Мшанець	Lvivska	Starosambirskyi	49.3559	22.7874
82090	Галівка	Lvivska	Starosambirskyi	49.3623	22.7745
82091	Тисовиця	Lvivska	Starosambirskyi	49.339	22.9141
82092	Стрілки	Lvivska	Starosambirskyi	49.3361	22.9926
82093	Грозьово	Lvivska	Starosambirskyi	49.3115	22.8115
82093	Виців	Lvivska	Starosambirskyi	49.3399	22.8384
82094	Головецько	Lvivska	Starosambirskyi	49.3042	22.9246
82094	Гвоздець	Lvivska	Starosambirskyi	49.3042	22.9246
82095	Бабина	Lvivska	Starosambirskyi	49.3141	22.8489
82096	Ріп'яна	Lvivska	Starosambirskyi	49.2773	22.889
82097	Ясениця-Замкова	Lvivska	Starosambirskyi	49.2733	22.9673
82098	Тиха	Lvivska	Starosambirskyi	49.4024	22.7818
82099	Соснівка	Lvivska	Starosambirskyi	49.3979	22.7907
82100	Дрогобич	Lvivska	Lvivska	49.3499	23.5056
82101	Дрогобич	Lvivska	Lvivska	49.3499	23.5056
82103	Дрогобич	Lvivska	Lvivska	49.3499	23.5056
82104	Дрогобич	Lvivska	Lvivska	49.3499	23.5056
82106	Дрогобич	Lvivska	Lvivska	49.3499	23.5056
82107	Дрогобич	Lvivska	Lvivska	49.3499	23.5056
82108	Дрогобич	Lvivska	Lvivska	49.3499	23.5056
82109	Дрогобич	Lvivska	Lvivska	49.3499	23.5056
82111	Дрогобич	Lvivska	Lvivska	49.3499	23.5056
82120	Брониця (Броницька сільська рада)	Lvivska	Drohobytskyi	49.4106	23.3863
82121	Долішній Лужок (Долішньо Лужецька)	Lvivska	Drohobytskyi	49.4106	23.3863
82122	Новошичі	Lvivska	Drohobytskyi	49.466	23.4215
82122	Глинне (Бистрицька)	Lvivska	Drohobytskyi	49.466	23.4215
82122	Ортиничі (Бистрицька)	Lvivska	Drohobytskyi	49.466	23.4215
82123	Ступниця (Ступницька)	Lvivska	Drohobytskyi	49.4106	23.3863
82124	Уріж	Lvivska	Drohobytskyi	49.3897	23.2686
82125	Винники (Урізька)	Lvivska	Drohobytskyi	49.4106	23.3863
82126	Нагуєвичі (Нагуєвицька)	Lvivska	Drohobytskyi	49.4106	23.3863
82127	Лішня	Lvivska	Drohobytskyi	49.3783	23.4609
82128	Унятичі (Унятицька)	Lvivska	Drohobytskyi	49.4106	23.3863
82129	Медвежа	Lvivska	Drohobytskyi	49.4082	23.3942
82130	Волоща	Lvivska	Drohobytskyi	49.5022	23.6048
82131	Верхній Дорожів	Lvivska	Drohobytskyi	49.4742	23.525
82132	Грушів	Lvivska	Drohobytskyi	49.4698	23.5876
82132	Зади (Грушівська)	Lvivska	Drohobytskyi	49.4698	23.5876
82133	Літиня	Lvivska	Drohobytskyi	49.4563	23.673
82134	Добрівляни	Lvivska	Drohobytskyi	49.4362	23.5696
82135	Ролів	Lvivska	Drohobytskyi	49.4462	23.6184
82136	Биків (Бистрицька)	Lvivska	Drohobytskyi	49.4642	23.5964
82138	Бистриця (Бистрицька-Гірська сільська рада)	Lvivska	Drohobytskyi	49.4642	23.5964
82139	Бійничі (Нижньогаївська)	Lvivska	Drohobytskyi	49.4642	23.5964
82140	Воля Якубова (Волянська)	Lvivska	Drohobytskyi	49.3525	23.509
82141	Городківка (Літинська)	Lvivska	Drohobytskyi	49.3525	23.509
82143	Котоване (Ступницька)	Lvivska	Drohobytskyi	49.3525	23.509
82144	Мокряни (Урізька)	Lvivska	Drohobytskyi	49.3525	23.509
82145	Монастир Лішнянський (Лішнянська)	Lvivska	Drohobytskyi	49.3525	23.509
82146	Монастир-Дережицький (Дережицька)	Lvivska	Drohobytskyi	49.3525	23.509
82147	Далява (Солонська)	Lvivska	Drohobytskyi	49.3525	23.509
82148	Селець (Ступницька)	Lvivska	Drohobytskyi	49.3525	23.509
82149	Перепростиня (Новокропивницька)	Lvivska	Drohobytskyi	49.3525	23.509
82150	Вороблевичі	Lvivska	Drohobytskyi	49.4172	23.6438
82151	Рихтичі	Lvivska	Drohobytskyi	49.3851	23.5566
82152	Залужани (Снятинська)	Lvivska	Drohobytskyi	49.4015	23.5631
82153	Михайлевичі (Михайлевицька)	Lvivska	Drohobytskyi	49.4015	23.5631
82154	Старе Село (Снятинська)	Lvivska	Drohobytskyi	49.4015	23.5631
82155	Снятинка	Lvivska	Drohobytskyi	49.4021	23.4889
82156	Тинів (Грушывська)	Lvivska	Drohobytskyi	49.4015	23.5631
82157	Хатки (Рихтицька)	Lvivska	Drohobytskyi	49.4015	23.5631
82158	Майдан (Рибницька)	Lvivska	Drohobytskyi	49.4015	23.5631
82159	Підмонастирок (Урізька)	Lvivska	Drohobytskyi	49.4015	23.5631
82160	Меденичі	Lvivska	Drohobytskyi	49.4306	23.7507
82162	Летня	Lvivska	Drohobytskyi	49.4042	23.74
82163	Рівне	Lvivska	Drohobytskyi	49.38	23.781
82164	Опори	Lvivska	Drohobytskyi	49.4164	23.7008
82165	Ріпчиці (Ріпчицька)	Lvivska	Drohobytskyi	49.3928	23.7176
82166	Солонське	Lvivska	Drohobytskyi	49.3827	23.6406
82167	Почаєвичі (Почаєвицька)	Lvivska	Drohobytskyi	49.3928	23.7176
82168	Нижні Гаї	Lvivska	Drohobytskyi	49.3429	23.6924
82169	Верхні Гаї (Верхньогаївська)	Lvivska	Drohobytskyi	49.3928	23.7176
82170	Болехівці	Lvivska	Drohobytskyi	49.3307	23.5995
82171	Раневичі (Раневицька)	Lvivska	Drohobytskyi	49.276	23.596
82172	Стебник	Lvivska	Drohobytskyi	49.2942	23.5636
82173	Стебник	Lvivska	Drohobytskyi	49.2942	23.5636
82176	Доброгостів	Lvivska	Drohobytskyi	49.2588	23.6038
82177	Уличне	Lvivska	Drohobytskyi	49.2338	23.6511
82178	Бистрий	Lvivska	Drohobytskyi	49.2443	23.5943
82179	Жданівка (Смільнянська)	Lvivska	Drohobytskyi	49.276	23.596
82180	Підбуж	Lvivska	Drohobytskyi	49.3348	23.2489
82182	Сторона (Підбузька)	Lvivska	Drohobytskyi	49.3156	23.4088
82183	Ясениця-Сільна	Lvivska	Drohobytskyi	49.3397	23.3634
82184	Попелі	Lvivska	Drohobytskyi	49.3102	23.3906
82185	Дережичі (Дережицька)	Lvivska	Drohobytskyi	49.3156	23.4088
82186	Модричі	Lvivska	Drohobytskyi	49.3152	23.4931
82187	Станиля	Lvivska	Drohobytskyi	49.2781	23.5478
82188	Коросниця (Летнянська)	Lvivska	Drohobytskyi	49.3156	23.4088
82189	Нове Село (Болехівська)	Lvivska	Drohobytskyi	49.3156	23.4088
82190	Смільна	Lvivska	Drohobytskyi	49.2828	23.1791
82191	Опака	Lvivska	Drohobytskyi	49.2793	23.2986
82192	Залокоть	Lvivska	Drohobytskyi	49.298	23.2565
82193	Старий Кропивник	Lvivska	Drohobytskyi	49.2297	23.2723
82194	Новий Кропивник	Lvivska	Drohobytskyi	49.2196	23.3164
82194	Підсухе (Новокропивницький)	Lvivska	Drohobytskyi	49.2196	23.3164
82195	Рибник	Lvivska	Drohobytskyi	49.18	23.2914
82196	Довге (Довжанська)	Lvivska	Drohobytskyi	49.2482	23.2691
82196	Довге (Довжанська-Гірська)	Lvivska	Drohobytskyi	49.2482	23.2691
82197	Бистриця (Бистрицька сільська рада)	Lvivska	Drohobytskyi	49.2482	23.2691
82198	Гута (Новокропивницька)	Lvivska	Drohobytskyi	49.2482	23.2691
82200	Трускавець	Lvivska	Truskavets	49.2784	23.5062
82208	Трускавець	Lvivska	Truskavets	49.2784	23.5062
82300	Борислав	Lvivska	Boryslav	49.2867	23.4324
82301	Борислав	Lvivska	Boryslav	49.2867	23.4324
82302	Борислав	Lvivska	Boryslav	49.2867	23.4324
82304	Борислав	Lvivska	Boryslav	49.2867	23.4324
82306	Борислав	Lvivska	Boryslav	49.2867	23.4324
82391	Східниця	Lvivska	Boryslav	49.2283	23.3502
82400	Стрий	Lvivska	Lvivska	49.2622	23.8561
82402	Стрий	Lvivska	Lvivska	49.2622	23.8561
82403	Стрий	Lvivska	Lvivska	49.2622	23.8561
82404	Стрий	Lvivska	Lvivska	49.2622	23.8561
82405	Стрий	Lvivska	Lvivska	49.2622	23.8561
82406	Стрий	Lvivska	Lvivska	49.2622	23.8561
82408	Стрий	Lvivska	Lvivska	49.2622	23.8561
82420	Кавське	Lvivska	Stryiskyi	49.3586	23.8058
82421	Лисятичі	Lvivska	Stryiskyi	49.3356	23.9677
82422	Пукеничі	Lvivska	Stryiskyi	49.3251	23.9286
82423	П'ятничани	Lvivska	Stryiskyi	49.3678	23.9397
82424	Угерсько	Lvivska	Stryiskyi	49.3005	23.9105
82425	Вівня	Lvivska	Stryiskyi	49.3356	23.887
82426	Добрівляни	Lvivska	Stryiskyi	49.2976	23.8587
82427	Добряни	Lvivska	Stryiskyi	49.2847	23.8875
82428	Ходовичі	Lvivska	Stryiskyi	49.2943	23.9617
82429	Стриганці	Lvivska	Stryiskyi	49.3072	23.9899
82430	Ланівка	Lvivska	Stryiskyi	49.3126	23.7635
82431	Нежухів	Lvivska	Stryiskyi	49.2691	23.7902
82432	Голобутів	Lvivska	Stryiskyi	49.26	23.7381
82433	Завадів	Lvivska	Stryiskyi	49.2538	23.7655
82434	Дуліби	Lvivska	Stryiskyi	49.2313	23.8153
82435	Грабовець	Lvivska	Stryiskyi	49.2489	23.7876
82436	Конюхів	Lvivska	Stryiskyi	49.2107	23.757
82438	Воля Довголуцька	Lvivska	Stryiskyi	49.1955	23.6977
82439	Гайдучина	Lvivska	Stryiskyi	49.2581	23.9733
82440	Підгірці	Lvivska	Stryiskyi	49.4426	24.1514
82441	Верчани	Lvivska	Stryiskyi	49.2618	23.9012
82442	Олексичі	Lvivska	Stryiskyi	49.2521	23.962
82443	Дашава	Lvivska	Stryiskyi	49.2605	24.0046
82445	Йосиповичі	Lvivska	Stryiskyi	49.2723	24.0287
82446	Загірне	Lvivska	Stryiskyi	49.2738	23.9805
82447	Сихів	Lvivska	Stryiskyi	49.2131	24.0307
82448	Горішнє	Lvivska	Stryiskyi	49.1375	23.7977
82449	Діброва	Lvivska	Stryiskyi	49.2879	23.8392
82450	Подорожнє	Lvivska	Stryiskyi	49.1771	24.0651
82451	Зарічне	Lvivska	Stryiskyi	49.1687	24.0938
82452	Лани-Соколівські	Lvivska	Stryiskyi	49.1761	24.0483
82453	Довголука	Lvivska	Stryiskyi	49.1826	23.6881
82454	Верхня Стинава	Lvivska	Stryiskyi	49.1645	23.6113
82455	Нижня Стинава	Lvivska	Stryiskyi	49.1364	23.6531
82456	Любинці	Lvivska	Stryiskyi	49.1495	23.6822
82457	Комарів	Lvivska	Stryiskyi	49.2732	23.9497
82458	Кути	Lvivska	Stryiskyi	49.3285	24.0006
82459	Лотатники	Lvivska	Stryiskyi	49.2248	23.9322
82460	Стрілків	Lvivska	Stryiskyi	49.2261	23.883
82461	Бережниця	Lvivska	Stryiskyi	49.2051	23.9133
82462	Слобідка	Lvivska	Stryiskyi	49.2433	23.8701
82463	Миртюки	Lvivska	Stryiskyi	49.2353	23.855
82464	Станків	Lvivska	Stryiskyi	49.1952	23.8556
82465	Братківці	Lvivska	Stryiskyi	49.2201	23.8365
82466	Довге	Lvivska	Stryiskyi	49.175	23.8649
82467	Фалиш	Lvivska	Stryiskyi	49.2042	23.8564
82468	Гірне	Lvivska	Stryiskyi	49.183	23.7378
82469	Луг	Lvivska	Stryiskyi	49.309	23.9522
82470	Жулин	Lvivska	Stryiskyi	49.1783	23.7716
82471	Семигинів	Lvivska	Stryiskyi	49.155	23.739
82472	Розгірче	Lvivska	Stryiskyi	49.1226	23.6886
82473	Монастирець	Lvivska	Stryiskyi	49.1875	23.8209
82474	Нижня Лукавиця	Lvivska	Stryiskyi	49.1736	23.814
82475	Пила	Lvivska	Stryiskyi	49.1874	23.8925
82476	Піщани	Lvivska	Stryiskyi	49.2852	23.935
82477	Райлів	Lvivska	Stryiskyi	49.2863	23.7538
82478	Смоляний	Lvivska	Stryiskyi	49.1137	23.8198
82479	Угільня	Lvivska	Stryiskyi	49.1856	23.9736
82480	Долішнє	Lvivska	Stryiskyi	49.1529	23.8172
82481	Верхня Лукавиця	Lvivska	Stryiskyi	49.1455	23.7783
82482	Моршин	Lvivska	Lvivska	49.1565	23.8723
82484	Великі Дідушичі	Lvivska	Stryiskyi	49.1583	23.9922
82485	Малі Дідушичі	Lvivska	Stryiskyi	49.1478	24.0249
82486	Лисовичі	Lvivska	Stryiskyi	49.1225	23.8948
82487	Задеревач	Lvivska	Stryiskyi	49.1367	23.9331
82488	Баня-Лисовецька	Lvivska	Stryiskyi	49.1453	23.9089
82489	Воля-Задеревацька	Lvivska	Stryiskyi	49.1421	23.9584
82490	Хромогорб	Lvivska	Stryiskyi	49.1615	23.6768
82491	Щасливе	Lvivska	Stryiskyi	49.2764	23.9961
82492	Ярушичі	Lvivska	Stryiskyi	49.241	23.9496
82493	Заплатин	Lvivska	Stryiskyi	49.2962	23.8227
82494	Колодниця	Lvivska	Stryiskyi	49.231	23.7369
82500	Турка	Lvivska	Turkivskyi	49.1541	23.0297
82504	Багнувата	Lvivska	Turkivskyi	49.1351	22.9462
82505	Беньово	Lvivska	Turkivskyi	49.1351	22.9462
82506	Бережок	Lvivska	Turkivskyi	49.24	22.8464
82507	Буковинка	Lvivska	Turkivskyi	48.9968	23.0995
82508	Верхній Турів	Lvivska	Turkivskyi	49.0647	22.9291
82509	Дністрик-Дубовий	Lvivska	Turkivskyi	49.2198	22.8263
82510	Хащів	Lvivska	Turkivskyi	49.2618	22.7839
82511	Бережок	Lvivska	Turkivskyi	49.24	22.8464
82511	Лімна	Lvivska	Turkivskyi	49.2535	22.8262
82512	Розлуч	Lvivska	Turkivskyi	49.2316	22.9781
82513	Вовче	Lvivska	Turkivskyi	49.2148	22.8936
82514	Боберка	Lvivska	Turkivskyi	49.2058	22.7936
82515	Присліп	Lvivska	Turkivskyi	49.1764	22.9473
82516	Шум'яч	Lvivska	Turkivskyi	49.1621	22.9289
82517	Закичера	Lvivska	Turkivskyi	48.9851	23.0775
82518	Заріччя	Lvivska	Turkivskyi	49.0403	23.0508
82519	Зворець	Lvivska	Turkivskyi	49.012	23.0916
82520	Ісаї	Lvivska	Turkivskyi	49.2263	23.1111
82521	Ластівка	Lvivska	Turkivskyi	49.2268	23.198
82522	Явора	Lvivska	Turkivskyi	49.2011	23.0478
82523	Ясениця	Lvivska	Turkivskyi	49.1983	23.163
82524	Зубриця	Lvivska	Turkivskyi	49.1014	23.2022
82525	Івашківці	Lvivska	Turkivskyi	48.8667	23.1333
82526	Кіндратів	Lvivska	Turkivskyi	49.1724	23.1845
82527	Коритище	Lvivska	Turkivskyi	49.1382	23.1502
82528	Кринтята	Lvivska	Turkivskyi	49.1506	23.2553
82529	Ліктів	Lvivska	Turkivskyi	49.1	23.0563
82530	Верхня Яблунька	Lvivska	Turkivskyi	49.1401	22.9173
82531	Шандровець	Lvivska	Turkivskyi	49.1703	22.8546
82532	Нижня Яблунька	Lvivska	Turkivskyi	49.1144	22.9589
82533	Нижній Турів	Lvivska	Turkivskyi	49.0856	22.9365
82534	Верхнє	Lvivska	Turkivskyi	49.0468	22.9548
82535	Нижнє	Lvivska	Turkivskyi	49.0278	22.9807
82536	Яворів	Lvivska	Turkivskyi	49.0098	22.9234
82537	Сянки	Lvivska	Turkivskyi	49.025	22.9028
82539	Лопушанка	Lvivska	Turkivskyi	49.2722	22.7706
82540	Завадівка	Lvivska	Turkivskyi	49.1435	23.0666
82541	Лосинець	Lvivska	Turkivskyi	49.1364	23.1074
82542	Мельничне	Lvivska	Turkivskyi	49.1159	23.0268
82543	Головське	Lvivska	Turkivskyi	49.151	23.2126
82544	Ільник	Lvivska	Turkivskyi	49.1023	23.0983
82545	Радич	Lvivska	Turkivskyi	49.1165	23.1266
82546	Закіпці	Lvivska	Turkivskyi	49.1067	23.0695
82547	Бориня	Lvivska	Turkivskyi	49.0665	23.015
82548	Межигір'я	Lvivska	Turkivskyi	49.1094	23.0945
82549	Риків	Lvivska	Turkivskyi	49.0461	23.1277
82550	Комарники	Lvivska	Turkivskyi	48.9774	23.0508
82551	Бітля	Lvivska	Turkivskyi	48.9667	22.9675
82552	Сигловате	Lvivska	Turkivskyi	48.9658	22.9358
82553	Карпатське	Lvivska	Turkivskyi	48.9488	22.9212
82554	Верхнє Висоцьке	Lvivska	Turkivskyi	48.9508	23.0599
82555	Либохора	Lvivska	Turkivskyi	48.9168	22.9738
82556	Мала Волосянка	Lvivska	Turkivskyi	49.2358	23.0202
82557	Нижнє Гусине	Lvivska	Turkivskyi	48.9037	23.0625
82558	Ропавське	Lvivska	Turkivskyi	49.0741	23.0677
82559	Свидник	Lvivska	Turkivskyi	49.2364	23.1733
82560	Нижнє Висоцьке	Lvivska	Turkivskyi	49.0312	23.0272
82561	Мохнате	Lvivska	Turkivskyi	48.9339	23.1343
82562	Красне	Lvivska	Turkivskyi	48.9383	23.1665
82563	Івашківці	Lvivska	Turkivskyi	48.8667	23.1333
82563	Матків	Lvivska	Turkivskyi	48.9072	23.0973
82564	Верхнє Гусине	Lvivska	Turkivskyi	48.887	23.0304
82565	Кривка	Lvivska	Turkivskyi	48.877	23.0726
82566	Жукотин	Lvivska	Turkivskyi	49.2326	22.861
82567	Стоділка	Lvivska	Turkivskyi	49.1898	23.0812
82568	Штуковець	Lvivska	Turkivskyi	49.0554	23.0339
82569	Яблунів	Lvivska	Turkivskyi	49.0388	23.0797
82570	Ясінка-Стецьова	Lvivska	Turkivskyi	49.0881	23.0218
82600	Сколе	Lvivska	Skolivskyi	49.0372	23.5135
82606	Долинівка	Lvivska	Skolivskyi	48.897	23.2225
82607	Кальне	Lvivska	Skolivskyi	48.8421	23.3339
82608	Кам'янка	Lvivska	Skolivskyi	48.9342	23.3204
82609	Криве	Lvivska	Skolivskyi	48.9607	23.2118
82610	Орів	Lvivska	Skolivskyi	49.1866	23.5346
82611	Ямельниця	Lvivska	Skolivskyi	49.1677	23.475
82612	Підгородці	Lvivska	Skolivskyi	49.1537	23.4223
82613	Верхнє Синьовидне	Lvivska	Skolivskyi	49.1031	23.591
82615	Нижнє Синьовидне	Lvivska	Skolivskyi	49.1074	23.6375
82616	Корчин	Lvivska	Skolivskyi	49.0971	23.5252
82617	Крушельниця	Lvivska	Skolivskyi	49.1055	23.4836
82618	Труханів	Lvivska	Skolivskyi	49.0521	23.6388
82619	Межиброди	Lvivska	Skolivskyi	49.1066	23.603
82620	Завадка	Lvivska	Skolivskyi	49.0128	23.1775
82621	Задільське	Lvivska	Skolivskyi	48.9838	23.1328
82622	Росохач	Lvivska	Skolivskyi	49.0027	23.2144
82623	Довжки	Lvivska	Skolivskyi	48.9918	23.1671
82624	Мита	Lvivska	Skolivskyi	48.9918	23.2362
82625	Нагірне	Lvivska	Skolivskyi	48.8877	23.2493
82626	Орявчик	Lvivska	Skolivskyi	48.9618	23.2757
82627	Побук	Lvivska	Skolivskyi	49.0795	23.6125
82628	Погар	Lvivska	Skolivskyi	48.938	23.2565
82629	Пшонець	Lvivska	Skolivskyi	48.8927	23.396
82630	Коростів	Lvivska	Skolivskyi	49.017	23.4244
82631	Козьова	Lvivska	Skolivskyi	48.9491	23.3429
82632	Тухля	Lvivska	Skolivskyi	48.9122	23.473
82633	Либохора	Lvivska	Skolivskyi	48.8952	23.5122
82634	Гребенів	Lvivska	Skolivskyi	48.9652	23.4817
82635	Риків	Lvivska	Skolivskyi	48.9022	23.3513
82636	Сухий Потік	Lvivska	Skolivskyi	48.9929	23.2575
82638	Тисовець	Lvivska	Skolivskyi	48.9806	23.2793
82639	Тишівниця	Lvivska	Skolivskyi	49.095	23.6178
82640	Орява	Lvivska	Skolivskyi	48.9259	23.2901
82641	Головецько	Lvivska	Skolivskyi	48.9701	23.3693
82642	Сможе	Lvivska	Skolivskyi	48.9065	23.1925
82643	Плав'я	Lvivska	Skolivskyi	48.9701	23.3693
82644	Тухолька	Lvivska	Skolivskyi	48.8788	23.2813
82645	Урич	Lvivska	Skolivskyi	49.1833	23.4047
82646	Хащованя	Lvivska	Skolivskyi	48.7565	23.3967
82647	Хітар	Lvivska	Skolivskyi	48.8425	23.2882
82648	Зимівки	Lvivska	Skolivskyi	49.2074	23.5543
82649	Дубина	Lvivska	Skolivskyi	49.0599	23.5466
82650	Климець	Lvivska	Skolivskyi	48.8366	23.1795
82651	Жупани	Lvivska	Skolivskyi	48.7982	23.2151
82652	Лавочне	Lvivska	Skolivskyi	48.8084	23.323
82653	Тернавка	Lvivska	Skolivskyi	48.8306	23.3911
82654	Верхнячка	Lvivska	Skolivskyi	48.7766	23.2288
82655	Опорець	Lvivska	Skolivskyi	48.7828	23.341
82656	Грабовець	Lvivska	Skolivskyi	48.8055	23.2798
82660	Славське	Lvivska	Skolivskyi	48.8473	23.4459
82662	Нижня Рожанка	Lvivska	Skolivskyi	48.806	23.5171
82663	Волосянка	Lvivska	Skolivskyi	48.777	23.4274
82664	Ялинкувате	Lvivska	Skolivskyi	48.7535	23.4582
82665	Верхня Рожанка	Lvivska	Skolivskyi	48.7805	23.5154
82666	Сопіт	Lvivska	Skolivskyi	49.1501	23.3865
54001	Миколаїв	Mykolaivska	Mykolaivska	46.9659	31.9974
54003	Миколаїв	Mykolaivska	Mykolaivska	46.9659	31.9974
54007	Миколаїв	Mykolaivska	Mykolaivska	46.9659	31.9974
54017	Миколаїв	Mykolaivska	Mykolaivska	46.9659	31.9974
54018	Миколаїв	Mykolaivska	Mykolaivska	46.9659	31.9974
54020	Миколаїв	Mykolaivska	Mykolaivska	46.9659	31.9974
54022	Миколаїв	Mykolaivska	Mykolaivska	46.9659	31.9974
54025	Миколаїв	Mykolaivska	Mykolaivska	46.9659	31.9974
54028	Миколаїв	Mykolaivska	Mykolaivska	46.9659	31.9974
54029	Миколаїв	Mykolaivska	Mykolaivska	46.9659	31.9974
54030	Миколаїв	Mykolaivska	Mykolaivska	46.9659	31.9974
54031	Миколаїв	Mykolaivska	Mykolaivska	46.9659	31.9974
54034	Миколаїв	Mykolaivska	Mykolaivska	46.9659	31.9974
54036	Миколаїв	Mykolaivska	Mykolaivska	46.9659	31.9974
54037	Миколаїв	Mykolaivska	Mykolaivska	46.9659	31.9974
54038	Миколаїв	Mykolaivska	Mykolaivska	46.9659	31.9974
54039	Миколаїв	Mykolaivska	Mykolaivska	46.9659	31.9974
54046	Миколаїв	Mykolaivska	Mykolaivska	46.9659	31.9974
54048	Миколаїв	Mykolaivska	Mykolaivska	46.9659	31.9974
54049	Миколаїв	Mykolaivska	Mykolaivska	46.9659	31.9974
54050	Миколаїв	Mykolaivska	Mykolaivska	46.9659	31.9974
54051	Миколаїв	Mykolaivska	Mykolaivska	46.9659	31.9974
54052	Миколаїв	Mykolaivska	Mykolaivska	46.9659	31.9974
54055	Миколаїв	Mykolaivska	Mykolaivska	46.9659	31.9974
54056	Миколаїв	Mykolaivska	Mykolaivska	46.9659	31.9974
54057	Миколаїв	Mykolaivska	Mykolaivska	46.9659	31.9974
54058	Миколаїв	Mykolaivska	Mykolaivska	46.9659	31.9974
54059	Миколаїв	Mykolaivska	Mykolaivska	46.9659	31.9974
55001	Южноукраїнськ	Mykolaivska	Yuzhnoukrainsk	47.8178	31.1826
55002	Южноукраїнськ	Mykolaivska	Yuzhnoukrainsk	47.8178	31.1826
55101	Криве Озеро	Mykolaivska	Kryvoozerskyi	47.9524	30.3493
55104	Криве Озеро	Mykolaivska	Kryvoozerskyi	47.9524	30.3493
55105	Криве Озеро Друге (Кривоозерська)	Mykolaivska	Kryvoozerskyi	47.9524	30.3493
55109	Михалкове (Мазурівська)	Mykolaivska	Kryvoozerskyi	47.9524	30.3493
55110	Мазурове	Mykolaivska	Kryvoozerskyi	47.9965	30.2937
55111	Очеретня	Mykolaivska	Kryvoozerskyi	47.9965	30.2937
55112	Семенівка (Кривоозерська)	Mykolaivska	Kryvoozerskyi	47.9965	30.2937
55113	Луканівка	Mykolaivska	Kryvoozerskyi	47.9965	30.2937
55114	Берізки	Mykolaivska	Kryvoozerskyi	47.9965	30.2937
55115	Іванівка (Великомечетнянська)	Mykolaivska	Kryvoozerskyi	47.9965	30.2937
55116	Климівка (Багачівська)	Mykolaivska	Kryvoozerskyi	47.9965	30.2937
55117	Мала Багачівка (Багачівська)	Mykolaivska	Kryvoozerskyi	47.9965	30.2937
55118	Миколаївка (Багачівська)	Mykolaivska	Kryvoozerskyi	47.9965	30.2937
55119	Купріянівка (Великомечетнянська)	Mykolaivska	Kryvoozerskyi	47.9965	30.2937
55120	Курячі Лози	Mykolaivska	Kryvoozerskyi	47.9462	30.1585
55121	Красненьке	Mykolaivska	Kryvoozerskyi	47.9462	30.1585
55122	Мала Мечетня	Mykolaivska	Kryvoozerskyi	47.9462	30.1585
55123	Голоскове (Ониськівська)	Mykolaivska	Kryvoozerskyi	47.9462	30.1585
55124	Ониськове	Mykolaivska	Kryvoozerskyi	47.9462	30.1585
55125	Сорочинка (Тридубівська)	Mykolaivska	Kryvoozerskyi	47.9462	30.1585
55130	Велика Мечетня	Mykolaivska	Kryvoozerskyi	47.9462	30.1585
55131	Тернувате (Великомечетнянська)	Mykolaivska	Kryvoozerskyi	47.9462	30.1585
55132	Токарівка (Великомечетнянська)	Mykolaivska	Kryvoozerskyi	47.9462	30.1585
55140	Тридуби	Mykolaivska	Kryvoozerskyi	48.0523	30.5238
55142	Секретарка	Mykolaivska	Kryvoozerskyi	48.0523	30.5238
55150	Бурилове	Mykolaivska	Kryvoozerskyi	47.7771	29.2764
55151	Гойдаї	Mykolaivska	Kryvoozerskyi	47.7771	29.2764
55152	Багачівка (Богачівська)	Mykolaivska	Kryvoozerskyi	47.7771	29.2764
55200	Первомайськ	Mykolaivska	Pervomaiskyi	48.0443	30.8507
55201	Первомайськ	Mykolaivska	Pervomaiskyi	48.0443	30.8507
55202	Первомайськ	Mykolaivska	Pervomaiskyi	48.0443	30.8507
55204	Первомайськ	Mykolaivska	Pervomaiskyi	48.0443	30.8507
55207	Первомайськ	Mykolaivska	Pervomaiskyi	48.0443	30.8507
55209	Первомайськ	Mykolaivska	Pervomaiskyi	48.0443	30.8507
55210	Первомайськ	Mykolaivska	Pervomaiskyi	48.0443	30.8507
55211	Первомайськ	Mykolaivska	Pervomaiskyi	48.0443	30.8507
55212	Первомайськ	Mykolaivska	Pervomaiskyi	48.0443	30.8507
55213	Первомайськ	Mykolaivska	Pervomaiskyi	48.0443	30.8507
55214	Первомайськ	Mykolaivska	Pervomaiskyi	48.0443	30.8507
55220	Болеславчик	Mykolaivska	Pervomaiskyi	48.0721	30.9205
55221	Станіславчик (Болеславчицька)	Mykolaivska	Pervomaiskyi	48.0721	30.9205
55222	Підгородна	Mykolaivska	Pervomaiskyi	48.107	30.8895
55223	Мигія	Mykolaivska	Pervomaiskyi	48.0372	30.9515
55224	Вербова Балка (Підгороднянська)	Mykolaivska	Pervomaiskyi	48.0721	30.9205
55225	Грушівка	Mykolaivska	Pervomaiskyi	48.0721	30.9205
55227	Гаївське (Мигіївська)	Mykolaivska	Pervomaiskyi	48.0721	30.9205
55228	Куріпчине (Мигіївська)	Mykolaivska	Pervomaiskyi	48.0721	30.9205
55230	Кінецьпіль	Mykolaivska	Pervomaiskyi	48.0128	31.3806
55231	Кам'яний Міст (Кодимська)	Mykolaivska	Pervomaiskyi	48.0128	31.3806
55232	Кам'яний Міст (Кам'яномостівська)	Mykolaivska	Pervomaiskyi	48.0128	31.3806
55233	Кам'яна Балка	Mykolaivska	Pervomaiskyi	48.0128	31.3806
55234	Чаусове	Mykolaivska	Pervomaiskyi	48.0128	31.3806
55235	Чаусове Друге (Ленінська)	Mykolaivska	Pervomaiskyi	48.0128	31.3806
55236	Підгір'я	Mykolaivska	Pervomaiskyi	48.0128	31.3806
55237	Мічуріне (Підгір’ївська)	Mykolaivska	Pervomaiskyi	48.0128	31.3806
55239	Новоолександрівка (Тарасівська)	Mykolaivska	Pervomaiskyi	48.0128	31.3806
55240	Довга Пристань	Mykolaivska	Pervomaiskyi	48.0204	31.8688
55241	Брід (Довгопристанська)	Mykolaivska	Pervomaiskyi	48.0204	31.8688
55242	Лукашівка	Mykolaivska	Pervomaiskyi	48.0204	31.8688
55243	Синюхин Брід	Mykolaivska	Pervomaiskyi	48.1439	30.8178
55244	Тарасівка	Mykolaivska	Pervomaiskyi	47.8968	32.9199
55245	Єрмолаївка (Лукашівська)	Mykolaivska	Pervomaiskyi	48.0204	31.8688
55246	Бандурка (Софіївська с/р)	Mykolaivska	Pervomaiskyi	48.0204	31.8688
55247	Бандурка (Тарасівська с/р)	Mykolaivska	Pervomaiskyi	48.0204	31.8688
55248	Зелена Левада (Довгопристанська)	Mykolaivska	Pervomaiskyi	48.0204	31.8688
55249	Лозуватка (Тарасівська)	Mykolaivska	Pervomaiskyi	48.0204	31.8688
55250	Лиса Гора	Mykolaivska	Pervomaiskyi	48.1706	31.1099
55251	Богословка (Софіївська)	Mykolaivska	Pervomaiskyi	48.1096	32.4931
55252	Новопавлівка (Лисогірська)	Mykolaivska	Pervomaiskyi	48.1096	32.4931
55253	Софіївка	Mykolaivska	Pervomaiskyi	48.0487	33.8762
55254	Світоч (Тарасівська)	Mykolaivska	Pervomaiskyi	48.1096	32.4931
55255	Шевченко (Тарасівська)	Mykolaivska	Pervomaiskyi	48.1096	32.4931
55260	Кумарі	Mykolaivska	Pervomaiskyi	47.4099	33.6107
55261	Кримка	Mykolaivska	Pervomaiskyi	46.9404	36.4659
55262	Коломіївка (Кримківська)	Mykolaivska	Pervomaiskyi	47.4099	33.6107
55263	Катеринка (Кам'яномостівська)	Mykolaivska	Pervomaiskyi	47.4099	33.6107
55264	Полтавка	Mykolaivska	Pervomaiskyi	47.8795	30.7556
55265	Новоандріївка (Полтавська)	Mykolaivska	Pervomaiskyi	47.4099	33.6107
55266	Петрівка (Кам'яномостівська)	Mykolaivska	Pervomaiskyi	47.4099	33.6107
55267	Старі Кошари (Полтавська)	Mykolaivska	Pervomaiskyi	47.4099	33.6107
55269	Соколівка (Романово-Балківська)	Mykolaivska	Pervomaiskyi	47.4099	33.6107
55270	Романова Балка	Mykolaivska	Pervomaiskyi	47.9283	31.0142
55271	Генівка (Романово-Балківська)	Mykolaivska	Pervomaiskyi	48.2946	30.6588
55272	Іванівка (Романово-Балківська)	Mykolaivska	Pervomaiskyi	48.2946	30.6588
55273	Львів (Романово-Балківська)	Mykolaivska	Pervomaiskyi	48.2946	30.6588
55274	Степківка	Mykolaivska	Pervomaiskyi	48.6608	30.3034
55275	Зоряне (Степківська)	Mykolaivska	Pervomaiskyi	48.2946	30.6588
55276	Зелені Кошари (Степківська)	Mykolaivska	Pervomaiskyi	48.2946	30.6588
55277	Садибне (Степківська)	Mykolaivska	Pervomaiskyi	48.2946	30.6588
55278	Степове (Степківська)	Mykolaivska	Pervomaiskyi	48.2946	30.6588
55301	Арбузинка	Mykolaivska	Arbuzynskyi	47.9097	31.3196
55310	Кавуни (Кавунівська)	Mykolaivska	Arbuzynskyi	47.9097	31.3196
55311	Полянка (Арбузинська)	Mykolaivska	Arbuzynskyi	47.9097	31.3196
55312	Садове (Садівська)	Mykolaivska	Arbuzynskyi	47.9097	31.3196
55313	Булацелове (Семенівська)	Mykolaivska	Arbuzynskyi	47.9097	31.3196
55314	Виноградний Яр (Садівська)	Mykolaivska	Arbuzynskyi	47.9097	31.3196
55315	Зелена Поляна (Садівська)	Mykolaivska	Arbuzynskyi	47.9097	31.3196
55316	Костянтинівка (Новоселівська с/р)	Mykolaivska	Arbuzynskyi	47.9097	31.3196
55317	Новий Ставок (Агрономійська)	Mykolaivska	Arbuzynskyi	47.9097	31.3196
55318	Новомихайлівка (Садівська)	Mykolaivska	Arbuzynskyi	47.9097	31.3196
55319	Колос Добра (Новоселівська)	Mykolaivska	Arbuzynskyi	47.9097	31.3196
55320	Воєводське (Воєводська)	Mykolaivska	Arbuzynskyi	47.9097	31.3196
55321	Новогригорівка (Новогригорівська)	Mykolaivska	Arbuzynskyi	47.9097	31.3196
55322	Рябоконеве (Рябоконівська)	Mykolaivska	Arbuzynskyi	47.9097	31.3196
55323	Новокрасне (Новокрасненська)	Mykolaivska	Arbuzynskyi	47.9097	31.3196
55324	Любоіванівка (Любоіванівська)	Mykolaivska	Arbuzynskyi	47.9097	31.3196
55325	Благодатне (Благодатненська)	Mykolaivska	Arbuzynskyi	47.9097	31.3196
55326	Остапівка (Семенівська)	Mykolaivska	Arbuzynskyi	47.9097	31.3196
55327	Вишневе (Арбузинська)	Mykolaivska	Arbuzynskyi	47.9097	31.3196
55329	Шкуратове (Новоселівська)	Mykolaivska	Arbuzynskyi	47.9097	31.3196
55330	Семенівка (Семенівська)	Mykolaivska	Arbuzynskyi	47.9097	31.3196
55332	Іванівка (Іванівська)	Mykolaivska	Arbuzynskyi	47.9097	31.3196
55333	Панкратове (Іванівська)	Mykolaivska	Arbuzynskyi	47.9097	31.3196
55340	Костянтинівка (Костянтинівська с/р)	Mykolaivska	Arbuzynskyi	47.9097	31.3196
55347	Бузьке (Констянтинівська)	Mykolaivska	Arbuzynskyi	47.9097	31.3196
55350	Новоселівка (Новоселівська)	Mykolaivska	Arbuzynskyi	47.9097	31.3196
55351	Воля (Новоселівська)	Mykolaivska	Arbuzynskyi	47.9097	31.3196
55352	Мар'янівка (Новоселівська)	Mykolaivska	Arbuzynskyi	47.9097	31.3196
55353	Агрономія (Агрономійська)	Mykolaivska	Arbuzynskyi	47.9097	31.3196
55401	Братське (Братська)	Mykolaivska	Bratskyi	47.8621	31.4887
55410	Антонове (Братська)	Mykolaivska	Bratskyi	47.8621	31.4887
55411	Кам'януватка (Братська)	Mykolaivska	Bratskyi	47.8621	31.4887
55412	Антонопіль (Кривопустоська)	Mykolaivska	Bratskyi	47.8621	31.4887
55413	Веселий Роздол (Шевченківська)	Mykolaivska	Bratskyi	47.8621	31.4887
55414	Висока Гора (Братська)	Mykolaivska	Bratskyi	47.8621	31.4887
55415	Вікторівка (Шевченківська)	Mykolaivska	Bratskyi	47.8621	31.4887
55416	Воронине (Ганнівська)	Mykolaivska	Bratskyi	47.8621	31.4887
55417	Дарниця (Ганнівська)	Mykolaivska	Bratskyi	47.8621	31.4887
55418	Єгорівка (Миколаївська)	Mykolaivska	Bratskyi	47.8621	31.4887
55419	Єлизаветівка (Ганнівська)	Mykolaivska	Bratskyi	47.8621	31.4887
55420	Григорівка (Григорівська)	Mykolaivska	Bratskyi	47.8621	31.4887
55421	Зелений Яр (Братська)	Mykolaivska	Bratskyi	47.8621	31.4887
55422	Кам'янопіль (Кам'яно-Костуватська)	Mykolaivska	Bratskyi	47.8621	31.4887
55423	Людмилівка (Григорівська)	Mykolaivska	Bratskyi	47.8621	31.4887
55424	Новомар'ївка (Новомар’ївська)	Mykolaivska	Bratskyi	47.8621	31.4887
55425	Обухівка (Новомар’ївська)	Mykolaivska	Bratskyi	47.8621	31.4887
55426	Антонівка (Григорівська)	Mykolaivska	Bratskyi	47.8621	31.4887
55427	Красноярка (Миколаївська)	Mykolaivska	Bratskyi	47.8621	31.4887
55428	Кудрявське (Кривопустоська)	Mykolaivska	Bratskyi	47.8621	31.4887
55429	Лісове (Миролюбивська)	Mykolaivska	Bratskyi	47.8621	31.4887
55430	Ганнівка (Ганнівська)	Mykolaivska	Bratskyi	47.8621	31.4887
55431	Макарове (Улянівська)	Mykolaivska	Bratskyi	47.8621	31.4887
55432	Мостове (Ганнівська)	Mykolaivska	Bratskyi	47.8621	31.4887
55433	Мирне (Новоолександрівська)	Mykolaivska	Bratskyi	47.8621	31.4887
55434	Костувате (Костуватське)	Mykolaivska	Bratskyi	47.8621	31.4887
55435	Михайлівка (Сергіївська)	Mykolaivska	Bratskyi	47.8621	31.4887
55436	Михайло-Жукове (Григорівська)	Mykolaivska	Bratskyi	47.8621	31.4887
55437	Надеждівка (Новокостянтинівська)	Mykolaivska	Bratskyi	47.8621	31.4887
55438	Новоолексіївка (Братська)	Mykolaivska	Bratskyi	47.8621	31.4887
55439	Новопетрівка (Новокостянтинівська)	Mykolaivska	Bratskyi	47.8621	31.4887
55440	Сергіївка (Сергіївська)	Mykolaivska	Bratskyi	47.8621	31.4887
55441	Новофедорівка (Ганнівська)	Mykolaivska	Bratskyi	47.8621	31.4887
55442	Кам'яно-Костувате (Камяно-Костуватська)	Mykolaivska	Bratskyi	47.8621	31.4887
55443	Озеринівка (Братська)	Mykolaivska	Bratskyi	47.8621	31.4887
55444	Миролюбівка (Миролюбівська)	Mykolaivska	Bratskyi	47.8621	31.4887
55445	Орлове Поле (Григорівська)	Mykolaivska	Bratskyi	47.8621	31.4887
55446	П'ятихатки (Кам'яно-Костуватська)	Mykolaivska	Bratskyi	47.8621	31.4887
55447	Павлодарівка (Миколаївська)	Mykolaivska	Bratskyi	47.8621	31.4887
55448	Петрівка Друга (Костуватська)	Mykolaivska	Bratskyi	47.8621	31.4887
55449	Петрівка Перша (Костуватська)	Mykolaivska	Bratskyi	47.8621	31.4887
55450	Крива Пустош (Кривопустоська)	Mykolaivska	Bratskyi	47.8621	31.4887
55451	Прищепівка (Кам'яно-Костуватська)	Mykolaivska	Bratskyi	47.8621	31.4887
55452	Улянівка (Улянівська)	Mykolaivska	Bratskyi	47.8621	31.4887
55453	Соколівка (Улянівська)	Mykolaivska	Bratskyi	47.8621	31.4887
55454	Сергіївське (Сергіївська)	Mykolaivska	Bratskyi	47.8621	31.4887
55455	Тимофіївка (Григорівська)	Mykolaivska	Bratskyi	47.8621	31.4887
55456	Трудолюбівка (Новокостянтинівська)	Mykolaivska	Bratskyi	47.8621	31.4887
55457	Українець (Петропавлівська)	Mykolaivska	Bratskyi	47.8621	31.4887
55458	Цибульки (Ганнівська)	Mykolaivska	Bratskyi	47.8621	31.4887
55459	Степове (Григорівська)	Mykolaivska	Bratskyi	47.8621	31.4887
55460	Миколаївка (Миколаївська)	Mykolaivska	Bratskyi	47.8621	31.4887
55461	Юр'ївка (Миролюбивська)	Mykolaivska	Bratskyi	47.8621	31.4887
55462	Петропавлівка (Петропавлівська)	Mykolaivska	Bratskyi	47.8621	31.4887
55463	Ясна Поляна (Шевченківська)	Mykolaivska	Bratskyi	47.8621	31.4887
55470	Шевченко (Шевченківська)	Mykolaivska	Bratskyi	47.8621	31.4887
55472	Іванівка (Іллічівка)	Mykolaivska	Bratskyi	47.8621	31.4887
55480	Новоолександрівка (Новоолександрівська)	Mykolaivska	Bratskyi	47.8621	31.4887
55482	Новокостянтинівка (Новокостянтинівська)	Mykolaivska	Bratskyi	47.8621	31.4887
55485	Микільське (Іллічівська)	Mykolaivska	Bratskyi	47.8621	31.4887
55501	Єланець (Єланецька)	Mykolaivska	Yelanetskyi	47.8621	31.4887
55508	Братолюбівка (Єланецька)	Mykolaivska	Yelanetskyi	47.8621	31.4887
55510	Ясногородка (Ясногородська)	Mykolaivska	Yelanetskyi	47.8621	31.4887
55511	Богодарівка (Маложенівська)	Mykolaivska	Yelanetskyi	47.8621	31.4887
55512	Бугорок (Ясногородська)	Mykolaivska	Yelanetskyi	47.8621	31.4887
55513	Крутоярка (Ясногородська)	Mykolaivska	Yelanetskyi	47.8621	31.4887
55514	Велідарівка (Єланецька)	Mykolaivska	Yelanetskyi	47.8621	31.4887
55515	Веселий Поділ (Маложенівська)	Mykolaivska	Yelanetskyi	47.8621	31.4887
55516	Водяне (Калинівська)	Mykolaivska	Yelanetskyi	47.8621	31.4887
55517	Гражданка (Ясногородська)	Mykolaivska	Yelanetskyi	47.8621	31.4887
55518	Григорівка (Великосербулівська)	Mykolaivska	Yelanetskyi	47.8621	31.4887
55519	Дружелюбівка (Малоукраїнська)	Mykolaivska	Yelanetskyi	47.8621	31.4887
55520	Нововасилівка (Нововасилівська)	Mykolaivska	Yelanetskyi	47.8621	31.4887
55521	Іванівка (Нововасилівська)	Mykolaivska	Yelanetskyi	47.8621	31.4887
55522	Кам'янка (Маложенівська)	Mykolaivska	Yelanetskyi	47.8621	31.4887
55523	Малодворянка (Малодворянська)	Mykolaivska	Yelanetskyi	47.8621	31.4887
55524	Ковалівка (Возсіятська)	Mykolaivska	Yelanetskyi	47.8621	31.4887
55525	Ольгопіль (Ольгопільська)	Mykolaivska	Yelanetskyi	47.8621	31.4887
55527	Михайлівка (Ясногородська)	Mykolaivska	Yelanetskyi	47.8621	31.4887
55529	Новоявленка (Ясногородська)	Mykolaivska	Yelanetskyi	47.8621	31.4887
55530	Великосербулівка (Великосербулівська)	Mykolaivska	Yelanetskyi	47.8621	31.4887
55531	Півні (Ясногородська)	Mykolaivska	Yelanetskyi	47.8621	31.4887
55533	Нововолодимирівка (Великосербулівська)	Mykolaivska	Yelanetskyi	47.8621	31.4887
55534	Велика Солона (Куйбишевська)	Mykolaivska	Yelanetskyi	47.8621	31.4887
55535	Приют (Малодворянська)	Mykolaivska	Yelanetskyi	47.8621	31.4887
55536	Семенівка (Водяно-Лоринська)	Mykolaivska	Yelanetskyi	47.8621	31.4887
55537	Уральське (Калинівська)	Mykolaivska	Yelanetskyi	47.8621	31.4887
55538	Федоро-Михайлівка (Нововасилівська)	Mykolaivska	Yelanetskyi	47.8621	31.4887
55540	Малоукраїнка (Малоукраїнська)	Mykolaivska	Yelanetskyi	47.8621	31.4887
55542	Возсіятське (Возсіятська)	Mykolaivska	Yelanetskyi	47.8621	31.4887
55550	Маложенівка (Маложенівська)	Mykolaivska	Yelanetskyi	47.8621	31.4887
55553	Калинівка (Калинивська)	Mykolaivska	Yelanetskyi	47.8621	31.4887
55555	Новоолександрівка (Калинівська)	Mykolaivska	Yelanetskyi	47.8621	31.4887
55560	Водяно-Лорине (Водяно-Лоринська)	Mykolaivska	Yelanetskyi	47.8621	31.4887
55601	Новий Буг	Mykolaivska	Novobuzkyi	47.6931	32.5216
55602	Новий Буг	Mykolaivska	Novobuzkyi	47.6931	32.5216
55611	Станційне (Новобузька)	Mykolaivska	Novobuzkyi	47.4381	32.688
55612	Анастасівка (Новомихайлівська)	Mykolaivska	Novobuzkyi	47.4381	32.688
55613	Антонівка (Баратівська)	Mykolaivska	Novobuzkyi	47.4381	32.688
55614	Розанівка	Mykolaivska	Novobuzkyi	47.4381	32.688
55615	Богомази (Шевченківська)	Mykolaivska	Novobuzkyi	47.4381	32.688
55616	Веселий Поділ (Березнегуватська с/р)	Mykolaivska	Novobuzkyi	47.4381	32.688
55617	Веселий Поділ (Новомиколаївська)	Mykolaivska	Novobuzkyi	47.4381	32.688
55618	Вівсянівка (Баратівська)	Mykolaivska	Novobuzkyi	47.4381	32.688
55619	Володимирівка (Софіївська)	Mykolaivska	Novobuzkyi	47.4381	32.688
55620	Березнегуватське	Mykolaivska	Novobuzkyi	47.4381	32.688
55621	Володимиро-Павлівка (Софіївська)	Mykolaivska	Novobuzkyi	47.4381	32.688
55622	Пелагіївка (Кам'янська)	Mykolaivska	Novobuzkyi	47.4381	32.688
55622	Новогригорівка (Кам'янська)	Mykolaivska	Novobuzkyi	47.4381	32.688
55622	Миролюбівка (Кам'янська)	Mykolaivska	Novobuzkyi	47.4381	32.688
55622	Новорозанівка (Кам'янська)	Mykolaivska	Novobuzkyi	47.4381	32.688
55622	Кам'яне	Mykolaivska	Novobuzkyi	47.4381	32.688
55623	Григорівка (Новомихайлівська)	Mykolaivska	Novobuzkyi	47.4381	32.688
55624	Діброва (Вільнозапорізька)	Mykolaivska	Novobuzkyi	47.4381	32.688
55625	Новодмитрівка (Новомихайлівська)	Mykolaivska	Novobuzkyi	47.4381	32.688
55626	Добра Воля (Новобузька)	Mykolaivska	Novobuzkyi	47.4381	32.688
55627	Степове (Вільнозапорізька сільська рада)	Mykolaivska	Novobuzkyi	47.4381	32.688
55628	Загальна Користь (Новобузька)	Mykolaivska	Novobuzkyi	47.4381	32.688
55629	Лоцкине (Новохристофорівська)	Mykolaivska	Novobuzkyi	47.4381	32.688
55630	Новомиколаївка	Mykolaivska	Novobuzkyi	46.9678	32.3616
55631	Майське (Новомиколаївська)	Mykolaivska	Novobuzkyi	47.3201	33.0057
55632	Софіївка	Mykolaivska	Novobuzkyi	48.0487	33.8762
55633	Улянівка (Софіївська)	Mykolaivska	Novobuzkyi	47.3201	33.0057
55634	Баратівка	Mykolaivska	Novobuzkyi	46.9437	32.7794
55636	Майорівка (Баратівська)	Mykolaivska	Novobuzkyi	47.3201	33.0057
55637	Ганнівка (Баратівська)	Mykolaivska	Novobuzkyi	47.3201	33.0057
55638	Мала Ганнівка (Баратівська)	Mykolaivska	Novobuzkyi	47.3201	33.0057
55639	Новоантонівка (Розанівська)	Mykolaivska	Novobuzkyi	47.3201	33.0057
55640	Новоюр'ївка	Mykolaivska	Novobuzkyi	47.3862	32.4813
55641	"Максимівка (Новоюр""ївська)"	Mykolaivska	Novobuzkyi	47.3862	32.4813
55642	Новополтавка	Mykolaivska	Novobuzkyi	47.5501	32.5029
55643	Єфремівка (Новополтавська)	Mykolaivska	Novobuzkyi	47.3862	32.4813
55644	Шевченкове	Mykolaivska	Novobuzkyi	46.8629	32.2039
55646	"Новокостянтинівка (Новоюр""ївська)"	Mykolaivska	Novobuzkyi	47.3862	32.4813
55647	Новомихайлівка	Mykolaivska	Novobuzkyi	47.7456	32.7372
55648	Новопетрівка (Баратівська)	Mykolaivska	Novobuzkyi	47.3862	32.4813
55649	Нововасилівка (Вільнозапорізька)	Mykolaivska	Novobuzkyi	47.3862	32.4813
55650	Вільне Запоріжжя	Mykolaivska	Novobuzkyi	47.4381	32.688
55651	Новоданилівка (Вільнозапорізька)	Mykolaivska	Novobuzkyi	47.4381	32.688
55653	Новоселівка (Вільнозапорізька)	Mykolaivska	Novobuzkyi	47.4381	32.688
55654	Новохристофорівка	Mykolaivska	Novobuzkyi	47.4381	32.688
55655	Новосілля (Новобузька)	Mykolaivska	Novobuzkyi	47.4381	32.688
55656	Павлівка (Новомиколаївська)	Mykolaivska	Novobuzkyi	47.4381	32.688
55657	Пархомівка (Новохристофорівська)	Mykolaivska	Novobuzkyi	47.4381	32.688
55659	Петрівка (Новобузька)	Mykolaivska	Novobuzkyi	47.4381	32.688
55660	Показне (Вільнозапорізька)	Mykolaivska	Novobuzkyi	47.4381	32.688
55661	Полтавка (Новополтавська)	Mykolaivska	Novobuzkyi	47.4381	32.688
55662	Привільнянське (Новомиколаївська)	Mykolaivska	Novobuzkyi	47.4381	32.688
55663	"Білоцерківка (Новоюр""ївська)"	Mykolaivska	Novobuzkyi	47.4381	32.688
55664	Симонівка (Вільнозапорізька)	Mykolaivska	Novobuzkyi	47.4381	32.688
55665	Трояни (Новополтавська)	Mykolaivska	Novobuzkyi	47.4381	32.688
55666	Чернігівка (Новохристофорівська)	Mykolaivska	Novobuzkyi	47.4381	32.688
55667	Щасливе (Софіївська)	Mykolaivska	Novobuzkyi	47.4381	32.688
56001	Казанка (Веселобалківська)	Mykolaivska	Kazankivskyi	47.2695	32.5349
56002	Казанка (Казанківська)	Mykolaivska	Kazankivskyi	47.2695	32.5349
56003	Нововолодимирівка (Михайлівська)	Mykolaivska	Kazankivskyi	47.2695	32.5349
56005	Андріївка (Великоолександрівська)	Mykolaivska	Kazankivskyi	47.2695	32.5349
56006	Бурячки (Лагодівська)	Mykolaivska	Kazankivskyi	47.2695	32.5349
56007	Великофедорівка (Каширівська)	Mykolaivska	Kazankivskyi	47.2695	32.5349
56008	Вербове (Миколо-Гулаківська)	Mykolaivska	Kazankivskyi	47.2695	32.5349
56009	Миколаївка (Миколаївська)	Mykolaivska	Kazankivskyi	47.2695	32.5349
56010	Каширівка (Каширівська)	Mykolaivska	Kazankivskyi	47.2695	32.5349
56011	Веселий Кут (Скобелевська)	Mykolaivska	Kazankivskyi	47.2695	32.5349
56012	Висунь (Каширівська)	Mykolaivska	Kazankivskyi	47.2695	32.5349
56013	Волна (Олександрівська)	Mykolaivska	Kazankivskyi	47.2695	32.5349
56014	Воля (Скобелевська)	Mykolaivska	Kazankivskyi	47.2695	32.5349
56015	Дмитро-Білівка (Дмитро-Білівська)	Mykolaivska	Kazankivskyi	47.2695	32.5349
56016	Добровільське (Великоолександрівська)	Mykolaivska	Kazankivskyi	47.2695	32.5349
56017	Зоря (Олександрівська)	Mykolaivska	Kazankivskyi	47.2695	32.5349
56018	Козлівка (Михайлівська)	Mykolaivska	Kazankivskyi	47.2695	32.5349
56019	Копані (Новолазарівька)	Mykolaivska	Kazankivskyi	47.2695	32.5349
56020	Білівка (Дмитро-Білівська)	Mykolaivska	Kazankivskyi	47.2695	32.5349
56021	Дмитрівка (Дмитрівська)	Mykolaivska	Kazankivskyi	47.2695	32.5349
56022	Новоданилівка (Новоданилівська)	Mykolaivska	Kazankivskyi	47.2695	32.5349
56023	Миколо-Гулак (Миколо-Гулаківська)	Mykolaivska	Kazankivskyi	47.2695	32.5349
56024	Кротівка (Михайлівська)	Mykolaivska	Kazankivskyi	47.2695	32.5349
56025	Лазарівка (Казанківська)	Mykolaivska	Kazankivskyi	47.2695	32.5349
56026	Лісове (Володимирівська)	Mykolaivska	Kazankivskyi	47.2695	32.5349
56027	Лагодівка (Лагодівська)	Mykolaivska	Kazankivskyi	47.2695	32.5349
56028	Лозове (Троїцько-Сафонівська)	Mykolaivska	Kazankivskyi	47.2695	32.5349
56029	Любомирівка (Веселобалківська)	Mykolaivska	Kazankivskyi	47.2695	32.5349
56030	Весела Балка (Веселобалківська)	Mykolaivska	Kazankivskyi	47.2695	32.5349
56031	Малофедорівка (Каширівська)	Mykolaivska	Kazankivskyi	47.2695	32.5349
56032	Нове (Новофедорівська)	Mykolaivska	Kazankivskyi	47.2695	32.5349
56033	Мар'янівка (Лагодівська)	Mykolaivska	Kazankivskyi	47.2695	32.5349
56034	Матроно-Василівка (Олександрівська)	Mykolaivska	Kazankivskyi	47.2695	32.5349
56036	Михайлівка (Михайлівська)	Mykolaivska	Kazankivskyi	47.2695	32.5349
56037	Гранітне (Новоданилівська)	Mykolaivska	Kazankivskyi	47.2695	32.5349
56038	Неудачне (Каширівська)	Mykolaivska	Kazankivskyi	47.2695	32.5349
56039	Нова Висунь (Дмитро-Білівська)	Mykolaivska	Kazankivskyi	47.2695	32.5349
56040	Великоолександрівка (Великоолександрівська)	Mykolaivska	Kazankivskyi	47.2695	32.5349
56041	Новоблакитне (Олександрівська)	Mykolaivska	Kazankivskyi	47.2695	32.5349
56042	Новолазарівка (Новолазарівська)	Mykolaivska	Kazankivskyi	47.2695	32.5349
56043	Нововасилівка (Дмитрівська)	Mykolaivska	Kazankivskyi	47.2695	32.5349
56044	Новогригорівка (Новофедорівська)	Mykolaivska	Kazankivskyi	47.2695	32.5349
56045	Новоданилівка (Дмитро-Білівська сільська рада)	Mykolaivska	Kazankivskyi	47.2695	32.5349
56046	Новоолександрівка (Веселобалківська)	Mykolaivska	Kazankivskyi	47.2695	32.5349
56047	Новосілля (Володимирівська)	Mykolaivska	Kazankivskyi	47.2695	32.5349
56048	Новоскелюватка (Каширівська)	Mykolaivska	Kazankivskyi	47.2695	32.5349
56049	Новоукраїнка (Дмитро-Білівська)	Mykolaivska	Kazankivskyi	47.2695	32.5349
56050	ТроЇцько-Сафонове	Mykolaivska	Kazankivskyi	47.6761	32.866
56051	Новофедорівка (Новофедорівська)	Mykolaivska	Kazankivskyi	47.2695	32.5349
56052	Шевченкове	Mykolaivska	Kazankivskyi	46.8629	32.2039
56053	"Новочудневе (Червонознам""янська)"	Mykolaivska	Kazankivskyi	47.2695	32.5349
56054	Скобелеве (Скобелевська)	Mykolaivska	Kazankivskyi	47.2695	32.5349
56055	Павлівка (Троїцько-Сафонівська)	Mykolaivska	Kazankivskyi	47.2695	32.5349
56056	"Панасівка (Червонознам""янська)"	Mykolaivska	Kazankivskyi	47.2695	32.5349
56057	Петрово-Висуньське (Лагодівська)	Mykolaivska	Kazankivskyi	47.2695	32.5349
56058	Пищевиця (Веселобалківська)	Mykolaivska	Kazankivskyi	47.2695	32.5349
56059	Покровка (Новолазарівька)	Mykolaivska	Kazankivskyi	47.2695	32.5349
56060	Привілля (Олександрівська)	Mykolaivska	Kazankivskyi	47.2695	32.5349
56061	Романівка (Великоолександрівська)	Mykolaivska	Kazankivskyi	47.2695	32.5349
56062	Олександрівка (Олександрівська)	Mykolaivska	Kazankivskyi	47.2695	32.5349
56063	Ропове (Скобелевська)	Mykolaivska	Kazankivskyi	47.2695	32.5349
56064	Сергіївка (Дмитрівська)	Mykolaivska	Kazankivskyi	47.2695	32.5349
56065	Володимирівка (Володимирівська)	Mykolaivska	Kazankivskyi	47.2695	32.5349
56066	Слобідка (Каширівська)	Mykolaivska	Kazankivskyi	47.2695	32.5349
56067	Суходілля (Скобелевська)	Mykolaivska	Kazankivskyi	47.2695	32.5349
56068	Тарасівка (Миколо-Гулаківська)	Mykolaivska	Kazankivskyi	47.2695	32.5349
56069	Тернове (Миколо-Гулаківська)	Mykolaivska	Kazankivskyi	47.2695	32.5349
56070	Троянка (Новофедорівська)	Mykolaivska	Kazankivskyi	47.2695	32.5349
56071	Утішне (Миколо-Гулаківська)	Mykolaivska	Kazankivskyi	47.2695	32.5349
56072	Утішне (Новофедорівська с/р)	Mykolaivska	Kazankivskyi	47.2695	32.5349
56073	Червона Новоселівка (Лагодівська)	Mykolaivska	Kazankivskyi	47.2695	32.5349
56101	Баштанка	Mykolaivska	Bashtanskyi	47.4072	32.4387
56110	Андріївка (Баштанська)	Mykolaivska	Bashtanskyi	47.4072	32.4387
56111	Архангельське (Ленінська)	Mykolaivska	Bashtanskyi	47.4072	32.4387
56112	Вільна Поляна (Єрмолівська)	Mykolaivska	Bashtanskyi	47.4072	32.4387
56113	Доброкам'янка (Костичівська)	Mykolaivska	Bashtanskyi	47.4072	32.4387
56114	Зелений Гай (Новосергіївська)	Mykolaivska	Bashtanskyi	47.4072	32.4387
56115	Зелений Гай (Кашперо-Миколаївська)	Mykolaivska	Bashtanskyi	47.4072	32.4387
56116	Зелений Клин (Новопавлівська)	Mykolaivska	Bashtanskyi	47.4072	32.4387
56117	Зелений Яр (Благодатненська)	Mykolaivska	Bashtanskyi	47.4072	32.4387
56118	Катеринівка (Кашперо-Миколаївська)	Mykolaivska	Bashtanskyi	47.4072	32.4387
56119	Костянтинівка (Пісківська)	Mykolaivska	Bashtanskyi	47.4072	32.4387
56120	Єрмолівка (Єрмолівська)	Mykolaivska	Bashtanskyi	47.4072	32.4387
56121	Новоукраїнка (Єрмолівська)	Mykolaivska	Bashtanskyi	47.4072	32.4387
56122	Лисянка (Ленінська)	Mykolaivska	Bashtanskyi	47.4072	32.4387
56123	Лук'янівка (Ленінська)	Mykolaivska	Bashtanskyi	47.4072	32.4387
56124	Лобріївка (Костичівська)	Mykolaivska	Bashtanskyi	47.4072	32.4387
56125	Любарка (Кашперо-Миколаївська)	Mykolaivska	Bashtanskyi	47.4072	32.4387
56126	Мар'янівка (Доброкриничанська)	Mykolaivska	Bashtanskyi	47.4072	32.4387
56127	Михайлівка (Ленінська)	Mykolaivska	Bashtanskyi	47.4072	32.4387
56128	"Нове Життя (Мар""ївська)"	Mykolaivska	Bashtanskyi	47.4072	32.4387
56129	Новобірзулівка (Привілненське)	Mykolaivska	Bashtanskyi	47.4072	32.4387
56130	Привільне (Привілненське)	Mykolaivska	Bashtanskyi	47.4072	32.4387
56131	Новоєгорівка (Добренська)	Mykolaivska	Bashtanskyi	47.4072	32.4387
56132	Київське (Новоіванівська)	Mykolaivska	Bashtanskyi	47.4072	32.4387
56133	"Новомар'ївка (Мар""ївська)"	Mykolaivska	Bashtanskyi	47.4072	32.4387
56134	Новосергіївка (Новосергіївська)	Mykolaivska	Bashtanskyi	47.4072	32.4387
56135	Новогорожене (Новосергіївська)	Mykolaivska	Bashtanskyi	47.4072	32.4387
56136	Тарасівка (Новосергіївська)	Mykolaivska	Bashtanskyi	47.4072	32.4387
56137	Новопавлівка (Новопавлівська)	Mykolaivska	Bashtanskyi	47.4072	32.4387
56138	Новоолександрівка (Єрмолівська)	Mykolaivska	Bashtanskyi	47.4072	32.4387
56139	Новопетрівка (Кашперо-Миколаївська)	Mykolaivska	Bashtanskyi	47.4072	32.4387
56140	Кашперо-Миколаївка (Кашперо-Миколаївська)	Mykolaivska	Bashtanskyi	47.4072	32.4387
56141	Горожене (Новосергіївська)	Mykolaivska	Bashtanskyi	47.4072	32.4387
56142	Новофонтанка (Кашперо-Миколаївська)	Mykolaivska	Bashtanskyi	47.4072	32.4387
56143	Плющівка (Плющівська)	Mykolaivska	Bashtanskyi	47.4072	32.4387
56144	Новогеоргіївка (Плющівська)	Mykolaivska	Bashtanskyi	47.4072	32.4387
56145	Одрадне (Плющівська)	Mykolaivska	Bashtanskyi	47.4072	32.4387
56146	Родники (Доброкриничанська)	Mykolaivska	Bashtanskyi	47.4072	32.4387
56147	Світлицьке (Єрмолівська)	Mykolaivska	Bashtanskyi	47.4072	32.4387
56148	Свобода (Кашперо-Миколаївська)	Mykolaivska	Bashtanskyi	47.4072	32.4387
56149	Старогорожене (Стагороженська)	Mykolaivska	Bashtanskyi	47.4072	32.4387
56150	Піски (Пісківська)	Mykolaivska	Bashtanskyi	47.4072	32.4387
56151	Старосолдатське (Новоіванівська)	Mykolaivska	Bashtanskyi	47.4072	32.4387
56152	Степанівка (Інгульська)	Mykolaivska	Bashtanskyi	47.4072	32.4387
56153	Новоіванівка (Новоіванівська)	Mykolaivska	Bashtanskyi	47.4072	32.4387
56154	Трудове (Баштанська)	Mykolaivska	Bashtanskyi	47.4072	32.4387
56155	Шляхове (Плющівська)	Mykolaivska	Bashtanskyi	47.4072	32.4387
56156	Добре (Добренська)	Mykolaivska	Bashtanskyi	47.4072	32.4387
56157	Червоний Став (Явкинська)	Mykolaivska	Bashtanskyi	47.4072	32.4387
56158	Шевченко (Баштанська)	Mykolaivska	Bashtanskyi	47.4072	32.4387
56160	Костичі (Костичівська)	Mykolaivska	Bashtanskyi	47.4072	32.4387
56162	Христофорівка (Христофорівська)	Mykolaivska	Bashtanskyi	47.4072	32.4387
56165	Явкине (Явкинська)	Mykolaivska	Bashtanskyi	47.4072	32.4387
56170	Інгулка (Інгульська)	Mykolaivska	Bashtanskyi	47.4072	32.4387
56172	Добра Криниця (Доброкриничанська)	Mykolaivska	Bashtanskyi	47.4072	32.4387
56174	"Мар'ївка (Мар""ївська)"	Mykolaivska	Bashtanskyi	47.4072	32.4387
56175	Виноградівка (Мар’ївська)	Mykolaivska	Bashtanskyi	47.4072	32.4387
56180	Лоцкине (Лоцкинська)	Mykolaivska	Bashtanskyi	47.4072	32.4387
56181	Перемога (Лоцкинська)	Mykolaivska	Bashtanskyi	47.4072	32.4387
56182	Новоолександрівка (Новоолександрівська с/р)	Mykolaivska	Bashtanskyi	47.4072	32.4387
56203	Березнегувате (Березнегуватська)	Mykolaivska	Bereznehuvatskyi	47.6225	32.2193
56209	Березнегувате вокзал (Мурахівська)	Mykolaivska	Bereznehuvatskyi	47.6225	32.2193
56210	Василівка (Висунська)	Mykolaivska	Bereznehuvatskyi	47.6225	32.2193
56211	Велике Артакове (Мурахівська)	Mykolaivska	Bereznehuvatskyi	47.6225	32.2193
56212	Новоочаків (Новоочаківська)	Mykolaivska	Bereznehuvatskyi	47.6225	32.2193
56213	Веселий Кут (Любомирівська)	Mykolaivska	Bereznehuvatskyi	47.6225	32.2193
56214	Маліївка (Маліївська)	Mykolaivska	Bereznehuvatskyi	47.6225	32.2193
56216	Кавказ (Лепетиська)	Mykolaivska	Bereznehuvatskyi	47.6225	32.2193
56217	Нововолодимирівка (Нововолодимирівська)	Mykolaivska	Bereznehuvatskyi	47.6225	32.2193
56218	Калачеве (Березнегуватська)	Mykolaivska	Bereznehuvatskyi	47.6225	32.2193
56219	Калинівка (Мурахівська)	Mykolaivska	Bereznehuvatskyi	47.6225	32.2193
56220	Новоукраїнка (Новоукраїнка)	Mykolaivska	Bereznehuvatskyi	47.6225	32.2193
56222	Маломихайлівське (Березнегуватська)	Mykolaivska	Bereznehuvatskyi	47.6225	32.2193
56223	Сергіївка (Сергіївська)	Mykolaivska	Bereznehuvatskyi	47.6225	32.2193
56224	Озерівка (Озерівська)	Mykolaivska	Bereznehuvatskyi	47.6225	32.2193
56225	Новогригорівка (Білокриницька)	Mykolaivska	Bereznehuvatskyi	47.6225	32.2193
56226	Веселе (Лепетиська)	Mykolaivska	Bereznehuvatskyi	47.6225	32.2193
56227	Новоросійське (Лепетиська)	Mykolaivska	Bereznehuvatskyi	47.6225	32.2193
56228	Новосергіївка (Нововолодимирівська)	Mykolaivska	Bereznehuvatskyi	47.6225	32.2193
56229	Одрадне (Висунська)	Mykolaivska	Bereznehuvatskyi	47.6225	32.2193
56230	Новосевастополь (Новосевастопольська)	Mykolaivska	Bereznehuvatskyi	47.6225	32.2193
56231	Добре (Новосевастопольська)	Mykolaivska	Bereznehuvatskyi	47.6225	32.2193
56232	Калуга (Калузька)	Mykolaivska	Bereznehuvatskyi	47.6225	32.2193
56233	Новоолександрівка (Озерівська)	Mykolaivska	Bereznehuvatskyi	47.6225	32.2193
56234	Лепетиха (Лепетиська)	Mykolaivska	Bereznehuvatskyi	47.6225	32.2193
56236	Петропавлівка (Новоочаківська)	Mykolaivska	Bereznehuvatskyi	47.6225	32.2193
56237	Пришиб (Висунська)	Mykolaivska	Bereznehuvatskyi	47.6225	32.2193
56238	Романівка (Федорівська)	Mykolaivska	Bereznehuvatskyi	47.6225	32.2193
56239	Семенівка (Висунська)	Mykolaivska	Bereznehuvatskyi	47.6225	32.2193
56240	Висунськ (Висунська)	Mykolaivska	Bereznehuvatskyi	47.6225	32.2193
56241	Соколівка (Калузька)	Mykolaivska	Bereznehuvatskyi	47.6225	32.2193
56242	Тернівка (Мурахівська)	Mykolaivska	Bereznehuvatskyi	47.6225	32.2193
56243	Мурахівка (Мурахівська)	Mykolaivska	Bereznehuvatskyi	47.6225	32.2193
56244	Тетянівка (Новосевастопольська)	Mykolaivska	Bereznehuvatskyi	47.6225	32.2193
56245	Федорівка (Федорівська)	Mykolaivska	Bereznehuvatskyi	47.6225	32.2193
56246	Червоний Став (Маліївська)	Mykolaivska	Bereznehuvatskyi	47.6225	32.2193
56247	Червоний Яр (Лепетиська)	Mykolaivska	Bereznehuvatskyi	47.6225	32.2193
56248	Червонопілля (Березнегуватська)	Mykolaivska	Bereznehuvatskyi	47.6225	32.2193
56249	Яковлівка (Любомирівська)	Mykolaivska	Bereznehuvatskyi	47.6225	32.2193
56250	Любомирівка (Любомирівська)	Mykolaivska	Bereznehuvatskyi	47.6225	32.2193
56254	Біла Криниця (Білокриницька)	Mykolaivska	Bereznehuvatskyi	47.6225	32.2193
56301	Врадіївка (Врадіївська)	Mykolaivska	Vradiivskyi	47.6225	32.2193
56309	Кумарі (Кумарівська)	Mykolaivska	Vradiivskyi	47.6225	32.2193
56310	Сирове (Сирівська)	Mykolaivska	Vradiivskyi	47.6225	32.2193
56311	Біляєве (Новопавлівська)	Mykolaivska	Vradiivskyi	47.6225	32.2193
56312	Доброжанівка (Доброжанівська)	Mykolaivska	Vradiivskyi	47.6225	32.2193
56313	Болгарка (Сирівська)	Mykolaivska	Vradiivskyi	47.6225	32.2193
56314	Богемка (Доброжанівська)	Mykolaivska	Vradiivskyi	47.6225	32.2193
56315	Новомихайлівське (Жовтнева)	Mykolaivska	Vradiivskyi	47.6225	32.2193
56316	Адамівка (Адамівська)	Mykolaivska	Vradiivskyi	47.6225	32.2193
56317	Великовеселе (Великовеселівська)	Mykolaivska	Vradiivskyi	47.6225	32.2193
56318	Захарівка (Іванівська)	Mykolaivska	Vradiivskyi	47.6225	32.2193
56319	Зимницьке (Краснопільська)	Mykolaivska	Vradiivskyi	47.6225	32.2193
56320	Веселий Лан (Краснопільська)	Mykolaivska	Vradiivskyi	47.6225	32.2193
56321	Капітанка (Гуляницька)	Mykolaivska	Vradiivskyi	47.6225	32.2193
56322	Федорівка (Краснопільська)	Mykolaivska	Vradiivskyi	47.6225	32.2193
56323	Покровське (Покровська)	Mykolaivska	Vradiivskyi	47.6225	32.2193
56324	Краснівка (Краснопільська)	Mykolaivska	Vradiivskyi	47.6225	32.2193
56325	Йосипівка (Гуляницька)	Mykolaivska	Vradiivskyi	47.6225	32.2193
56326	Краснопіль (Краснопільська)	Mykolaivska	Vradiivskyi	47.6225	32.2193
56327	Макієве (Великовеселівська)	Mykolaivska	Vradiivskyi	47.6225	32.2193
56328	Мала Врадіївка (Жовтнева)	Mykolaivska	Vradiivskyi	47.6225	32.2193
56329	Мар'янівка (Доброжанівська)	Mykolaivska	Vradiivskyi	47.6225	32.2193
56330	Іванівка (Іванівська)	Mykolaivska	Vradiivskyi	47.6225	32.2193
56331	Гражданівка (Нововасилівська)	Mykolaivska	Vradiivskyi	47.6225	32.2193
56332	Нововасилівка (Нововасилівська)	Mykolaivska	Vradiivskyi	47.6225	32.2193
56333	Михайлівка (Доброжанівська)	Mykolaivska	Vradiivskyi	47.6225	32.2193
56334	Новогригорівка (Адамівська)	Mykolaivska	Vradiivskyi	47.6225	32.2193
56335	Новомиколаївське (Доброжанівська)	Mykolaivska	Vradiivskyi	47.6225	32.2193
56336	Новоолексіївка (Великовеселівська)	Mykolaivska	Vradiivskyi	47.6225	32.2193
56337	Острогірське (Новопавлівська)	Mykolaivska	Vradiivskyi	47.6225	32.2193
56338	Тарасівка (Гуляницька)	Mykolaivska	Vradiivskyi	47.6225	32.2193
56339	Ковалівка (Новопавлівська)	Mykolaivska	Vradiivskyi	47.6225	32.2193
56340	Бобрик (Великовеселівська)	Mykolaivska	Vradiivskyi	47.6225	32.2193
56341	Новопавлівка (Новопавлівська)	Mykolaivska	Vradiivskyi	47.6225	32.2193
56342	Филимонівка (Гуляницька)	Mykolaivska	Vradiivskyi	47.6225	32.2193
56343	Шевченко (Краснопільська)	Mykolaivska	Vradiivskyi	47.6225	32.2193
56344	Юр'ївка (Гуляницька)	Mykolaivska	Vradiivskyi	47.6225	32.2193
56401	Доманівка (Доманівська)	Mykolaivska	Domanivskyi	47.6225	32.2193
56410	Забари (Доманівська)	Mykolaivska	Domanivskyi	47.6225	32.2193
56411	Акмечетські Ставки (Акмечетська)	Mykolaivska	Domanivskyi	47.6225	32.2193
56412	Анетівка (Прибузька)	Mykolaivska	Domanivskyi	47.6225	32.2193
56413	Антонівка (Маринівська)	Mykolaivska	Domanivskyi	47.6225	32.2193
56414	Веселе (Мостівська)	Mykolaivska	Domanivskyi	47.6225	32.2193
56415	Щасливка (Щасливська)	Mykolaivska	Domanivskyi	47.6225	32.2193
56416	Виноградний Сад (Богданівська)	Mykolaivska	Domanivskyi	47.6225	32.2193
56417	Володимирівка (Щасливська)	Mykolaivska	Domanivskyi	47.6225	32.2193
56418	Кузнецове (Щасливська)	Mykolaivska	Domanivskyi	47.6225	32.2193
56419	Богданівка (Богданівська)	Mykolaivska	Domanivskyi	47.6225	32.2193
56420	Воля (Маринівська)	Mykolaivska	Domanivskyi	47.6225	32.2193
56421	Горянка (Козубівська)	Mykolaivska	Domanivskyi	47.6225	32.2193
56422	Дворянка (Мостівська)	Mykolaivska	Domanivskyi	47.6225	32.2193
56423	Довжанка (Маринівська)	Mykolaivska	Domanivskyi	47.6225	32.2193
56424	Довженки (Маринівська)	Mykolaivska	Domanivskyi	47.6225	32.2193
56425	Маринівка (Маринівська)	Mykolaivska	Domanivskyi	47.6225	32.2193
56426	Зброшкове (Доманівська)	Mykolaivska	Domanivskyi	47.6225	32.2193
56427	Зелений Гай (Зеленоярська)	Mykolaivska	Domanivskyi	47.6225	32.2193
56428	Івано-Федорівка (Олександрівська)	Mykolaivska	Domanivskyi	47.6225	32.2193
56429	Царедарівка (Царедарівська)	Mykolaivska	Domanivskyi	47.6225	32.2193
56430	Ізбашівка (Сухобалківська)	Mykolaivska	Domanivskyi	47.6225	32.2193
56431	Казаринське (Доманівська)	Mykolaivska	Domanivskyi	47.6225	32.2193
56432	Калинівка (Богданівська)	Mykolaivska	Domanivskyi	47.6225	32.2193
56433	Копані (Царедарівська)	Mykolaivska	Domanivskyi	47.6225	32.2193
56434	Копи (Володимирівська)	Mykolaivska	Domanivskyi	47.6225	32.2193
56435	Петропавлівка (Фрунзенська)	Mykolaivska	Domanivskyi	47.6225	32.2193
56436	Коштове (Зеленоярська)	Mykolaivska	Domanivskyi	47.6225	32.2193
56437	Зелений Яр (Зеленоярська)	Mykolaivska	Domanivskyi	47.6225	32.2193
56438	Бузькі Пороги (Богданівська)	Mykolaivska	Domanivskyi	47.6225	32.2193
56439	Вікторівка (Зеленоярська)	Mykolaivska	Domanivskyi	47.6225	32.2193
56440	Богданівське (Зеленоярська)	Mykolaivska	Domanivskyi	47.6225	32.2193
56441	Лідіївка (Сухобалківська)	Mykolaivska	Domanivskyi	47.6225	32.2193
56442	Мар'ївка (Богданівська)	Mykolaivska	Domanivskyi	47.6225	32.2193
56443	Цвіткове (Акмечетська)	Mykolaivska	Domanivskyi	47.6225	32.2193
56444	Миколаївка (Мостівська)	Mykolaivska	Domanivskyi	47.6225	32.2193
56445	Прибужжя (Прибузька)	Mykolaivska	Domanivskyi	47.6225	32.2193
56447	Новолікарське (Зеленоярська)	Mykolaivska	Domanivskyi	47.6225	32.2193
56448	Новоселівка (Володимирівська)	Mykolaivska	Domanivskyi	47.6225	32.2193
56449	Олександрівка (Володимирівська сільська рада)	Mykolaivska	Domanivskyi	47.6225	32.2193
56450	Козубівка (Козубівська)	Mykolaivska	Domanivskyi	47.6225	32.2193
56451	Новокантакузівка (Козубівська)	Mykolaivska	Domanivskyi	47.6225	32.2193
56452	Олександрівка (Олександрівська)	Mykolaivska	Domanivskyi	47.6225	32.2193
56453	Олександродар (Фрунзенська)	Mykolaivska	Domanivskyi	47.6225	32.2193
56454	Першотравнівка (Мостівська)	Mykolaivska	Domanivskyi	47.6225	32.2193
56455	Володимирівка (Володимирівська)	Mykolaivska	Domanivskyi	47.6225	32.2193
56456	Петрівка (Богданівське)	Mykolaivska	Domanivskyi	47.6225	32.2193
56457	Птиче (Акмечетська)	Mykolaivska	Domanivskyi	47.6225	32.2193
56458	Сила (Фрунзенська)	Mykolaivska	Domanivskyi	47.6225	32.2193
56459	Трудолюбівка (Щасливська)	Mykolaivska	Domanivskyi	47.6225	32.2193
56460	Суха Балка (Сухобалківська)	Mykolaivska	Domanivskyi	47.6225	32.2193
56461	Червона Поляна (Мостівська)	Mykolaivska	Domanivskyi	47.6225	32.2193
56462	Іванівка (Сухобалківська)	Mykolaivska	Domanivskyi	47.6225	32.2193
56463	Київ (Богданівське)	Mykolaivska	Domanivskyi	47.6225	32.2193
56465	Грибоносове (Олександрівська)	Mykolaivska	Domanivskyi	47.6225	32.2193
56466	Чернігівка (Мостівська)	Mykolaivska	Domanivskyi	47.6225	32.2193
56467	Чорталка (Доманівська)	Mykolaivska	Domanivskyi	47.6225	32.2193
56468	Шевченко (Володимирівська сільська рада)	Mykolaivska	Domanivskyi	47.6225	32.2193
56469	Шевченко (Мостівська)	Mykolaivska	Domanivskyi	47.6225	32.2193
56470	Мостове (Мостівське)	Mykolaivska	Domanivskyi	47.6225	32.2193
56471	Широкі Криниці (Володимирівська)	Mykolaivska	Domanivskyi	47.6225	32.2193
56472	Щуцьке (Прибузька)	Mykolaivska	Domanivskyi	47.6225	32.2193
56500	Вознесенськ	Mykolaivska	Voznesenskyi	47.5649	31.3308
56501	Вознесенськ	Mykolaivska	Voznesenskyi	47.5649	31.3308
56502	Вознесенськ	Mykolaivska	Voznesenskyi	47.5649	31.3308
56503	Вознесенськ	Mykolaivska	Voznesenskyi	47.5649	31.3308
56504	Вознесенськ	Mykolaivska	Voznesenskyi	47.5649	31.3308
56505	Вознесенськ	Mykolaivska	Voznesenskyi	47.5649	31.3308
56507	Вознесенськ	Mykolaivska	Voznesenskyi	47.5649	31.3308
56508	Вознесенськ	Mykolaivska	Voznesenskyi	47.5649	31.3308
56519	Вознесенськ	Mykolaivska	Voznesenskyi	47.5649	31.3308
56520	Таборівка (Таборівська)	Mykolaivska	Voznesenskyi	47.5649	31.3308
56521	Ракове (Новогригорівська)	Mykolaivska	Voznesenskyi	47.5649	31.3308
56522	Новогригорівка (Новогригорівська)	Mykolaivska	Voznesenskyi	47.5649	31.3308
56523	Прибужани (Прибужанівська)	Mykolaivska	Voznesenskyi	47.5649	31.3308
56524	Андрійчикове (Тімірязєвська)	Mykolaivska	Voznesenskyi	47.5649	31.3308
56525	Мартинівське (Прибужанівська)	Mykolaivska	Voznesenskyi	47.5649	31.3308
56526	Бакай (Дмитрівська)	Mykolaivska	Voznesenskyi	47.5649	31.3308
56527	Василівка (Григорівська)	Mykolaivska	Voznesenskyi	47.5649	31.3308
56528	Вільний Яр (Трикратівська)	Mykolaivska	Voznesenskyi	47.5649	31.3308
56529	Веселий Роздол (Олександрівська)	Mykolaivska	Voznesenskyi	47.5649	31.3308
56530	Олександрівка (Олександрівська)	Mykolaivska	Voznesenskyi	47.5649	31.3308
56531	Олександрівка (Олександрівська)	Mykolaivska	Voznesenskyi	47.5649	31.3308
56532	Вокзал (Тімірязєвська)	Mykolaivska	Voznesenskyi	47.5649	31.3308
56534	Трикратне (Олександрівська)	Mykolaivska	Voznesenskyi	47.5649	31.3308
56535	Трикрати (Трикратівська)	Mykolaivska	Voznesenskyi	47.5649	31.3308
56536	Зоря (Трикратівська)	Mykolaivska	Voznesenskyi	47.5649	31.3308
56537	Актове (Трикратівська)	Mykolaivska	Voznesenskyi	47.5649	31.3308
56538	Кам'яна Балка (Тімірязєвська)	Mykolaivska	Voznesenskyi	47.5649	31.3308
56539	Криворучка (Прибужанівська)	Mykolaivska	Voznesenskyi	47.5649	31.3308
56540	Воронівка (05134)	Mykolaivska	Voznesenskyi	47.5649	31.3308
56541	Бузьке (Бузька)	Mykolaivska	Voznesenskyi	47.5649	31.3308
56542	Манне (Новосілківська)	Mykolaivska	Voznesenskyi	47.5649	31.3308
56543	Вознесенське (Вознесенська)	Mykolaivska	Voznesenskyi	47.5649	31.3308
56544	Малосолоне (Вознесенська)	Mykolaivska	Voznesenskyi	47.5649	31.3308
56545	Мартинівське (Прибужанівська)	Mykolaivska	Voznesenskyi	47.5649	31.3308
56546	Нове (Новосілківська)	Mykolaivska	Voznesenskyi	47.5649	31.3308
56547	Новобілоусівка (Дмитрівська)	Mykolaivska	Voznesenskyi	47.5649	31.3308
56548	Новопристань (Яструбинівська)	Mykolaivska	Voznesenskyi	47.5649	31.3308
56549	Новоукраїнка (Щербанівська)	Mykolaivska	Voznesenskyi	47.5649	31.3308
56550	Григорівське (Григорівська)	Mykolaivska	Voznesenskyi	47.5649	31.3308
56551	Очаківське (Новосілківська)	Mykolaivska	Voznesenskyi	47.5649	31.3308
56552	Щербанівське (Мічурінська)	Mykolaivska	Voznesenskyi	47.5649	31.3308
56553	Щербані (Щербанівська)	Mykolaivska	Voznesenskyi	47.5649	31.3308
56554	Шевченко (Щербанівська)	Mykolaivska	Voznesenskyi	47.5649	31.3308
56555	Троїцьке (Щербанівська)	Mykolaivska	Voznesenskyi	47.5649	31.3308
56556	Рацинська Дача (Вознесенська)	Mykolaivska	Voznesenskyi	47.5649	31.3308
56557	Рюмівське (Дмитрівська)	Mykolaivska	Voznesenskyi	47.5649	31.3308
56558	Солдатське (Вознесенська)	Mykolaivska	Voznesenskyi	47.5649	31.3308
56559	Степове (Вознесенська)	Mykolaivska	Voznesenskyi	47.5649	31.3308
56560	Новосілка (Новосілківська)	Mykolaivska	Voznesenskyi	47.5649	31.3308
56561	Трудове (Мічурінська)	Mykolaivska	Voznesenskyi	47.5649	31.3308
56562	Вільне (Прибужанівська)	Mykolaivska	Voznesenskyi	47.5649	31.3308
56564	Яструбинове (Яструбинівська)	Mykolaivska	Voznesenskyi	47.5649	31.3308
56570	Дорошівка (Дорошівська)	Mykolaivska	Voznesenskyi	47.5649	31.3308
56571	Дмитрівка (Дмитрівська)	Mykolaivska	Voznesenskyi	47.5649	31.3308
56575	Тімірязєвка (Тімірязєвська)	Mykolaivska	Voznesenskyi	47.5649	31.3308
56576	Білоусівка (Білоусівська)	Mykolaivska	Voznesenskyi	47.5649	31.3308
56601	Нова Одеса	Mykolaivska	Novoodeskyi	47.3078	31.7851
56602	Нова Одеса	Mykolaivska	Novoodeskyi	47.3078	31.7851
56609	Веселе (Антонівська)	Mykolaivska	Novoodeskyi	47.3078	31.7851
56610	Троїцьке	Mykolaivska	Novoodeskyi	47.8587	33.0071
56611	Михайлівка	Mykolaivska	Novoodeskyi	47.8587	33.0071
56612	Зайве (Новопетрівська)	Mykolaivska	Novoodeskyi	47.8587	33.0071
56613	Зарічне (Новосафронівська)	Mykolaivska	Novoodeskyi	47.8587	33.0071
56614	Кам'янка (Новосафронівська)	Mykolaivska	Novoodeskyi	47.8587	33.0071
56615	Гребеники (Дільнична)	Mykolaivska	Novoodeskyi	47.8587	33.0071
56616	Карлівка (Антонівська)	Mykolaivska	Novoodeskyi	47.8587	33.0071
56617	Київське (Антонівська)	Mykolaivska	Novoodeskyi	47.8587	33.0071
56618	Степове (Новошмідтівська)	Mykolaivska	Novoodeskyi	47.8587	33.0071
56619	Криворіжжя (Новоодеська)	Mykolaivska	Novoodeskyi	47.8587	33.0071
56620	Новосафронівка	Mykolaivska	Novoodeskyi	47.7953	33.0014
56621	Новоолександрівське (Димівська)	Mykolaivska	Novoodeskyi	47.7953	33.0014
56622	Димівське	Mykolaivska	Novoodeskyi	47.7953	33.0014
56623	Новопавлівка (Підлісненська)	Mykolaivska	Novoodeskyi	47.7953	33.0014
56624	Озерне (Димівська)	Mykolaivska	Novoodeskyi	47.7953	33.0014
56625	Дільниче	Mykolaivska	Novoodeskyi	47.7953	33.0014
56626	Новомиколаївка (Підлісненська)	Mykolaivska	Novoodeskyi	47.7953	33.0014
56627	Олександрівка (Антонівська)	Mykolaivska	Novoodeskyi	47.7953	33.0014
56628	Остапівка (Антонівська)	Mykolaivska	Novoodeskyi	47.7953	33.0014
56629	Островське (Воронцівська)	Mykolaivska	Novoodeskyi	47.7953	33.0014
56630	Антонівка	Mykolaivska	Novoodeskyi	50.3831	32.5352
56631	Сільвестрівське (Кандибинська)	Mykolaivska	Novoodeskyi	49.5831	32.3945
56632	Суворовка (Сухоєланецька)	Mykolaivska	Novoodeskyi	49.5831	32.3945
56633	Підлісне	Mykolaivska	Novoodeskyi	48.7831	32.2539
56634	Улянівка (Воронцівська)	Mykolaivska	Novoodeskyi	49.5831	32.3945
56635	Ясна Поляна (Димівська)	Mykolaivska	Novoodeskyi	49.5831	32.3945
56636	Бузьке	Mykolaivska	Novoodeskyi	49.5831	32.3945
56637	Новоматвіївське (Кандибинська)	Mykolaivska	Novoodeskyi	49.5831	32.3945
56640	Сухий Єланець	Mykolaivska	Novoodeskyi	45.8447	33.7966
56643	Новошмідтівка	Mykolaivska	Novoodeskyi	45.8447	33.7966
56644	Воронцівка	Mykolaivska	Novoodeskyi	45.8447	33.7966
56645	Червоноволодимирівка (Воронцівська)	Mykolaivska	Novoodeskyi	45.8447	33.7966
56650	Новопетрівське	Mykolaivska	Novoodeskyi	47.8889	36.5344
56653	Себине	Mykolaivska	Novoodeskyi	47.8889	36.5344
56654	Кандибине	Mykolaivska	Novoodeskyi	47.8889	36.5344
56655	Новоінгулка (Кандибинська)	Mykolaivska	Novoodeskyi	47.8889	36.5344
56660	Гур'ївка	Mykolaivska	Novoodeskyi	46.988	32.3137
56662	"Піски (Гур""ївська)"	Mykolaivska	Novoodeskyi	46.988	32.3137
56663	Костянтинівка	Mykolaivska	Novoodeskyi	46.988	32.3137
56664	Баловне	Mykolaivska	Novoodeskyi	46.988	32.3137
57001	Веселинове (Веселиновська)	Mykolaivska	Veselynivskyi	47.0593	32.5597
57010	"Бузоварове (Луб""янська)"	Mykolaivska	Veselynivskyi	47.0593	32.5597
57011	Весняна Квітка (Катеринивська)	Mykolaivska	Veselynivskyi	47.0593	32.5597
57012	Градівка (Поричанська)	Mykolaivska	Veselynivskyi	47.0593	32.5597
57013	Поріччя (Поричанська)	Mykolaivska	Veselynivskyi	47.0593	32.5597
57014	Виноградівка (Кудрявцівська)	Mykolaivska	Veselynivskyi	47.0593	32.5597
57015	Воронівка (Кудрявцівська)	Mykolaivska	Veselynivskyi	47.0593	32.5597
57016	Звенигородка (Веселиновська)	Mykolaivska	Veselynivskyi	47.0593	32.5597
57017	Зоря (Ставківська)	Mykolaivska	Veselynivskyi	47.0593	32.5597
57018	"Іванівка (Луб""янська)"	Mykolaivska	Veselynivskyi	47.0593	32.5597
57019	Іванівка (Кубряцька)	Mykolaivska	Veselynivskyi	47.0593	32.5597
57020	Миколаївка (Миколаївська)	Mykolaivska	Veselynivskyi	47.0593	32.5597
57021	"Калинівка (Луб""янська)"	Mykolaivska	Veselynivskyi	47.0593	32.5597
57022	Києво-Олександрівське (Ставківська)	Mykolaivska	Veselynivskyi	47.0593	32.5597
57023	Колосівка (Зеленівська)	Mykolaivska	Veselynivskyi	47.0593	32.5597
57024	Луб'янка (Луб’янська)	Mykolaivska	Veselynivskyi	47.0593	32.5597
57025	Нововоскресенка (Луб’янська)	Mykolaivska	Veselynivskyi	47.0593	32.5597
57026	Кременівка (Веселиновська)	Mykolaivska	Veselynivskyi	47.0593	32.5597
57027	Кубряки (Кубряцька)	Mykolaivska	Veselynivskyi	47.0593	32.5597
57028	Кутузівка (Зеленівська)	Mykolaivska	Veselynivskyi	47.0593	32.5597
57030	Токарівка (Кудрявцівська)	Mykolaivska	Veselynivskyi	47.0593	32.5597
57032	Зелене (Зеленівська)	Mykolaivska	Veselynivskyi	47.0593	32.5597
57033	Новий Городок (Веселиновська)	Mykolaivska	Veselynivskyi	47.0593	32.5597
57034	Новий Степ (Ставківська)	Mykolaivska	Veselynivskyi	47.0593	32.5597
57035	Михайлівка (Кудрявцівська)	Mykolaivska	Veselynivskyi	47.0593	32.5597
57036	Бондарівка (Кудрявцівська)	Mykolaivska	Veselynivskyi	47.0593	32.5597
57037	Новогригорівка (Подільська)	Mykolaivska	Veselynivskyi	47.0593	32.5597
57038	Новопавлівка (Кудрявцівська)	Mykolaivska	Veselynivskyi	47.0593	32.5597
57039	Новомиколаївка (Кудрявцівська)	Mykolaivska	Veselynivskyi	47.0593	32.5597
57040	Поділля (Подільська)	Mykolaivska	Veselynivskyi	47.0593	32.5597
57041	Новосілка (Подільська)	Mykolaivska	Veselynivskyi	47.0593	32.5597
57042	Первенець (Подільська)	Mykolaivska	Veselynivskyi	47.0593	32.5597
57043	Григорівка (Подільська)	Mykolaivska	Veselynivskyi	47.0593	32.5597
57044	"Петрівка (Луб""янська)"	Mykolaivska	Veselynivskyi	47.0593	32.5597
57045	Покровка (Покровська)	Mykolaivska	Veselynivskyi	47.0593	32.5597
57046	Подолянка (Миколаївська)	Mykolaivska	Veselynivskyi	47.0593	32.5597
57047	Варюшине (Варюшинська)	Mykolaivska	Veselynivskyi	47.0593	32.5597
57048	"Райдолина (Луб""янська)"	Mykolaivska	Veselynivskyi	47.0593	32.5597
57049	Староолексіївка (Ставківська)	Mykolaivska	Veselynivskyi	47.0593	32.5597
57050	Ставки (Ставківська)	Mykolaivska	Veselynivskyi	47.0593	32.5597
57051	Штукар (Ставківська)	Mykolaivska	Veselynivskyi	47.0593	32.5597
57052	Степанівка (Миколаївська)	Mykolaivska	Veselynivskyi	47.0593	32.5597
57053	Суха Балка (Миколаївська)	Mykolaivska	Veselynivskyi	47.0593	32.5597
57054	Улянове (Зеленівська)	Mykolaivska	Veselynivskyi	47.0593	32.5597
57055	Новосвітлівка (Новосвітлівська)	Mykolaivska	Veselynivskyi	47.0593	32.5597
57056	Урсолівка (Миколаївська)	Mykolaivska	Veselynivskyi	47.0593	32.5597
57057	Федорівка (Ставківська)	Mykolaivska	Veselynivskyi	47.0593	32.5597
57060	Катеринівка (Катеринивська)	Mykolaivska	Veselynivskyi	47.0593	32.5597
57061	Новокатеринівка (Катеринивська)	Mykolaivska	Veselynivskyi	47.0593	32.5597
57063	Широколанівка (Широколанівської)	Mykolaivska	Veselynivskyi	47.0593	32.5597
57064	Піщаний Брід (Широколанівської)	Mykolaivska	Veselynivskyi	47.0593	32.5597
57070	Гамове (Кубряцька)	Mykolaivska	Veselynivskyi	47.0593	32.5597
57101	Ковалівка	Mykolaivska	Mykolaivskyi	47.2639	31.7374
57102	Ковалівка	Mykolaivska	Mykolaivskyi	47.2639	31.7374
57104	Андріївка (Яснополянська)	Mykolaivska	Mykolaivskyi	47.5381	30.827
57105	Безводне	Mykolaivska	Mykolaivskyi	48.4349	28.3145
57106	Чумаки (Безводненська)	Mykolaivska	Mykolaivskyi	47.5381	30.827
57107	Степове	Mykolaivska	Mykolaivskyi	47.1899	31.5185
57108	Зелений Гай (Степівська)	Mykolaivska	Mykolaivskyi	47.5381	30.827
57109	Зелене (Безводненська)	Mykolaivska	Mykolaivskyi	47.5381	30.827
57110	Шостакове	Mykolaivska	Mykolaivskyi	47.217	31.7204
57111	Іванівка (Нечаянська)	Mykolaivska	Mykolaivskyi	47.0848	32.1075
57112	Корчине (Шостаківська)	Mykolaivska	Mykolaivskyi	47.0848	32.1075
57113	Ольшанське	Mykolaivska	Mykolaivskyi	47.1841	31.7937
57114	Карликівка (Петрівська)	Mykolaivska	Mykolaivskyi	47.0848	32.1075
57115	Тернувате (Ольшанська)	Mykolaivska	Mykolaivskyi	47.0848	32.1075
57116	Михайлівка	Mykolaivska	Mykolaivskyi	46.8533	32.8083
57117	Кам'яна Балка (Кір'яківська)	Mykolaivska	Mykolaivskyi	47.0848	32.1075
57118	Лук'янівка (Нечаянська)	Mykolaivska	Mykolaivskyi	47.0848	32.1075
57119	Маловарварівка (Комсомольська)	Mykolaivska	Mykolaivskyi	47.0848	32.1075
57120	Трихати	Mykolaivska	Mykolaivskyi	47.0676	31.7368
57121	Кринички	Mykolaivska	Mykolaivskyi	47.0676	31.7368
57122	Мефодіївка (Нечаянська)	Mykolaivska	Mykolaivskyi	47.0676	31.7368
57123	Новоандріївка (Яснополянська)	Mykolaivska	Mykolaivskyi	47.0676	31.7368
57124	Новоселівка (Криничанська)	Mykolaivska	Mykolaivskyi	47.0676	31.7368
57125	Кир'яківка	Mykolaivska	Mykolaivskyi	47.0676	31.7368
57126	Новогригорівка (Криничанська)	Mykolaivska	Mykolaivskyi	47.0676	31.7368
57127	Петрово-Солониха (Кір'яківська)	Mykolaivska	Mykolaivskyi	47.0676	31.7368
57128	Новомихайлівка (Безводненська)	Mykolaivska	Mykolaivskyi	47.0676	31.7368
57129	Новоюр'ївка (Шостаківська)	Mykolaivska	Mykolaivskyi	47.0676	31.7368
57130	Надбузьке	Mykolaivska	Mykolaivskyi	46.9695	30.9591
57133	П'ятихатки (Нечаянська)	Mykolaivska	Mykolaivskyi	46.9695	30.9591
57134	Весняне	Mykolaivska	Mykolaivskyi	46.9695	30.9591
57135	Петрівка	Mykolaivska	Mykolaivskyi	46.9695	30.9591
57136	Зелений Яр (Петрівська)	Mykolaivska	Mykolaivskyi	46.9695	30.9591
57138	Подимове (Кривобалківська)	Mykolaivska	Mykolaivskyi	46.9695	30.9591
57139	Половинки (Кривобалківська)	Mykolaivska	Mykolaivskyi	46.9695	30.9591
57140	Нечаяне	Mykolaivska	Mykolaivskyi	47.1639	31.222
57141	Чемерлієве (Нечаянська)	Mykolaivska	Mykolaivskyi	47.1639	31.222
57142	Сапетня (Ольшанська)	Mykolaivska	Mykolaivskyi	47.1639	31.222
57143	Сеньчине (Комсомольська)	Mykolaivska	Mykolaivskyi	47.1639	31.222
57144	Сливине (Надбузька)	Mykolaivska	Mykolaivskyi	47.1639	31.222
57145	Суха Балка (Яснополянська)	Mykolaivska	Mykolaivskyi	47.1639	31.222
57146	Трихатське (Криничанська)	Mykolaivska	Mykolaivskyi	47.1639	31.222
57147	Червоне Поле (Улянівська)	Mykolaivska	Mykolaivskyi	47.1639	31.222
57148	Мирне (Нечаянська)	Mykolaivska	Mykolaivskyi	47.1639	31.222
57149	Ясна Зоря (Ольшанська)	Mykolaivska	Mykolaivskyi	47.1639	31.222
57150	Благодарівка	Mykolaivska	Mykolaivskyi	46.1947	29.8939
57151	Ясна Поляна (Яснополянська)	Mykolaivska	Mykolaivskyi	46.1947	29.8939
57154	Крива Балка	Mykolaivska	Mykolaivskyi	46.1947	29.8939
57160	Радісний Сад	Mykolaivska	Mykolaivskyi	47.1639	31.222
57162	Новобогданівка	Mykolaivska	Mykolaivskyi	47.1639	31.222
57164	Зарічне	Mykolaivska	Mykolaivskyi	47.1639	31.222
57165	Стара Богданівка (Кіровська)	Mykolaivska	Mykolaivskyi	47.1639	31.222
57171	Шурине (Безводненська)	Mykolaivska	Mykolaivskyi	47.1639	31.222
57203	Водник (Полігонівська)	Mykolaivska	Zhovtnevyi	47.0169	32.1457
57204	Степове (Грейгівська)	Mykolaivska	Zhovtnevyi	47.0169	32.1457
57205	Горохівка (Воскресенська)	Mykolaivska	Zhovtnevyi	47.0169	32.1457
57206	Добра Надія (Коларівська)	Mykolaivska	Zhovtnevyi	47.0169	32.1457
57207	Зоря (Шевченківська)	Mykolaivska	Zhovtnevyi	47.0169	32.1457
57209	Мирне (Мирнівська)	Mykolaivska	Zhovtnevyi	47.0169	32.1457
57210	Воскресенське	Mykolaivska	Zhovtnevyi	47.0169	32.1457
57212	Калинівка (Калинівська)	Mykolaivska	Zhovtnevyi	47.0169	32.1457
57214	Мішково-Погорілове (Мішково-Погорілівська)	Mykolaivska	Zhovtnevyi	47.0169	32.1457
57216	Святомиколаївка (Мішково-Погорілівська)	Mykolaivska	Zhovtnevyi	47.0169	32.1457
57217	Полігон (Полігонівська)	Mykolaivska	Zhovtnevyi	47.0169	32.1457
57218	Новоруське (Котлярівська)	Mykolaivska	Zhovtnevyi	47.0169	32.1457
57219	Новоселівка (Первомайська)	Mykolaivska	Zhovtnevyi	47.0169	32.1457
57220	Пересадівка (Пересадівська)	Mykolaivska	Zhovtnevyi	47.0169	32.1457
57221	Оленівка (Зеленогайська)	Mykolaivska	Zhovtnevyi	47.0169	32.1457
57222	Михайло-Ларине (Михайло-Ларинська)	Mykolaivska	Zhovtnevyi	47.0169	32.1457
57223	Грейгове (Грейгівська)	Mykolaivska	Zhovtnevyi	47.0169	32.1457
57224	Новогригорівка (Шевченківська)	Mykolaivska	Zhovtnevyi	47.0169	32.1457
57225	Водокачка (Грейгівська)	Mykolaivska	Zhovtnevyi	47.0169	32.1457
57226	Червоне (Грейгівська)	Mykolaivska	Zhovtnevyi	47.0169	32.1457
57227	Степова Долина (Прибузька)	Mykolaivska	Zhovtnevyi	47.0169	32.1457
57228	Шевченкове (Котлярівська)	Mykolaivska	Zhovtnevyi	47.0169	32.1457
57229	Ясна Поляна (Коларівська)	Mykolaivska	Zhovtnevyi	47.0169	32.1457
57230	Білозірка (Бармашівська)	Mykolaivska	Zhovtnevyi	47.0169	32.1457
57232	Первомайське (Первомайська)	Mykolaivska	Zhovtnevyi	47.0169	32.1457
57233	Засілля (Первомайська)	Mykolaivska	Zhovtnevyi	47.0169	32.1457
57236	Квітневе (Первомайська)	Mykolaivska	Zhovtnevyi	47.0169	32.1457
57240	Партизанське (Партизанська)	Mykolaivska	Zhovtnevyi	47.0169	32.1457
57241	Благодатне (Партизанська)	Mykolaivska	Zhovtnevyi	47.0169	32.1457
57242	Каравелове (Коларівська)	Mykolaivska	Zhovtnevyi	47.0169	32.1457
57243	Капустине (Коларівська)	Mykolaivska	Zhovtnevyi	47.0169	32.1457
57244	Зайчівське (Коларівська)	Mykolaivska	Zhovtnevyi	47.0169	32.1457
57250	Новомиколаївка (Новомиколаївська)	Mykolaivska	Zhovtnevyi	47.0169	32.1457
57251	Костянтинівка (Новомиколаївська)	Mykolaivska	Zhovtnevyi	47.0169	32.1457
57252	Зелений Гай (Зеленогайська)	Mykolaivska	Zhovtnevyi	47.0169	32.1457
57260	Котляреве (Котлярівська)	Mykolaivska	Zhovtnevyi	47.0169	32.1457
57262	Миколаївське (Миколаївська)	Mykolaivska	Zhovtnevyi	47.0169	32.1457
57263	Шевченкове (Шевченківська)	Mykolaivska	Zhovtnevyi	47.0169	32.1457
57272	Луч (Шевченківська)	Mykolaivska	Zhovtnevyi	47.0169	32.1457
57280	Прибузьке (Прибузька)	Mykolaivska	Zhovtnevyi	47.0169	32.1457
57281	Українка (Українська)	Mykolaivska	Zhovtnevyi	47.0169	32.1457
57284	Лимани (Лиманівська)	Mykolaivska	Zhovtnevyi	47.0169	32.1457
57286	Галицинове (Галицинівська)	Mykolaivska	Zhovtnevyi	47.0169	32.1457
57287	Лупареве (Лиманівська)	Mykolaivska	Zhovtnevyi	47.0169	32.1457
57301	Снігурівка	Mykolaivska	Snihurivskyi	47.0758	32.8052
57303	Снігурівка	Mykolaivska	Snihurivskyi	47.0758	32.8052
57310	Василівка	Mykolaivska	Snihurivskyi	47.0748	32.856
57311	Євгенівка (Василівська)	Mykolaivska	Snihurivskyi	47.0525	32.9014
57313	Павлівка	Mykolaivska	Snihurivskyi	47.0657	32.8485
57315	Івано-Кепине (Павлівська)	Mykolaivska	Snihurivskyi	47.0525	32.9014
57316	Тамарине	Mykolaivska	Snihurivskyi	47.0171	32.9996
57317	Безіменне (Тамаринська)	Mykolaivska	Snihurivskyi	47.0525	32.9014
57319	Степове (Червонодолинська)	Mykolaivska	Snihurivskyi	47.0525	32.9014
57320	Червона Долина	Mykolaivska	Snihurivskyi	47.1483	32.663
57321	Покровське (Червонодолинська)	Mykolaivska	Snihurivskyi	47.1483	32.663
57322	Поляна (Червонодолинська)	Mykolaivska	Snihurivskyi	47.1483	32.663
57323	Любине (Новопетрівська)	Mykolaivska	Snihurivskyi	47.1483	32.663
57324	Широке (Червонодолинська)	Mykolaivska	Snihurivskyi	47.1483	32.663
57325	Кобзарці	Mykolaivska	Snihurivskyi	47.1483	32.663
57326	Новопавлівське (Кобзарцівська)	Mykolaivska	Snihurivskyi	47.1483	32.663
57327	Павло-Мар'янівка (Василівська)	Mykolaivska	Snihurivskyi	47.1483	32.663
57330	Новопетрівка	Mykolaivska	Snihurivskyi	46.8255	36.8931
57331	Бурханівка (Куйбишевська)	Mykolaivska	Snihurivskyi	47.0306	34.9328
57332	Калинівка	Mykolaivska	Snihurivskyi	47.2357	32.9724
57333	Любимівка (Куйбишевська)	Mykolaivska	Snihurivskyi	47.0306	34.9328
57334	Киселівка	Mykolaivska	Snihurivskyi	47.0306	34.9328
57335	Максимівка (Киселівська)	Mykolaivska	Snihurivskyi	47.0306	34.9328
57336	Вавилове (Центральна)	Mykolaivska	Snihurivskyi	47.0306	34.9328
57338	Новокондакове (Нововасилівська)	Mykolaivska	Snihurivskyi	47.0306	34.9328
57339	Ясна Поляна (Нововасилівська)	Mykolaivska	Snihurivskyi	47.0306	34.9328
57340	Нововасилівка	Mykolaivska	Snihurivskyi	46.8302	35.7514
57341	Юр'ївка (Афанісіївська)	Mykolaivska	Snihurivskyi	46.8302	35.7514
57342	Афанасівка	Mykolaivska	Snihurivskyi	46.8302	35.7514
57348	Новий шлях (Горохівська)	Mykolaivska	Snihurivskyi	46.8302	35.7514
57349	Садове (Горохівська)	Mykolaivska	Snihurivskyi	46.8302	35.7514
57350	Першотравневе	Mykolaivska	Snihurivskyi	46.9496	32.6067
57351	Васильки (Першотравнева)	Mykolaivska	Snihurivskyi	47.0435	33.587
57352	Трудолюбівка (Першотравнева)	Mykolaivska	Snihurivskyi	47.0435	33.587
57353	Світла Дача (Червонозірська)	Mykolaivska	Snihurivskyi	47.0435	33.587
57354	Гуляйгородок (Червонозірська)	Mykolaivska	Snihurivskyi	47.0435	33.587
57355	Суворе	Mykolaivska	Snihurivskyi	47.2236	35.4505
57356	Горохівське	Mykolaivska	Snihurivskyi	46.9574	32.7037
57357	Великопілля (Горохівська)	Mykolaivska	Snihurivskyi	47.0435	33.587
57358	Виноградне (Горохівська)	Mykolaivska	Snihurivskyi	47.0435	33.587
57359	Галаганівка (Баратівська с/р)	Mykolaivska	Snihurivskyi	47.0435	33.587
57360	Любомирівка	Mykolaivska	Snihurivskyi	47.1878	32.8782
57361	Центральне	Mykolaivska	Snihurivskyi	47.3946	33.8212
57362	Знам'янка (Центральна)	Mykolaivska	Snihurivskyi	47.3946	33.8212
57363	Богородицьке (Новокиївська)	Mykolaivska	Snihurivskyi	47.3946	33.8212
57364	Новокиївка	Mykolaivska	Snihurivskyi	47.6013	34.7642
57365	Тернові Поди (Краснознам'янська)	Mykolaivska	Snihurivskyi	47.3946	33.8212
57366	Шмідтове (Центральна)	Mykolaivska	Snihurivskyi	47.3946	33.8212
57369	Гречанівка (Баратівська)	Mykolaivska	Snihurivskyi	47.3946	33.8212
57370	Баратівка	Mykolaivska	Snihurivskyi	46.9437	32.7794
57371	Романово-Булгакове (Баратівська)	Mykolaivska	Snihurivskyi	46.8764	32.7764
57372	Галаганівка (Нововасилівська)	Mykolaivska	Snihurivskyi	46.8764	32.7764
57373	Промінь (Баратівська)	Mykolaivska	Snihurivskyi	46.8764	32.7764
57374	Новософіївка (Баратівська)	Mykolaivska	Snihurivskyi	46.8764	32.7764
57375	Олександрівка	Mykolaivska	Snihurivskyi	46.8383	32.7612
57376	Єлизаветівка (Нововасилівська)	Mykolaivska	Snihurivskyi	46.8764	32.7764
57377	Лиманці (Новотимофіївська)	Mykolaivska	Snihurivskyi	46.8764	32.7764
57378	Новотимофіївка	Mykolaivska	Snihurivskyi	46.8473	32.7887
57379	Михайлівка (Олександрівська)	Mykolaivska	Snihurivskyi	46.8764	32.7764
57380	Петропавлівка (Баратівська)	Mykolaivska	Snihurivskyi	47.0528	33.4898
57401	Березанка (Березанська)	Mykolaivska	Berezanskyi	47.0593	32.5597
57410	Малахове (Березанська)	Mykolaivska	Berezanskyi	47.0593	32.5597
57411	Андріївка (Березанська)	Mykolaivska	Berezanskyi	47.0593	32.5597
57412	Василівка (Василівська)	Mykolaivska	Berezanskyi	47.0593	32.5597
57413	Бессарабка (Червоноукраїнська)	Mykolaivska	Berezanskyi	47.0593	32.5597
57414	Богданівка (Дмитрівська)	Mykolaivska	Berezanskyi	47.0593	32.5597
57415	Вікторівка (Лиманівська)	Mykolaivska	Berezanskyi	47.0593	32.5597
57416	Ганнівка (Дмитрівська)	Mykolaivska	Berezanskyi	47.0593	32.5597
57417	Глибоке (Рибаківська)	Mykolaivska	Berezanskyi	47.0593	32.5597
57418	Елеваторне (Матіясівська с/р)	Mykolaivska	Berezanskyi	47.0593	32.5597
57419	Елеваторне (Василівська)	Mykolaivska	Berezanskyi	47.0593	32.5597
57420	Дмитрівка (Дмитрівська)	Mykolaivska	Berezanskyi	47.0593	32.5597
57421	Комісарівка (Дмитрівська)	Mykolaivska	Berezanskyi	47.0593	32.5597
57422	Єлизаветівка (Дмитрівська)	Mykolaivska	Berezanskyi	47.0593	32.5597
57423	Журівка (Дмитрівська)	Mykolaivska	Berezanskyi	47.0593	32.5597
57424	Калабатине (Кімівська)	Mykolaivska	Berezanskyi	47.0593	32.5597
57425	Данилівка (Данилівська)	Mykolaivska	Berezanskyi	47.0593	32.5597
57426	Красне (Краснянська)	Mykolaivska	Berezanskyi	47.0593	32.5597
57427	Крутоярка (Краснопільська)	Mykolaivska	Berezanskyi	47.0593	32.5597
57428	Виноградне (Коблівська)	Mykolaivska	Berezanskyi	47.0593	32.5597
57429	Лиманське (Матіясівська)	Mykolaivska	Berezanskyi	47.0593	32.5597
57430	Ташине (Ташинська)	Mykolaivska	Berezanskyi	47.0593	32.5597
57431	Люблине (Ташинська)	Mykolaivska	Berezanskyi	47.0593	32.5597
57432	Марківка (Березанська)	Mykolaivska	Berezanskyi	47.0593	32.5597
57433	Прогресівка (Ташинська)	Mykolaivska	Berezanskyi	47.0593	32.5597
57434	Краснопілля (Краснопільська)	Mykolaivska	Berezanskyi	47.0593	32.5597
57435	Михайлівка (Василівська)	Mykolaivska	Berezanskyi	47.0593	32.5597
57436	Тузли (Тузлівська)	Mykolaivska	Berezanskyi	47.0593	32.5597
57437	Новофедорівка (Новофедорівка)	Mykolaivska	Berezanskyi	47.0593	32.5597
57438	Морське (Коблівська)	Mykolaivska	Berezanskyi	47.0593	32.5597
57439	Новоподілля (Данилівська)	Mykolaivska	Berezanskyi	47.0593	32.5597
57440	Калинівка (Кімівська)	Mykolaivska	Berezanskyi	47.0593	32.5597
57441	Щасливе (Щасливська)	Mykolaivska	Berezanskyi	47.0593	32.5597
57442	Новоселівка (Василівська)	Mykolaivska	Berezanskyi	47.0593	32.5597
57443	Олександрівка (Дмитрівська)	Mykolaivska	Berezanskyi	47.0593	32.5597
57444	Попільне (Березанська)	Mykolaivska	Berezanskyi	47.0593	32.5597
57445	Матіясове (Матіясівська)	Mykolaivska	Berezanskyi	47.0593	32.5597
57446	Андрієво-Зорине (Матіясівська)	Mykolaivska	Berezanskyi	47.0593	32.5597
57447	Суходіл (Кімівська)	Mykolaivska	Berezanskyi	47.0593	32.5597
57448	Тронка	Mykolaivska	Berezanskyi	47.0593	32.5597
57449	Федорівка (Новофедорівська)	Mykolaivska	Berezanskyi	47.0593	32.5597
57450	Анатолівка (Анатолівська)	Mykolaivska	Berezanskyi	47.0593	32.5597
57451	Українка (Червоноукраїнська)	Mykolaivska	Berezanskyi	47.0593	32.5597
57452	Червоний Поділ (Дмитрівська)	Mykolaivska	Berezanskyi	47.0593	32.5597
57453	Коблеве (Коблівська)	Mykolaivska	Berezanskyi	47.0593	32.5597
57455	Шмідтівка (Матіясівська)	Mykolaivska	Berezanskyi	47.0593	32.5597
57456	Яблуня (Кімівська)	Mykolaivska	Berezanskyi	47.0593	32.5597
57460	Рибаківка (Рибаківська)	Mykolaivska	Berezanskyi	47.0593	32.5597
57463	Лугове (Рибаківська)	Mykolaivska	Berezanskyi	47.0593	32.5597
57464	Лимани (Лиманівська)	Mykolaivska	Berezanskyi	47.0593	32.5597
57503	Очаків	Mykolaivska	Ochakivskyi	46.6128	31.5498
57508	Очаків	Mykolaivska	Ochakivskyi	46.6128	31.5498
57515	Чорноморка (Чорноморська)	Mykolaivska	Ochakivskyi	46.6128	31.5498
57516	Баланове (Кам'янська)	Mykolaivska	Ochakivskyi	46.6128	31.5498
57517	Березань (Рівненська)	Mykolaivska	Ochakivskyi	46.6128	31.5498
57518	Благодатне (Рівненська)	Mykolaivska	Ochakivskyi	46.6128	31.5498
57519	Василівка (Покровська)	Mykolaivska	Ochakivskyi	46.6128	31.5498
57520	Кам'янка (Кам'янська)	Mykolaivska	Ochakivskyi	46.6128	31.5498
57521	Володимирівка (Кам'янська)	Mykolaivska	Ochakivskyi	46.6128	31.5498
57522	Дніпровське (Солончаківська)	Mykolaivska	Ochakivskyi	46.6128	31.5498
57523	Сонячне (Кам'янська)	Mykolaivska	Ochakivskyi	46.6128	31.5498
57524	Іжицьке (Рівненська)	Mykolaivska	Ochakivskyi	46.6128	31.5498
57525	Козирка (Козирська)	Mykolaivska	Ochakivskyi	46.6128	31.5498
57526	Каталине (Парутинська)	Mykolaivska	Ochakivskyi	46.6128	31.5498
57527	Лиманне (Кам'янська)	Mykolaivska	Ochakivskyi	46.6128	31.5498
57528	Михайлівка (Козирська)	Mykolaivska	Ochakivskyi	46.6128	31.5498
57529	Нове (Кам'янська)	Mykolaivska	Ochakivskyi	46.6128	31.5498
57530	Рівне (Рівненська)	Mykolaivska	Ochakivskyi	46.6128	31.5498
57531	Осетрівка (Рівненська)	Mykolaivska	Ochakivskyi	46.6128	31.5498
57532	Острівка (Острівська)	Mykolaivska	Ochakivskyi	46.6128	31.5498
57533	Покровське (Покровська)	Mykolaivska	Ochakivskyi	46.6128	31.5498
57534	Прибузьке (Парутинська)	Mykolaivska	Ochakivskyi	46.6128	31.5498
57535	Червоне Парутине (Острівська)	Mykolaivska	Ochakivskyi	46.6128	31.5498
57536	Шевченко (Кам'янська)	Mykolaivska	Ochakivskyi	46.6128	31.5498
57537	Яселка (Іванівська)	Mykolaivska	Ochakivskyi	46.6128	31.5498
57540	Парутине (Парутинська)	Mykolaivska	Ochakivskyi	46.6128	31.5498
57543	Солончаки (Солончаківська)	Mykolaivska	Ochakivskyi	46.6128	31.5498
57545	Дмитрівка (Дмитрівська)	Mykolaivska	Ochakivskyi	46.6128	31.5498
57546	Матросівка (Острівська)	Mykolaivska	Ochakivskyi	46.6128	31.5498
57550	Куцуруб (Куцурубська)	Mykolaivska	Ochakivskyi	46.6128	31.5498
57552	Іванівка (Іванівська)	Mykolaivska	Ochakivskyi	46.6128	31.5498
57555	Покровка (Покровська)	Mykolaivska	Ochakivskyi	46.6128	31.5498
65000	Одеса	Odeska	Odeska	46.4775	30.7326
65001	Одеса	Odeska	Odeska	46.4775	30.7326
65003	Одеса	Odeska	Odeska	46.4775	30.7326
65004	Одеса	Odeska	Odeska	46.4775	30.7326
65005	Одеса	Odeska	Odeska	46.4775	30.7326
65006	Одеса	Odeska	Odeska	46.4775	30.7326
65007	Одеса	Odeska	Odeska	46.4775	30.7326
65009	Одеса	Odeska	Odeska	46.4775	30.7326
65010	Одеса	Odeska	Odeska	46.4775	30.7326
65011	Одеса	Odeska	Odeska	46.4775	30.7326
65012	Одеса	Odeska	Odeska	46.4775	30.7326
65013	Одеса	Odeska	Odeska	46.4775	30.7326
65014	Одеса	Odeska	Odeska	46.4775	30.7326
65016	Одеса	Odeska	Odeska	46.4775	30.7326
65017	Одеса	Odeska	Odeska	46.4775	30.7326
65020	Одеса	Odeska	Odeska	46.4775	30.7326
65023	Одеса	Odeska	Odeska	46.4775	30.7326
65025	Одеса	Odeska	Odeska	46.4775	30.7326
65026	Одеса	Odeska	Odeska	46.4775	30.7326
65029	Одеса	Odeska	Odeska	46.4775	30.7326
65031	Одеса	Odeska	Odeska	46.4775	30.7326
65032	Одеса	Odeska	Odeska	46.4775	30.7326
65033	Одеса	Odeska	Odeska	46.4775	30.7326
65036	Одеса	Odeska	Odeska	46.4775	30.7326
65037	Одеса	Odeska	Odeska	46.4775	30.7326
65038	Одеса	Odeska	Odeska	46.4775	30.7326
65039	Одеса	Odeska	Odeska	46.4775	30.7326
65041	Одеса	Odeska	Odeska	46.4775	30.7326
65042	Одеса	Odeska	Odeska	46.4775	30.7326
65044	Одеса	Odeska	Odeska	46.4775	30.7326
65045	Одеса	Odeska	Odeska	46.4775	30.7326
65048	Одеса	Odeska	Odeska	46.4775	30.7326
65049	Одеса	Odeska	Odeska	46.4775	30.7326
65054	Одеса	Odeska	Odeska	46.4775	30.7326
65055	Одеса	Odeska	Odeska	46.4775	30.7326
65058	Одеса	Odeska	Odeska	46.4775	30.7326
65059	Одеса	Odeska	Odeska	46.4775	30.7326
65062	Одеса	Odeska	Odeska	46.4775	30.7326
65065	Одеса	Odeska	Odeska	46.4775	30.7326
65066	Одеса	Odeska	Odeska	46.4775	30.7326
65069	Одеса	Odeska	Odeska	46.4775	30.7326
65070	Одеса	Odeska	Odeska	46.4775	30.7326
65072	Одеса	Odeska	Odeska	46.4775	30.7326
65074	Одеса	Odeska	Odeska	46.4775	30.7326
65076	Одеса	Odeska	Odeska	46.4775	30.7326
65078	Одеса	Odeska	Odeska	46.4775	30.7326
65079	Одеса	Odeska	Odeska	46.4775	30.7326
65080	Одеса	Odeska	Odeska	46.4775	30.7326
65082	Одеса	Odeska	Odeska	46.4775	30.7326
65085	Одеса	Odeska	Odeska	46.4775	30.7326
65086	Одеса	Odeska	Odeska	46.4775	30.7326
65088	Одеса	Odeska	Odeska	46.4775	30.7326
65091	Одеса	Odeska	Odeska	46.4775	30.7326
65092	Одеса	Odeska	Odeska	46.4775	30.7326
65096	Одеса	Odeska	Odeska	46.4775	30.7326
65098	Одеса	Odeska	Odeska	46.4775	30.7326
65100	Одеса	Odeska	Odeska	46.4775	30.7326
65101	Одеса	Odeska	Odeska	46.4775	30.7326
65102	Одеса	Odeska	Odeska	46.4775	30.7326
65104	Одеса	Odeska	Odeska	46.4775	30.7326
65107	Одеса	Odeska	Odeska	46.4775	30.7326
65110	Одеса	Odeska	Odeska	46.4775	30.7326
65111	Одеса	Odeska	Odeska	46.4775	30.7326
65113	Одеса	Odeska	Odeska	46.4775	30.7326
65114	Одеса	Odeska	Odeska	46.4775	30.7326
65119	Одеса	Odeska	Odeska	46.4775	30.7326
65120	Одеса	Odeska	Odeska	46.4775	30.7326
65121	Одеса	Odeska	Odeska	46.4775	30.7326
65122	Одеса	Odeska	Odeska	46.4775	30.7326
65123	Одеса	Odeska	Odeska	46.4775	30.7326
65125	Одеса	Odeska	Odeska	46.4775	30.7326
65481	Южне	Odeska	Odeska	46.6221	31.1013
65490	Теплодар	Odeska	Teplodar	46.5058	30.3252
65496	Таїрове (Таїровська селищна рада)	Odeska	Ovidiopolskyi	46.5058	30.3252
65497	Лиманка (Таїровська селищна рада)	Odeska	Ovidiopolskyi	46.5058	30.3252
65498	Балка (Таїровська селищна рада)	Odeska	Ovidiopolskyi	46.5058	30.3252
66000	Кодима	Odeska	Kodymskyi	48.0988	29.1246
66004	Лисогірка (Лисогірська сільська рада)	Odeska	Kodymskyi	48.0988	29.1246
66005	Федорівка (Лисогірська сільська рада)	Odeska	Kodymskyi	48.0988	29.1246
66010	Баштанків (Баштанівська сільська рада)	Odeska	Kodymskyi	48.0988	29.1246
66011	Серби (Сербівська сільська рада)	Odeska	Kodymskyi	48.0988	29.1246
66012	Загнітків (Загнітківська сільська рада)	Odeska	Kodymskyi	48.0988	29.1246
66013	Олексіївка (Олексіївська сільська рада)	Odeska	Kodymskyi	48.0988	29.1246
66020	Івашків (Івашківська сільська рада)	Odeska	Kodymskyi	48.0988	29.1246
66021	Пиріжна (Пиріжнянська сільська рада)	Odeska	Kodymskyi	48.0988	29.1246
66022	Будеї (Будеївська сільська рада)	Odeska	Kodymskyi	48.0988	29.1246
66023	Смолянка (Смолянська сільська рада)	Odeska	Kodymskyi	48.0988	29.1246
66030	Грабове (Грабівська сільська рада)	Odeska	Kodymskyi	48.0988	29.1246
66031	Писарівка (Писарівська сільська рада)	Odeska	Kodymskyi	48.0988	29.1246
66032	Сергіївка (Грабівська сільська рада)	Odeska	Kodymskyi	48.0988	29.1246
66033	Лабушне (Лабушненська сільська рада)	Odeska	Kodymskyi	48.0988	29.1246
66034	Шершенці (Шершенецька сільська рада)	Odeska	Kodymskyi	48.0988	29.1246
66040	Петрівка (Петрівська сільська рада)	Odeska	Kodymskyi	48.0988	29.1246
66041	Стримба (Петрівська сільська рада)	Odeska	Kodymskyi	48.0988	29.1246
66042	Круті (Крутівська сільська рада)	Odeska	Kodymskyi	48.0988	29.1246
66043	Семенівка (Крутівська сільська рада)	Odeska	Kodymskyi	48.0988	29.1246
66044	Олександрівка (Петрівська сільська рада)	Odeska	Kodymskyi	48.0988	29.1246
66050	Слобідка (Слобідська селищна рада)	Odeska	Kodymskyi	48.0988	29.1246
66051	Мала Слобідка (Малослобідська сільська рада)	Odeska	Kodymskyi	48.0988	29.1246
66052	Тимкове (Тимківська сільська рада)	Odeska	Kodymskyi	48.0988	29.1246
66053	Правда (Слобідська селищна рада)	Odeska	Kodymskyi	48.0988	29.1246
66054	Кирилівка (Тимківська сільська рада)	Odeska	Kodymskyi	48.0988	29.1246
66101	Балта	Odeska	Baltskyi	47.9355	29.6198
66102	Балта	Odeska	Baltskyi	47.9355	29.6198
66110	Піщана (Піщанська сільська рада)	Odeska	Baltskyi	47.9355	29.6198
66111	Гербине (Гербинська сільська рада)	Odeska	Baltskyi	47.9355	29.6198
66112	Пужайкове (Пужайківська сільська рада)	Odeska	Baltskyi	47.9355	29.6198
66113	Савранське (Пужайківська сільська рада)	Odeska	Baltskyi	47.9355	29.6198
66114	Новополь (Новопольська сільська рада)	Odeska	Baltskyi	47.9355	29.6198
66115	Волова (Ухожанська сільська рада)	Odeska	Baltskyi	47.9355	29.6198
66116	Крижовлин (Ухожанська сільська рада)	Odeska	Baltskyi	47.9355	29.6198
66120	Шляхове (Шляхівська сільська рада)	Odeska	Baltskyi	47.9355	29.6198
66121	Кринички (Шляхівська сільська рада)	Odeska	Baltskyi	47.9355	29.6198
66122	Ракулове (Шляхівська сільська рада)	Odeska	Baltskyi	47.9355	29.6198
66123	Саражинка (Саражинська сільська рада)	Odeska	Baltskyi	47.9355	29.6198
66124	Перейма (Переймівська сільська рада)	Odeska	Baltskyi	47.9355	29.6198
66125	Чернече (Чернеченська сільська рада)	Odeska	Baltskyi	47.9355	29.6198
66126	Борсуки (Борсуківська сільська рада)	Odeska	Baltskyi	47.9355	29.6198
66127	Лісничівка (Лісничівська сільська рада)	Odeska	Baltskyi	47.9355	29.6198
66128	Шумилове (Шляхівська сільська рада)	Odeska	Baltskyi	47.9355	29.6198
66130	Коритне (Коритненська сільська рада)	Odeska	Baltskyi	47.9355	29.6198
66131	Козацьке (Козацька сільська рада)	Odeska	Baltskyi	47.9355	29.6198
66132	Пасат (Пасатська сільська рада)	Odeska	Baltskyi	47.9355	29.6198
66133	Плоске (Плосківська сільська рада)	Odeska	Baltskyi	47.9355	29.6198
66140	Обжиле (Обжильська сільська рада)	Odeska	Baltskyi	47.9355	29.6198
66141	Кармалюківка (Кармалюківська сільська рада)	Odeska	Baltskyi	47.9355	29.6198
66142	Євтодія (Кармалюківська сільська рада)	Odeska	Baltskyi	47.9355	29.6198
66143	Оленівка (Оленівська сільська рада)	Odeska	Baltskyi	47.9355	29.6198
66144	Мирони (Миронівська сільська рада)	Odeska	Baltskyi	47.9355	29.6198
66145	Зелений Гай (Кармалюківська сільська рада)	Odeska	Baltskyi	47.9355	29.6198
66146	Березівка (Обжильська сільська рада)	Odeska	Baltskyi	47.9355	29.6198
66147	Мошняги (Оленівська сільська рада)	Odeska	Baltskyi	47.9355	29.6198
66148	Семено-Карпівка (Оленівська сільська рада)	Odeska	Baltskyi	47.9355	29.6198
66150	Бендзари (Бендзарівська сільська рада)	Odeska	Baltskyi	47.9355	29.6198
66151	Андріяшівка (Бендзарівська сільська рада)	Odeska	Baltskyi	47.9355	29.6198
66152	Перельоти (Перелітська сільська рада)	Odeska	Baltskyi	47.9355	29.6198
66153	Немирівське (Перелітська сільська рада)	Odeska	Baltskyi	47.9355	29.6198
66154	Гольма (Гольм'янська сільська рада)	Odeska	Baltskyi	47.9355	29.6198
66160	Сінне (Сінненська сільська рада)	Odeska	Baltskyi	47.9355	29.6198
66161	Білине (Білинська сільська рада)	Odeska	Baltskyi	47.9355	29.6198
66162	Пасицели (Пасицелівська сільська рада)	Odeska	Baltskyi	47.9355	29.6198
66163	Акулинівка (Білинська сільська рада)	Odeska	Baltskyi	47.9355	29.6198
66164	Відрада (Білинська сільська рада)	Odeska	Baltskyi	47.9355	29.6198
66165	Петрівка (Білинська сільська рада)	Odeska	Baltskyi	47.9355	29.6198
66166	Харитонівка (Білинська сільська рада)	Odeska	Baltskyi	47.9355	29.6198
66200	Саврань	Odeska	Savranskyi	48.1322	30.0825
66201	Ковбасова Поляна (Савранська селищна рада)	Odeska	Savranskyi	48.1322	30.0825
66205	Гетьманівка (Савранська селищна рада)	Odeska	Savranskyi	48.1322	30.0825
66210	Кам'яне (Кам'янська сільська рада)	Odeska	Savranskyi	48.1322	30.0825
66211	Концеба (Концебівська сільська рада)	Odeska	Savranskyi	48.1322	30.0825
66214	Байбузівка (Байбузівська сільська рада)	Odeska	Savranskyi	48.1322	30.0825
66215	Осички (Осичківська сільська рада)	Odeska	Savranskyi	48.1322	30.0825
66220	Дубинове (Дубинівська сільська рада)	Odeska	Savranskyi	48.1322	30.0825
66221	Вільшанка (Вільшанська сільська рада)	Odeska	Savranskyi	48.1322	30.0825
66222	Слюсареве (Дубинівська сільська рада)	Odeska	Savranskyi	48.1322	30.0825
66223	Полянецьке (Полянецька сільська рада)	Odeska	Savranskyi	48.1322	30.0825
66224	Глибочок (Полянецька сільська рада)	Odeska	Savranskyi	48.1322	30.0825
66225	Квітка (Полянецька сільська рада)	Odeska	Savranskyi	48.1322	30.0825
66226	Острівка (Полянецька сільська рада)	Odeska	Savranskyi	48.1322	30.0825
66230	Бакша (Бакшанська сільська рада)	Odeska	Savranskyi	48.1322	30.0825
66231	Йосипівка (Бакшанська сільська рада)	Odeska	Savranskyi	48.1322	30.0825
66232	Неділкове (Неділківська сільська рада)	Odeska	Savranskyi	48.1322	30.0825
66233	Капустянка (Капустянська сільська рада)	Odeska	Savranskyi	48.1322	30.0825
66234	Струтинка (Неділківська сільська рада)	Odeska	Savranskyi	48.1322	30.0825
66235	Білоусівка (Капустянська сільська рада)	Odeska	Savranskyi	48.1322	30.0825
66236	Дубки (Капустянська сільська рада)	Odeska	Savranskyi	48.1322	30.0825
66300	Подільськ	Odeska	Podilskyi	47.8314	29.8914
66301	Подільськ	Odeska	Podilskyi	47.8314	29.8914
66302	Подільськ	Odeska	Podilskyi	47.8314	29.8914
66303	Подільськ	Odeska	Podilskyi	47.8314	29.8914
66304	Подільськ	Odeska	Podilskyi	47.8314	29.8914
66305	Подільськ	Odeska	Podilskyi	47.8314	29.8914
66307	Подільськ	Odeska	Podilskyi	47.8314	29.8914
66308	Андріївка (Новоселівська сільська рада)	Odeska	Podilskyi	47.8314	29.8914
66309	Велика Кіндратівка (Качурівська сільська рада)	Odeska	Podilskyi	47.8314	29.8914
66310	Мала Олександрівка (Новоселівська сільська рада)	Odeska	Podilskyi	47.8314	29.8914
66311	Оброчне (Качурівська сільська рада)	Odeska	Podilskyi	47.8314	29.8914
66312	Поплавка (Качурівська сільська рада)	Odeska	Podilskyi	47.8314	29.8914
66316	Степанівка (Петрівська сільська рада)	Odeska	Podilskyi	47.8314	29.8914
66317	Гертопи (Новоселівська сільська рада)	Odeska	Podilskyi	47.8314	29.8914
66318	Гор'ївка (Петрівська сільська рада)	Odeska	Podilskyi	47.8314	29.8914
66319	Зелений Кут (Борщівська сільська рада)	Odeska	Podilskyi	47.8314	29.8914
66320	Борщі (Борщівська сільська рада)	Odeska	Podilskyi	47.8314	29.8914
66321	Борщі (Борщівська сільська рада)	Odeska	Podilskyi	47.8314	29.8914
66323	Великий Фонтан (Великофонтанська сільська рада)	Odeska	Podilskyi	47.8314	29.8914
66324	Гидерим (Великофонтанська сільська рада)	Odeska	Podilskyi	47.8314	29.8914
66325	Гонората (Гоноратська сільська рада)	Odeska	Podilskyi	47.8314	29.8914
66326	Миколаївка Перша (Великофонтанська сільська рада)	Odeska	Podilskyi	47.8314	29.8914
66327	Затишшя (Гоноратська сільська рада)	Odeska	Podilskyi	47.8314	29.8914
66328	Мала Петрівка (Петрівська сільська рада)	Odeska	Podilskyi	47.8314	29.8914
66329	Велике Бурилове (Климентівська сільська рада)	Odeska	Podilskyi	47.8314	29.8914
66330	Климентове (Климентівська сільська рада)	Odeska	Podilskyi	47.8314	29.8914
66331	Домниця (Климентівська сільська рада)	Odeska	Podilskyi	47.8314	29.8914
66332	Нестоїта (Нестоїтська сільська рада)	Odeska	Podilskyi	47.8314	29.8914
66333	Станіславка (Станіславська сільська рада)	Odeska	Podilskyi	47.8314	29.8914
66334	Стара Кульна (Старокульнянська сільська рада)	Odeska	Podilskyi	47.8314	29.8914
66335	Нова Кульна (Нестоїтська сільська рада)	Odeska	Podilskyi	47.8314	29.8914
66336	Романівка (Нестоїтська сільська рада)	Odeska	Podilskyi	47.8314	29.8914
66337	Ясинове (Станіславська сільська рада)	Odeska	Podilskyi	47.8314	29.8914
66338	Падрецеве (Станіславська сільська рада)	Odeska	Podilskyi	47.8314	29.8914
66339	Розалівка (Новоселівська сільська рада)	Odeska	Podilskyi	47.8314	29.8914
66340	Любомирка (Любомирська сільська рада)	Odeska	Podilskyi	47.8314	29.8914
66341	Мурована (Любомирська сільська рада)	Odeska	Podilskyi	47.8314	29.8914
66342	Олексіївка (Олексіївська сільська рада)	Odeska	Podilskyi	47.8314	29.8914
66343	Глибочок (Олексіївська сільська рада)	Odeska	Podilskyi	47.8314	29.8914
66344	Коси (Косівська сільська рада)	Odeska	Podilskyi	47.8314	29.8914
66345	Миколаївка (Олексіївська сільська рада)	Odeska	Podilskyi	47.8314	29.8914
66346	Коси - Слобідка (Косівська сільська рада)	Odeska	Podilskyi	47.8314	29.8914
66349	Малий Куяльник (Куяльницька сільська рада)	Odeska	Podilskyi	47.8314	29.8914
66350	Куяльник	Odeska	Podilskyi	47.8314	29.8914
66351	Олександрівка (Куяльницька сільська рада)	Odeska	Podilskyi	47.8314	29.8914
66352	Липецьке (Липецька сільська рада)	Odeska	Podilskyi	47.8314	29.8914
66353	Казбеки (Липецька сільська рада)	Odeska	Podilskyi	47.8314	29.8914
66354	Дібрівка (Борщівська сільська рада)	Odeska	Podilskyi	47.8314	29.8914
66355	Ставки (Ставківська сільська рада)	Odeska	Podilskyi	47.8314	29.8914
66356	Вишневе (Чапаєвська сільська рада)	Odeska	Podilskyi	47.8314	29.8914
66357	Грекове Перше (Чапаєвська сільська рада)	Odeska	Podilskyi	47.8314	29.8914
66358	Єфросинівка (Чапаєвська сільська рада)	Odeska	Podilskyi	47.8314	29.8914
66359	Кирилівка (Чапаєвська сільська рада)	Odeska	Podilskyi	47.8314	29.8914
66360	Новоселівка (Новоселівська сільська рада)	Odeska	Podilskyi	47.8314	29.8914
66361	Бочманівка (Бочманівська сільська рада)	Odeska	Podilskyi	47.8314	29.8914
66362	Чубівка (Новоселівська сільська рада)	Odeska	Podilskyi	47.8314	29.8914
66363	Федорівка (Новоселівська сільська рада)	Odeska	Podilskyi	47.8314	29.8914
66364	Грекове Друге (Чапаєвська сільська рада)	Odeska	Podilskyi	47.8314	29.8914
66366	Новий Мир (Чапаєвська сільська рада)	Odeska	Podilskyi	47.8314	29.8914
66370	Качурівка (Качурівська сільська рада)	Odeska	Podilskyi	47.8314	29.8914
66371	Петрівка (Петрівська сільська рада)	Odeska	Podilskyi	47.8314	29.8914
66372	Мала Кіндратівка (Петрівська сільська рада)	Odeska	Podilskyi	47.8314	29.8914
66373	Мардарівка (Мардарівська сільська рада)	Odeska	Podilskyi	47.8314	29.8914
66374	Перешори (Мардарівська сільська рада)	Odeska	Podilskyi	47.8314	29.8914
66375	Топик (Мардарівська сільська рада)	Odeska	Podilskyi	47.8314	29.8914
66381	Соболівка (Новоселівська сільська рада)	Odeska	Podilskyi	47.8314	29.8914
66382	Вестерничани (Куяльницька сільська рада)	Odeska	Podilskyi	47.8314	29.8914
66383	Малий Фонтан (Великофонтанська сільська рада)	Odeska	Podilskyi	47.8314	29.8914
66401	Ананьїв	Odeska	Ananivskyi	47.7211	29.945
66410	Жеребкове (Жеребківська сільська рада)	Odeska	Ananivskyi	47.7211	29.945
66411	Михайлівка (Жеребківська сільська рада)	Odeska	Ananivskyi	47.7211	29.945
66412	Байтали (Байтальська сільська рада)	Odeska	Ananivskyi	47.7211	29.945
66413	Точилове (Точилівська сільська рада)	Odeska	Ananivskyi	47.7211	29.945
66420	Новогеоргіївка (Новогеоргіївська сільська рада)	Odeska	Ananivskyi	47.7211	29.945
66421	Ананьїв Село (Ананьвська Перша сільська рада)	Odeska	Ananivskyi	47.7211	29.945
66422	Ананьїв Село (Ананьвська Перша сільська рада)	Odeska	Ananivskyi	47.7211	29.945
66425	Дружелюбівка (Романівська сільська рада)	Odeska	Ananivskyi	47.7211	29.945
66426	Вербове (Шимківська сільська рада)	Odeska	Ananivskyi	47.7211	29.945
66427	Селиванівка (Ананьївська Перша сільська рада)	Odeska	Ananivskyi	47.7211	29.945
66428	Гандрабури (Гандрабурська сільська рада)	Odeska	Ananivskyi	47.7211	29.945
66429	Великобоярка (Кохівська сільська рада)	Odeska	Ananivskyi	47.7211	29.945
66430	Кохівка (Кохівська сільська рада)	Odeska	Ananivskyi	47.7211	29.945
66431	Шелехове (Кохівська сільська рада)	Odeska	Ananivskyi	47.7211	29.945
66432	Шимкове (Шимківська сільська рада)	Odeska	Ananivskyi	47.7211	29.945
66433	Романівка (Романівська сільська рада)	Odeska	Ananivskyi	47.7211	29.945
66434	Новоолександрівка (Новоолександрівська сільська рада)	Odeska	Ananivskyi	47.7211	29.945
66435	Козаче (Новоолександрівська сільська рада)	Odeska	Ananivskyi	47.7211	29.945
66436	Новоіванівка (Новоолександрівська сільська рада)	Odeska	Ananivskyi	47.7211	29.945
66437	Шевченкове (Новоолександрівська сільська рада)	Odeska	Ananivskyi	47.7211	29.945
66438	Новодачне (Романівська сільська рада)	Odeska	Ananivskyi	47.7211	29.945
66440	Коханівка (Коханівська сільська рада)	Odeska	Ananivskyi	47.7211	29.945
66442	Долинське (Долинська сільська рада)	Odeska	Ananivskyi	47.7211	29.945
66443	Благодатне (Новоселівська сільська рада)	Odeska	Ananivskyi	47.7211	29.945
66444	Бондарі (Новоселівська сільська рада)	Odeska	Ananivskyi	47.7211	29.945
66445	Калини (Новоселівська сільська рада)	Odeska	Ananivskyi	47.7211	29.945
66446	Новоселівка (Новоселівська сільська рада)	Odeska	Ananivskyi	47.7211	29.945
66447	Пасицели (Новоселівська сільська рада)	Odeska	Ananivskyi	47.7211	29.945
66448	Красне (Долинська сільська рада)	Odeska	Ananivskyi	47.7211	29.945
66449	Амури (Шимківська сільська рада)	Odeska	Ananivskyi	47.7211	29.945
66451	Струтинка (Жеребківська сільська рада)	Odeska	Ananivskyi	47.7211	29.945
66452	Боярка (Коханівська сільська рада)	Odeska	Ananivskyi	47.7211	29.945
66502	Любашівка (Любашівська селищна рада)	Odeska	Lyubashivskyi	47.8314	29.8914
66503	Вишневе (Любашівська селищна рада)	Odeska	Lyubashivskyi	47.8314	29.8914
66504	Олександрівка (Сергіївська сільська рада)	Odeska	Lyubashivskyi	47.8314	29.8914
66505	Іванівка (Сергіївська сільська рада)	Odeska	Lyubashivskyi	47.8314	29.8914
66506	Нововоздвиженка (Сергіївська сільська рада)	Odeska	Lyubashivskyi	47.8314	29.8914
66507	Сергіївка (Сергіївська сільська рада)	Odeska	Lyubashivskyi	47.8314	29.8914
66510	Ясенове Друге (Ясинівська сільська рада)	Odeska	Lyubashivskyi	47.8314	29.8914
66511	Познанка Перша (Познанська сільська рада)	Odeska	Lyubashivskyi	47.8314	29.8914
66512	Ясенове Перше (Ясинівська сільська рада)	Odeska	Lyubashivskyi	47.8314	29.8914
66513	Зеленогірське (Зеленогірська селищна рада)	Odeska	Lyubashivskyi	47.8314	29.8914
66514	Познанка Друга (Познанська сільська рада)	Odeska	Lyubashivskyi	47.8314	29.8914
66519	Гвоздавка Перша (Гвоздавська сільська рада)	Odeska	Lyubashivskyi	47.8314	29.8914
66520	Гвоздавка Друга (Гвоздавська сільська рада)	Odeska	Lyubashivskyi	47.8314	29.8914
66521	Солтанівка (Гвоздавська сільська рада)	Odeska	Lyubashivskyi	47.8314	29.8914
66522	Шликареве (Гвоздавська сільська рада)	Odeska	Lyubashivskyi	47.8314	29.8914
66523	Іванівка (Іванівська сільська рада)	Odeska	Lyubashivskyi	47.8314	29.8914
66524	Антонівка (Іванівська сільська рада)	Odeska	Lyubashivskyi	47.8314	29.8914
66525	Василівка (Гвоздавська сільська рада)	Odeska	Lyubashivskyi	47.8314	29.8914
66526	Володимирівка (Гвоздавська сільська рада)	Odeska	Lyubashivskyi	47.8314	29.8914
66527	Чабанівка (Гвоздавська сільська рада)	Odeska	Lyubashivskyi	47.8314	29.8914
66528	Агеївка (Іванівська сільська рада)	Odeska	Lyubashivskyi	47.8314	29.8914
66529	Адамівка (Кричунівська сільська рада)	Odeska	Lyubashivskyi	47.8314	29.8914
66530	Кричунове (Кричунівська сільська рада)	Odeska	Lyubashivskyi	47.8314	29.8914
66531	Бобрик Перший (Бобрицька сільська рада)	Odeska	Lyubashivskyi	47.8314	29.8914
66532	Янишівка (Бобрицька сільська рада)	Odeska	Lyubashivskyi	47.8314	29.8914
66533	Бобрик Другий (Бобрицька сільська рада)	Odeska	Lyubashivskyi	47.8314	29.8914
66534	Арчепитівка (Бобрицька сільська рада)	Odeska	Lyubashivskyi	47.8314	29.8914
66535	Степанівка (Іванівська сільська рада)	Odeska	Lyubashivskyi	47.8314	29.8914
66540	Новоселівка (Новоселівська сільська рада)	Odeska	Lyubashivskyi	47.8314	29.8914
66541	Демидівка (Новоселівська сільська рада)	Odeska	Lyubashivskyi	47.8314	29.8914
66542	Бокове (Боківська сільська рада)	Odeska	Lyubashivskyi	47.8314	29.8914
66543	Велике Бокове (Боківська сільська рада)	Odeska	Lyubashivskyi	47.8314	29.8914
66544	Петрівка (Боківська сільська рада)	Odeska	Lyubashivskyi	47.8314	29.8914
66545	Заплази (Боківська сільська рада)	Odeska	Lyubashivskyi	47.8314	29.8914
66548	Агафіївка (Агафіївська сільська рада)	Odeska	Lyubashivskyi	47.8314	29.8914
66549	Пилипівка (Агафіївська сільська рада)	Odeska	Lyubashivskyi	47.8314	29.8914
66551	Новокарбівка (Новокарбівська сільська рада)	Odeska	Lyubashivskyi	47.8314	29.8914
66552	Червоний Яр (Новокарбівська сільська рада)	Odeska	Lyubashivskyi	47.8314	29.8914
66553	Бобрицьке (Новокарбівська сільська рада)	Odeska	Lyubashivskyi	47.8314	29.8914
66554	Сирівське (Новокарбівська сільська рада)	Odeska	Lyubashivskyi	47.8314	29.8914
66555	Чайківське (Новокарбівська сільська рада)	Odeska	Lyubashivskyi	47.8314	29.8914
66556	Шкарбинка (Новокарбівська сільська рада)	Odeska	Lyubashivskyi	47.8314	29.8914
66557	Дмитрівське (Новокарбівська сільська рада)	Odeska	Lyubashivskyi	47.8314	29.8914
66558	Козачий Яр (Троїцька сільська рада)	Odeska	Lyubashivskyi	47.8314	29.8914
66559	Чайківка (Боківська сільська рада)	Odeska	Lyubashivskyi	47.8314	29.8914
66560	Троїцьке (Троїцька сільська рада)	Odeska	Lyubashivskyi	47.8314	29.8914
66561	Катеринівка Перша (Троїцька сільська рада)	Odeska	Lyubashivskyi	47.8314	29.8914
66562	Покровка (Покровська сільська рада)	Odeska	Lyubashivskyi	47.8314	29.8914
66563	Мала Василівка (Маловасилівська сільська рада)	Odeska	Lyubashivskyi	47.8314	29.8914
66564	Шайтанка (Троїцька сільська рада)	Odeska	Lyubashivskyi	47.8314	29.8914
66565	Комарівка (Маловасилівська сільська рада)	Odeska	Lyubashivskyi	47.8314	29.8914
66566	Новотроїцьке (Троїцька сільська рада)	Odeska	Lyubashivskyi	47.8314	29.8914
66567	Новоалександрівка (Маловасилівська сільська рада)	Odeska	Lyubashivskyi	47.8314	29.8914
66568	Велика Василівка (Маловасилівська сільська рада)	Odeska	Lyubashivskyi	47.8314	29.8914
66569	Михайлівка (Маловасилівська сільська рада)	Odeska	Lyubashivskyi	47.8314	29.8914
66700	Захарівка (Захарівська селищна рада)	Odeska	Zakharivskyi	47.8314	29.8914
66701	Богданове Перше (Войничівська сільська рада)	Odeska	Zakharivskyi	47.8314	29.8914
66702	Єлизаветівка (Захарівська селищна рада)	Odeska	Zakharivskyi	47.8314	29.8914
66703	Новопавлівка (Захарівська селищна рада)	Odeska	Zakharivskyi	47.8314	29.8914
66704	Стоянове (Захарівська селищна рада)	Odeska	Zakharivskyi	47.8314	29.8914
66705	Майорське (Захарівська селищна рада)	Odeska	Zakharivskyi	47.8314	29.8914
66706	Росіянівка (Росіянівська сільська рада)	Odeska	Zakharivskyi	47.8314	29.8914
66707	Балашове (Захарівська селищна рада)	Odeska	Zakharivskyi	47.8314	29.8914
66708	Гірківка (Захарівська селищна рада)	Odeska	Zakharivskyi	47.8314	29.8914
66709	Давидівка (Захарівська селищна рада)	Odeska	Zakharivskyi	47.8314	29.8914
66710	Мар'янівка (Мар'янівська сільська рада)	Odeska	Zakharivskyi	47.8314	29.8914
66711	Карабанове (Карабанівська сільська рада)	Odeska	Zakharivskyi	47.8314	29.8914
66712	Кошарка (Карабанівська сільська рада)	Odeska	Zakharivskyi	47.8314	29.8914
66713	Нова Шибка (Карабанівська сільська рада)	Odeska	Zakharivskyi	47.8314	29.8914
66714	Дементівка (Мар'янівська сільська рада)	Odeska	Zakharivskyi	47.8314	29.8914
66715	Оленівка (Мар'янівська сільська рада)	Odeska	Zakharivskyi	47.8314	29.8914
66716	Первомайське (Мар'янівська сільська рада)	Odeska	Zakharivskyi	47.8314	29.8914
66717	Петрівка (Мар'янівська сільська рада)	Odeska	Zakharivskyi	47.8314	29.8914
66718	Кримпулька (Карабанівська сільська рада)	Odeska	Zakharivskyi	47.8314	29.8914
66719	Новомиколаївка (Карабанівська сільська рада)	Odeska	Zakharivskyi	47.8314	29.8914
66720	Перехрестове (Перехрестівська сільська рада)	Odeska	Zakharivskyi	47.8314	29.8914
66721	Бірносове (Новозаріцька сільська рада)	Odeska	Zakharivskyi	47.8314	29.8914
66722	Онилове (Онилівська сільська рада)	Odeska	Zakharivskyi	47.8314	29.8914
66723	Перехрестове Перше (Перехрестівська сільська рада)	Odeska	Zakharivskyi	47.8314	29.8914
66724	Петрівка (Перехрестівська сільська рада)	Odeska	Zakharivskyi	47.8314	29.8914
66725	Новозаріцьке (Новозаріцька сільська рада)	Odeska	Zakharivskyi	47.8314	29.8914
66726	Перше Травня (Новозаріцька сільська рада)	Odeska	Zakharivskyi	47.8314	29.8914
66727	Федосіївка (Новозаріцька сільська рада)	Odeska	Zakharivskyi	47.8314	29.8914
66728	Жигайлове (Онилівська сільська рада)	Odeska	Zakharivskyi	47.8314	29.8914
66729	Мала Топорівка (Онилівська сільська рада)	Odeska	Zakharivskyi	47.8314	29.8914
66730	Василівка (Василівська сільська рада)	Odeska	Zakharivskyi	47.8314	29.8914
66731	Йосипівка (Йосипівська сільська рада)	Odeska	Zakharivskyi	47.8314	29.8914
66732	Самійлівка (Йосипівська сільська рада)	Odeska	Zakharivskyi	47.8314	29.8914
66733	Павлівка (Павлівська сільська рада)	Odeska	Zakharivskyi	47.8314	29.8914
66734	Червона Стінка (Василівська сільська рада)	Odeska	Zakharivskyi	47.8314	29.8914
66735	Унтилівка (Йосипівська сільська рада)	Odeska	Zakharivskyi	47.8314	29.8914
66736	Парканівка (Павлівська сільська рада)	Odeska	Zakharivskyi	47.8314	29.8914
66737	Глибокояр (Захарівська селищна рада)	Odeska	Zakharivskyi	47.8314	29.8914
66740	Затишшя (Затишанська селищна рада)	Odeska	Zakharivskyi	47.8314	29.8914
66741	Андрусова (Затишанська селищна рада)	Odeska	Zakharivskyi	47.8314	29.8914
66742	Краснопіль (Затишанська селищна рада)	Odeska	Zakharivskyi	47.8314	29.8914
66743	Торосове (Торосівська сільська рада)	Odeska	Zakharivskyi	47.8314	29.8914
66744	Войничеве	Odeska	Zakharivskyi	47.8314	29.8914
66745	Весела Балка (Затишанська селищна рада)	Odeska	Zakharivskyi	47.8314	29.8914
66746	Гедеримове Перше (Затишанська селищна рада)	Odeska	Zakharivskyi	47.8314	29.8914
66747	Дружелюбівка (Затишанська селищна рада)	Odeska	Zakharivskyi	47.8314	29.8914
66748	Загір'я (Затишанська селищна рада)	Odeska	Zakharivskyi	47.8314	29.8914
66749	Нова Григорівка (Затишанська селищна рада)	Odeska	Zakharivskyi	47.8314	29.8914
66750	Скинешори (Затишанська селищна рада)	Odeska	Zakharivskyi	47.8314	29.8914
66751	Володимирівка (Торосівська сільська рада)	Odeska	Zakharivskyi	47.8314	29.8914
66752	Іванівка (Торосівська сільська рада)	Odeska	Zakharivskyi	47.8314	29.8914
66753	Малорошове (Торосівська сільська рада)	Odeska	Zakharivskyi	47.8314	29.8914
66754	Савчинське (Войничівська сільська рада)	Odeska	Zakharivskyi	47.8314	29.8914
66800	Ширяєве (Ширяївська селищна рада)	Odeska	Shyriaivskyi	47.1652	30.9564
66801	Йосипівка (Ширяївська селищна рада)	Odeska	Shyriaivskyi	47.1652	30.9564
66802	Одаї (Ширяївська селищна рада)	Odeska	Shyriaivskyi	47.1652	30.9564
66803	Подільці (Ширяївська селищна рада)	Odeska	Shyriaivskyi	47.1652	30.9564
66807	Гребенюки (Олександрівська сільська рада)	Odeska	Shyriaivskyi	47.1652	30.9564
66808	Флоринське (Олександрівська сільська рада)	Odeska	Shyriaivskyi	47.1652	30.9564
66809	Новопавлівка (Миколаївська сільська рада)	Odeska	Shyriaivskyi	47.1652	30.9564
66810	Миколаївка (Миколаївська сільська рада)	Odeska	Shyriaivskyi	47.1652	30.9564
66811	Олександрівка (Олександрівська сільська рада)	Odeska	Shyriaivskyi	47.1652	30.9564
66812	Григорівка (Олександрівська сільська рада)	Odeska	Shyriaivskyi	47.1652	30.9564
66813	Вікторівка	Odeska	Shyriaivskyi	47.1652	30.9564
66814	Мар'янівка (Мар'янівська сільська рада)	Odeska	Shyriaivskyi	47.1652	30.9564
66815	Канцурове (Олександрівська сільська рада)	Odeska	Shyriaivskyi	47.1652	30.9564
66816	Трудолюбівка (Олександрівська сільська рада)	Odeska	Shyriaivskyi	47.1652	30.9564
66817	Мар'ївка (Вікторівська сільська рада)	Odeska	Shyriaivskyi	47.1652	30.9564
66818	Суха Журівка (Мар'янівська сільська рада)	Odeska	Shyriaivskyi	47.1652	30.9564
66820	Малігонове (Малігонівська сільська рада)	Odeska	Shyriaivskyi	47.1652	30.9564
66821	Бранкованове (Бранкованівська сільська рада)	Odeska	Shyriaivskyi	47.1652	30.9564
66822	Чогодарівка (Чогодарівська сільська рада)	Odeska	Shyriaivskyi	47.1652	30.9564
66823	Валентинівка (Чогодарівська сільська рада)	Odeska	Shyriaivskyi	47.1652	30.9564
66824	Володимирівка (Малігонівська сільська рада)	Odeska	Shyriaivskyi	47.1652	30.9564
66825	Копійкове (Малігонівська сільська рада)	Odeska	Shyriaivskyi	47.1652	30.9564
66826	Машенька (Малігонівська сільська рада)	Odeska	Shyriaivskyi	47.1652	30.9564
66827	Качулове (Чогодарівська сільська рада)	Odeska	Shyriaivskyi	47.1652	30.9564
66828	Самійлівка (Бранкованівська сільська рада)	Odeska	Shyriaivskyi	47.1652	30.9564
66829	Січневе (Новоандріївська сільська рада)	Odeska	Shyriaivskyi	47.1652	30.9564
66830	Чорний Кут (Чорнокутська сільська рада)	Odeska	Shyriaivskyi	47.1652	30.9564
66831	Новоандріївка (Новоандріївська сільська рада)	Odeska	Shyriaivskyi	47.1652	30.9564
66832	Преображенка (Чорнокутська сільська рада)	Odeska	Shyriaivskyi	47.1652	30.9564
66833	Старі Маяки (Старомаяківська сільська рада)	Odeska	Shyriaivskyi	47.1652	30.9564
66834	Скосарівське (Новоандріївська сільська рада)	Odeska	Shyriaivskyi	47.1652	30.9564
66835	Докторове (Новоандріївська сільська рада)	Odeska	Shyriaivskyi	47.1652	30.9564
66836	Зірка (Новоандріївська сільська рада)	Odeska	Shyriaivskyi	47.1652	30.9564
66837	Лідівка (Чорнокутська сільська рада)	Odeska	Shyriaivskyi	47.1652	30.9564
66838	Буци (Старомаяківська сільська рада)	Odeska	Shyriaivskyi	47.1652	30.9564
66839	Золочівське (Старомаяківська сільська рада)	Odeska	Shyriaivskyi	47.1652	30.9564
66840	Макарове (Макарівська сільська рада)	Odeska	Shyriaivskyi	47.1652	30.9564
66841	Осинівка (Осинівська сільська рада)	Odeska	Shyriaivskyi	47.1652	30.9564
66842	Саханське (Саханська сільська рада)	Odeska	Shyriaivskyi	47.1652	30.9564
66843	Галупове (Саханська сільська рада)	Odeska	Shyriaivskyi	47.1652	30.9564
66844	Журавське (Саханська сільська рада)	Odeska	Shyriaivskyi	47.1652	30.9564
66845	Никомаврівка (Саханська сільська рада)	Odeska	Shyriaivskyi	47.1652	30.9564
66846	Виноградівка (Осинівська сільська рада)	Odeska	Shyriaivskyi	47.1652	30.9564
66847	Новогуляївка (Осинівська сільська рада)	Odeska	Shyriaivskyi	47.1652	30.9564
66848	Олександро - Вовкове (Осинівська сільська рада)	Odeska	Shyriaivskyi	47.1652	30.9564
66849	Яринославка (Осинівська сільська рада)	Odeska	Shyriaivskyi	47.1652	30.9564
66850	Армашівка (Армашівська сільська рада)	Odeska	Shyriaivskyi	47.1652	30.9564
66851	Новосвітівка (Новосвітівська сільська рада)	Odeska	Shyriaivskyi	47.1652	30.9564
66852	Розкішне (Новосвітівська сільська рада)	Odeska	Shyriaivskyi	47.1652	30.9564
66853	Бердинове (Армашівська сільська рада)	Odeska	Shyriaivskyi	47.1652	30.9564
66854	Крижанівка (Армашівська сільська рада)	Odeska	Shyriaivskyi	47.1652	30.9564
66855	Жуковське (Армашівська сільська рада)	Odeska	Shyriaivskyi	47.1652	30.9564
66857	Нові Маяки (Старомаяківська сільська рада)	Odeska	Shyriaivskyi	47.1652	30.9564
66858	Тимофіївка (Старомаяківська сільська рада)	Odeska	Shyriaivskyi	47.1652	30.9564
66859	Якимів Яр (Старомаяківська сільська рада)	Odeska	Shyriaivskyi	47.1652	30.9564
66860	Петровірівка (Петровірівська сільська рада)	Odeska	Shyriaivskyi	47.1652	30.9564
66861	Катерино - Платонівка (Катерино - Платонівська сільська рада)	Odeska	Shyriaivskyi	47.1652	30.9564
66862	Маркевичеве (Катерино - Платонівська сільська рада)	Odeska	Shyriaivskyi	47.1652	30.9564
66863	Новоєлизаветівка (Новоєлизаветівська сільська рада)	Odeska	Shyriaivskyi	47.1652	30.9564
66864	Новопетрівка Перша (Новоєлизаветівська сільська рада)	Odeska	Shyriaivskyi	47.1652	30.9564
66865	Костянтинів (Петровірівська сільська рада)	Odeska	Shyriaivskyi	47.1652	30.9564
66867	Польове (Петровірівська сільська рада)	Odeska	Shyriaivskyi	47.1652	30.9564
66868	Ревова (Петровірівська сільська рада)	Odeska	Shyriaivskyi	47.1652	30.9564
66869	Ганно - Покровка (Катерино - Платонівська сільська рада)	Odeska	Shyriaivskyi	47.1652	30.9564
66870	Крижанівка (Катерино - Платонівська сільська рада)	Odeska	Shyriaivskyi	47.1652	30.9564
66871	Новоукраїнка (Катерино - Платонівська сільська рада)	Odeska	Shyriaivskyi	47.1652	30.9564
66872	Новостепанівка (Новоєлизаветівська сільська рада)	Odeska	Shyriaivskyi	47.1652	30.9564
66873	Сирітське Друге (Новоєлизаветівська сільська рада)	Odeska	Shyriaivskyi	47.1652	30.9564
66874	Сирітське Перше (Новоєлизаветівська сільська рада)	Odeska	Shyriaivskyi	47.1652	30.9564
66875	Стара Єлизаветівка (Новоєлизаветівська сільська рада)	Odeska	Shyriaivskyi	47.1652	30.9564
66876	Новопетрівка Друга (Новоєлизаветівська сільська рада)	Odeska	Shyriaivskyi	47.1652	30.9564
66877	Софіївка (Новоєлизаветівська сільська рада)	Odeska	Shyriaivskyi	47.1652	30.9564
67000	Миколаївка (Миколаївська селищна рада)	Odeska	Mykolaivskyi	46.6178	30.6172
67003	Ставкове (Миколаївська селищна рада)	Odeska	Mykolaivskyi	46.6178	30.6172
67004	Дружелюбівка (Миколаївська селищна рада)	Odeska	Mykolaivskyi	46.6178	30.6172
67005	Софіївка (Миколаївська селищна рада)	Odeska	Mykolaivskyi	46.6178	30.6172
67008	Морозова (Олексіївська сільська рада)	Odeska	Mykolaivskyi	46.6178	30.6172
67009	Сухий Овраг (Олексіївська сільська рада)	Odeska	Mykolaivskyi	46.6178	30.6172
67010	Олексіївка (Олексіївська сільська рада)	Odeska	Mykolaivskyi	46.6178	30.6172
67011	Василівка (Олексіївська сільська рада)	Odeska	Mykolaivskyi	46.6178	30.6172
67012	Каре (Олексіївська сільська рада)	Odeska	Mykolaivskyi	46.6178	30.6172
67013	Мала Дворянка (Олексіївська сільська рада)	Odeska	Mykolaivskyi	46.6178	30.6172
67014	Перемога (Миколаївська селищна рада)	Odeska	Mykolaivskyi	46.6178	30.6172
67015	Чарівне (Олексіївська сільська рада)	Odeska	Mykolaivskyi	46.6178	30.6172
67018	Новотроїцьке (Ісаївська сільська рада)	Odeska	Mykolaivskyi	46.6178	30.6172
67019	Каховка (Левадівська сільська рада)	Odeska	Mykolaivskyi	46.6178	30.6172
67020	Левадівка (Левадівська сільська рада)	Odeska	Mykolaivskyi	46.6178	30.6172
67021	Андрієво-Іванівка (Андрієво-Іванівська сільська рада)	Odeska	Mykolaivskyi	46.6178	30.6172
67022	Настасіївка (Настасіївська сільська рада)	Odeska	Mykolaivskyi	46.6178	30.6172
67023	Ісаєве (Ісаївська сільська рада)	Odeska	Mykolaivskyi	46.6178	30.6172
67024	Скосарівка (Скосарівська сільська рада)	Odeska	Mykolaivskyi	46.6178	30.6172
67025	Новогригорівка (Настасіївська сільська рада)	Odeska	Mykolaivskyi	46.6178	30.6172
67026	Добриднівка (Андрієво-Іванівська сільська рада)	Odeska	Mykolaivskyi	46.6178	30.6172
67027	Богданівка (Скосарівська сільська рада)	Odeska	Mykolaivskyi	46.6178	30.6172
67028	Веселе (Скосарівська сільська рада)	Odeska	Mykolaivskyi	46.6178	30.6172
67029	Піщана Петрівка (Настасіївська сільська рада)	Odeska	Mykolaivskyi	46.6178	30.6172
67030	Новопетрівка (Новопетрівська сільська рада)	Odeska	Mykolaivskyi	46.6178	30.6172
67031	Широке (Новопетрівська сільська рада)	Odeska	Mykolaivskyi	46.6178	30.6172
67032	Ульяновка (Ульяновська сільська рада)	Odeska	Mykolaivskyi	46.6178	30.6172
67033	Комарашеве (Ульяновська сільська рада)	Odeska	Mykolaivskyi	46.6178	30.6172
67034	Мар'янівка	Odeska	Mykolaivskyi	46.6178	30.6172
67035	Новопокровка (Ульяновська сільська рада)	Odeska	Mykolaivskyi	46.6178	30.6172
67038	Гвоздівка (Новопетрівська сільська рада)	Odeska	Mykolaivskyi	46.6178	30.6172
67039	Переселенці (Новопетрівська сільська рада)	Odeska	Mykolaivskyi	46.6178	30.6172
67040	Антонюки (Антонюківська сільська рада)	Odeska	Mykolaivskyi	46.6178	30.6172
67041	Романівка (Антонюківська сільська рада)	Odeska	Mykolaivskyi	46.6178	30.6172
67042	Амбарів (Антонюківська сільська рада)	Odeska	Mykolaivskyi	46.6178	30.6172
67045	Журівка (Стрюківська сільська рада)	Odeska	Mykolaivskyi	46.6178	30.6172
67046	Мартинівка (Стрюківська сільська рада)	Odeska	Mykolaivskyi	46.6178	30.6172
67048	Успенка (Стрюківська сільська рада)	Odeska	Mykolaivskyi	46.6178	30.6172
67050	Стрюкове (Стрюківська сільська рада)	Odeska	Mykolaivskyi	46.6178	30.6172
67051	Петрівка (Петрівська сільська рада)	Odeska	Mykolaivskyi	46.6178	30.6172
67052	Шабельники (Шабельницька сільська рада)	Odeska	Mykolaivskyi	46.6178	30.6172
67053	Жукове (Шабельницька сільська рада)	Odeska	Mykolaivskyi	46.6178	30.6172
67054	Сиротинка (Петрівська сільська рада)	Odeska	Mykolaivskyi	46.6178	30.6172
67055	Шевченка (Петрівська сільська рада)	Odeska	Mykolaivskyi	46.6178	30.6172
67056	Бірюкове (Шабельницька сільська рада)	Odeska	Mykolaivskyi	46.6178	30.6172
67057	Нова Григорівка (Шабельницька сільська рада)	Odeska	Mykolaivskyi	46.6178	30.6172
67100	Велика Михайлівка	Odeska	Velykomykhailivskyi	47.0797	29.8575
67101	Дурбайли (Новоборисівська сільська рада)	Odeska	Velykomykhailivskyi	47.0797	29.8575
67102	Вакарське (Новопетрівська сільська рада)	Odeska	Velykomykhailivskyi	47.0797	29.8575
67103	Новопетрівка (Новопетрівська сільська рада)	Odeska	Velykomykhailivskyi	47.0797	29.8575
67104	Іванівка (Новоборисівська сільська рада)	Odeska	Velykomykhailivskyi	47.0797	29.8575
67105	Дівоцьке (Великокомарівська сільська рада)	Odeska	Velykomykhailivskyi	47.0797	29.8575
67106	Грушка (Комарівська сільська рада)	Odeska	Velykomykhailivskyi	47.0797	29.8575
67107	Муратове (Стоянівська сільська рада)	Odeska	Velykomykhailivskyi	47.0797	29.8575
67108	Василівка (Стоянівська сільська рада)	Odeska	Velykomykhailivskyi	47.0797	29.8575
67109	Кучурган (Соше-Острівська сільська рада)	Odeska	Velykomykhailivskyi	47.0797	29.8575
67110	Соше-Острівське (Соше-Острівська сільська рада)	Odeska	Velykomykhailivskyi	47.0509	29.8177
67111	Комарівка (Комарівська сільська рада)	Odeska	Velykomykhailivskyi	47.0509	29.8177
67112	Новоолександрівка (Новоолександрівська сільська рада)	Odeska	Velykomykhailivskyi	47.0509	29.8177
67113	Стоянове (Стоянівська сільська рада)	Odeska	Velykomykhailivskyi	47.0509	29.8177
67114	Великокомарівка (Великокомарівська сільська рада)	Odeska	Velykomykhailivskyi	47.0509	29.8177
67115	Нові Бутори (Новоолександрівська сільська рада)	Odeska	Velykomykhailivskyi	47.0509	29.8177
67116	Платонівка (Великокомарівська сільська рада)	Odeska	Velykomykhailivskyi	47.0509	29.8177
67117	Трохимівка (Комарівська сільська рада)	Odeska	Velykomykhailivskyi	47.0509	29.8177
67118	Багачеве (Полезненська сільська рада)	Odeska	Velykomykhailivskyi	47.0509	29.8177
67119	Бессарабка (Полезненська сільська рада)	Odeska	Velykomykhailivskyi	47.0509	29.8177
67120	Полезне (Полезненська сільська рада)	Odeska	Velykomykhailivskyi	47.0509	29.8177
67121	Новоборисівка (Новоборисівська сільська рада)	Odeska	Velykomykhailivskyi	47.0509	29.8177
67123	Вишневе (Вишнівська сільська рада)	Odeska	Velykomykhailivskyi	47.0509	29.8177
67124	Водяне (Полезненська сільська рада)	Odeska	Velykomykhailivskyi	47.0509	29.8177
67125	Гіржове (Полезненська сільська рада)	Odeska	Velykomykhailivskyi	47.0509	29.8177
67126	Фрасине (Полезненська сільська рада)	Odeska	Velykomykhailivskyi	47.0509	29.8177
67127	Добрий Лук (Новоборисівська сільська рада)	Odeska	Velykomykhailivskyi	47.0509	29.8177
67128	Іринівка (Цебриківська селищна рада)	Odeska	Velykomykhailivskyi	47.0509	29.8177
67129	Мардарівка (Цебриківська селищна рада)	Odeska	Velykomykhailivskyi	47.0509	29.8177
67130	Цебрикове (Цебриківська селищна рада)	Odeska	Velykomykhailivskyi	47.0509	29.8177
67131	Малоцебрикове (Цебриківська селищна рада)	Odeska	Velykomykhailivskyi	47.0509	29.8177
67132	Поліно-Осипенкове (Цибулівська сільська рада)	Odeska	Velykomykhailivskyi	47.0509	29.8177
67133	Воробіївка (Вородіївська сільська рада)	Odeska	Velykomykhailivskyi	47.0509	29.8177
67134	Великозименове (Великозименівська сільська рада)	Odeska	Velykomykhailivskyi	47.0509	29.8177
67135	Ольгинове (Цебриківська селищна рада)	Odeska	Velykomykhailivskyi	47.0509	29.8177
67136	Малозименове (Цибулівська сільська рада)	Odeska	Velykomykhailivskyi	47.0509	29.8177
67137	Цибулівка (Цибулівська сільська рада)	Odeska	Velykomykhailivskyi	47.0509	29.8177
67138	Воробйове (Вородіївська сільська рада)	Odeska	Velykomykhailivskyi	47.0509	29.8177
67139	Марціянове (Великозименівська сільська рада)	Odeska	Velykomykhailivskyi	47.0509	29.8177
67140	Великоплоске (Великоплосківська сільська рада)	Odeska	Velykomykhailivskyi	47.0221	29.7778
67141	Тростянець (Тростянецька сільська рада)	Odeska	Velykomykhailivskyi	47.0221	29.7778
67142	Слов'яносербка (Слов'яносербська сільська рада)	Odeska	Velykomykhailivskyi	47.0221	29.7778
67143	Новосавицьке (Новосавицька сільська рада)	Odeska	Velykomykhailivskyi	47.0221	29.7778
67144	Гребеники (Гребениківська сільська рада)	Odeska	Velykomykhailivskyi	47.0221	29.7778
67145	Юрашеве (Вородіївська сільська рада)	Odeska	Velykomykhailivskyi	47.0221	29.7778
67146	Кістельниця (Тростянецька сільська рада)	Odeska	Velykomykhailivskyi	47.0221	29.7778
67147	Малоплоске (Тростянецька сільська рада)	Odeska	Velykomykhailivskyi	47.0221	29.7778
67148	Новоантонівка (Тростянецька сільська рада)	Odeska	Velykomykhailivskyi	47.0221	29.7778
67149	Орел	Odeska	Velykomykhailivskyi	47.0221	29.7778
67150	Новоселівка (Новоселівська сільська рада)	Odeska	Velykomykhailivskyi	47.0509	29.8177
67151	Мигаї (Мигаївська сільська рада)	Odeska	Velykomykhailivskyi	47.0509	29.8177
67152	Мигаєве (Мигаївська сільська рада)	Odeska	Velykomykhailivskyi	47.0509	29.8177
67153	Полішпакове (Полішпаковська сільська рада)	Odeska	Velykomykhailivskyi	47.0509	29.8177
67154	Мартове (Першотравнева сільська рада)	Odeska	Velykomykhailivskyi	47.0509	29.8177
67155	Трудомирівка (Новоселівська сільська рада)	Odeska	Velykomykhailivskyi	47.0509	29.8177
67156	Гірське (Новоселівська сільська рада)	Odeska	Velykomykhailivskyi	47.0509	29.8177
67157	Кардамичеве (Новоселівська сільська рада)	Odeska	Velykomykhailivskyi	47.0509	29.8177
67158	Три Криниці (Мигаївська сільська рада)	Odeska	Velykomykhailivskyi	47.0509	29.8177
67159	Козакове (Полішпаковська сільська рада)	Odeska	Velykomykhailivskyi	47.0509	29.8177
67160	Наливайкове (Полішпаковська сільська рада)	Odeska	Velykomykhailivskyi	47.0509	29.8177
67161	Данилівка (Першотравнева сільська рада)	Odeska	Velykomykhailivskyi	47.0509	29.8177
67162	Залізничне (Мигаївська сільська рада)	Odeska	Velykomykhailivskyi	47.0509	29.8177
67163	Мигаєве (Мигаївська сільська рада)	Odeska	Velykomykhailivskyi	47.0509	29.8177
67164	Заможне (Першотравнева сільська рада)	Odeska	Velykomykhailivskyi	47.0509	29.8177
67165	Першотравневе (Першотравнева сільська рада)	Odeska	Velykomykhailivskyi	47.0509	29.8177
67166	Мацкули (Новоборисівська сільська рада)	Odeska	Velykomykhailivskyi	47.0509	29.8177
67167	Новопавлівка (Цебриківська селищна рада)	Odeska	Velykomykhailivskyi	47.0509	29.8177
67168	Новороманівка (Цебриківська селищна рада)	Odeska	Velykomykhailivskyi	47.0509	29.8177
67169	Оленівка (Цебриківська селищна рада)	Odeska	Velykomykhailivskyi	47.0509	29.8177
67170	Поплавка (Новоборисівська сільська рада)	Odeska	Velykomykhailivskyi	47.0509	29.8177
67171	Преображенка (Новоборисівська сільська рада)	Odeska	Velykomykhailivskyi	47.0509	29.8177
67172	Путилівка (Новоборисівська сільська рада)	Odeska	Velykomykhailivskyi	47.0509	29.8177
67173	Райки (Новоборисівська сільська рада)	Odeska	Velykomykhailivskyi	47.0509	29.8177
67174	Тятри (Новоборисівська сільська рада)	Odeska	Velykomykhailivskyi	47.0509	29.8177
67175	Новоселівка (Вишневська сільська рада)	Odeska	Velykomykhailivskyi	47.0509	29.8177
67176	Привільне (Вишневська сільська рада)	Odeska	Velykomykhailivskyi	47.0509	29.8177
67177	Сокорове (Вишневська сільська рада)	Odeska	Velykomykhailivskyi	47.0509	29.8177
67178	Покровка (Тростянецька сільська рада)	Odeska	Velykomykhailivskyi	47.0509	29.8177
67179	Привілля (Тростянецька сільська рада)	Odeska	Velykomykhailivskyi	47.0509	29.8177
67180	Антоно - Ковач (Слов'яносербська сільська рада)	Odeska	Velykomykhailivskyi	47.0509	29.8177
67181	Олег (Слов'яносербська сільська рада)	Odeska	Velykomykhailivskyi	47.0509	29.8177
67182	Юрківка (Юрківська сільська рада)	Odeska	Velykomykhailivskyi	47.0509	29.8177
67183	Єрмішкове (Юрківська сільська рада)	Odeska	Velykomykhailivskyi	47.0509	29.8177
67200	Іванівка (Іванівська селищна рада)	Odeska	Ivanivskyi	48.2191	34.0124
67201	Баланини (Бузинівська сільська рада)	Odeska	Ivanivskyi	48.2191	34.0124
67202	Прохорове (Бузинівська сільська рада)	Odeska	Ivanivskyi	48.2191	34.0124
67208	Козлове (Михайлопільська сільська рада)	Odeska	Ivanivskyi	48.2191	34.0124
67209	Марціянове (Михайлопільська сільська рада)	Odeska	Ivanivskyi	48.2191	34.0124
67210	Михайлопіль (Михайлопільська сільська рада)	Odeska	Ivanivskyi	48.2191	34.0124
67211	Знам'янка (Знам'янська сільська рада)	Odeska	Ivanivskyi	48.2191	34.0124
67212	Радісне (Радісненська селищна рада)	Odeska	Ivanivskyi	48.2191	34.0124
67216	Люботаївка (Коноплянська сільська рада)	Odeska	Ivanivskyi	48.2191	34.0124
67217	Силівка (Коноплянська сільська рада)	Odeska	Ivanivskyi	48.2191	34.0124
67218	Тарасівка (Коноплянська сільська рада)	Odeska	Ivanivskyi	48.2191	34.0124
67219	Шерове (Коноплянська сільська рада)	Odeska	Ivanivskyi	48.2191	34.0124
67220	Конопляне (Коноплянська сільська рада)	Odeska	Ivanivskyi	48.2191	34.0124
67221	Калинівка (Калинівська сільська рада)	Odeska	Ivanivskyi	48.2191	34.0124
67222	Джугастрове (Калинівська сільська рада)	Odeska	Ivanivskyi	48.2191	34.0124
67223	Гудевичеве (Калинівська сільська рада)	Odeska	Ivanivskyi	48.2191	34.0124
67224	Великий Буялик (Великобуяликська сільська рада)	Odeska	Ivanivskyi	48.2191	34.0124
67225	Новакове (Калинівська сільська рада)	Odeska	Ivanivskyi	48.2191	34.0124
67226	Соколове (Калинівська сільська рада)	Odeska	Ivanivskyi	48.2191	34.0124
67227	Вовкове (Калинівська сільська рада)	Odeska	Ivanivskyi	48.2191	34.0124
67228	Лізинка (Павлинська сільська рада)	Odeska	Ivanivskyi	48.2191	34.0124
67229	Малинівка (Баранівська сільська рада)	Odeska	Ivanivskyi	48.2191	34.0124
67230	Баранове	Odeska	Ivanivskyi	49.6087	37.4439
67231	Білка (Білчанська сільська рада)	Odeska	Ivanivskyi	48.2191	34.0124
67232	Северинівка	Odeska	Ivanivskyi	46.8295	30.5809
67233	Адамівка (Северинівська сільська рада)	Odeska	Ivanivskyi	48.2191	34.0124
67234	Причепівка (Баранівська сільська рада)	Odeska	Ivanivskyi	48.2191	34.0124
67235	Сухомлинове (Баранівська сільська рада)	Odeska	Ivanivskyi	48.2191	34.0124
67236	Блонське (Білчанська сільська рада)	Odeska	Ivanivskyi	48.2191	34.0124
67237	Жовте (Білчанська сільська рада)	Odeska	Ivanivskyi	48.2191	34.0124
67238	Маслове (Білчанська сільська рада)	Odeska	Ivanivskyi	48.2191	34.0124
67239	Черняхівське	Odeska	Ivanivskyi	48.2191	34.0124
67240	Петрівка (Петрівська селищна рада)	Odeska	Ivanivskyi	48.2191	34.0124
67242	Улянівка (Петрівська селищна рада)	Odeska	Ivanivskyi	48.2191	34.0124
67243	Павлинка (Павлинська сільська рада)	Odeska	Ivanivskyi	48.2191	34.0124
67244	Нові Шомполи (Павлинська сільська рада)	Odeska	Ivanivskyi	48.2191	34.0124
67245	Василівка (Павлинська сільська рада)	Odeska	Ivanivskyi	48.2191	34.0124
67246	Созонівка (Павлинська сільська рада)	Odeska	Ivanivskyi	48.2191	34.0124
67247	Шаманівка (Павлинська сільська рада)	Odeska	Ivanivskyi	48.2191	34.0124
67248	Букачі (Павлинська сільська рада)	Odeska	Ivanivskyi	48.2191	34.0124
67251	Бузинове (Бузинівська сільська рада)	Odeska	Ivanivskyi	48.2191	34.0124
67252	Богунове (Коноплянська сільська рада)	Odeska	Ivanivskyi	48.2191	34.0124
67253	Руська Слобідка (Северинівська сільська рада)	Odeska	Ivanivskyi	48.2191	34.0124
67255	Шеметове (Білчанська сільська рада)	Odeska	Ivanivskyi	48.2191	34.0124
67256	Верхній Куяльник (Бузинівська сільська рада)	Odeska	Ivanivskyi	48.2191	34.0124
67257	Нижній Куяльник (Бузинівська сільська рада)	Odeska	Ivanivskyi	48.2191	34.0124
67300	Березівка	Odeska	Berezivskyi	47.2043	30.9078
67301	Зброжківка (Новоселівська сільська рада)	Odeska	Berezivskyi	47.2043	30.9078
67302	Ланове (Вікторівська сільська рада)	Odeska	Berezivskyi	47.2043	30.9078
67305	Чижове (Заводівська сільська рада)	Odeska	Berezivskyi	47.2043	30.9078
67306	Новогригорівка (Яснопільська сільська рада)	Odeska	Berezivskyi	47.2043	30.9078
67307	Роздол (Вікторівська сільська рада)	Odeska	Berezivskyi	47.2043	30.9078
67308	Раухівка (Раухівська селищна рада)	Odeska	Berezivskyi	47.2043	30.9078
67309	Кудрявка (Яснопільська сільська рада)	Odeska	Berezivskyi	47.2043	30.9078
67310	Яснопілля (Яснопільська сільська рада)	Odeska	Berezivskyi	47.2043	30.9078
67311	Михайлівка (Михайлівська сільська рада)	Odeska	Berezivskyi	47.2043	30.9078
67312	Демидове (Демидівська сільська рада)	Odeska	Berezivskyi	47.2043	30.9078
67313	Заводівка (Заводівська сільська рада)	Odeska	Berezivskyi	47.2043	30.9078
67314	Михайло-Олександрівка (Михайло-Олександрівська сільська рада)	Odeska	Berezivskyi	47.2043	30.9078
67315	Виноград (Заводівська сільська рада)	Odeska	Berezivskyi	47.2043	30.9078
67316	Чудське (Розквітівська сільська рада)	Odeska	Berezivskyi	47.2043	30.9078
67317	Юркове (Михайлівська сільська рада)	Odeska	Berezivskyi	47.2043	30.9078
67319	Веселинівка (Михайло-Олександрівська сільська рада)	Odeska	Berezivskyi	47.2043	30.9078
67320	Анатолівка (Анатолівська сільська рада)	Odeska	Berezivskyi	47.2043	30.9078
67321	Антонівка (Анатолівська сільська рада)	Odeska	Berezivskyi	47.2043	30.9078
67322	Ставкове (Ставківська сільська рада)	Odeska	Berezivskyi	47.2043	30.9078
67323	Нейкове (Ставківська сільська рада)	Odeska	Berezivskyi	47.2043	30.9078
67324	Розквіт (Розквітівська сільська рада)	Odeska	Berezivskyi	47.2043	30.9078
67325	Шутове (Розквітівська сільська рада)	Odeska	Berezivskyi	47.2043	30.9078
67326	Веселе (Анатолівська сільська рада)	Odeska	Berezivskyi	47.2043	30.9078
67327	Красне (Анатолівська сільська рада)	Odeska	Berezivskyi	47.2043	30.9078
67328	Данилівка (Ставківська сільська рада)	Odeska	Berezivskyi	47.2043	30.9078
67329	Рівне (Ставківська сільська рада)	Odeska	Berezivskyi	47.2043	30.9078
67330	Новоселівка (Новоселівська сільська рада)	Odeska	Berezivskyi	47.2043	30.9078
67331	Шевченкове (Шевченківська сільська рада)	Odeska	Berezivskyi	47.2043	30.9078
67332	Новоподільське (Новоселівська сільська рада)	Odeska	Berezivskyi	47.2043	30.9078
67333	Маринове (Маринівська сільська рада)	Odeska	Berezivskyi	47.2043	30.9078
67334	Балайчук (Маринівська сільська рада)	Odeska	Berezivskyi	47.2043	30.9078
67335	Чигирин (Шевченківська сільська рада)	Odeska	Berezivskyi	47.2043	30.9078
67336	Котовка (Михайлівська сільська рада)	Odeska	Berezivskyi	47.2043	30.9078
67337	Кринички (Розквітівська сільська рада)	Odeska	Berezivskyi	47.2043	30.9078
67338	Онорівка (Розквітівська сільська рада)	Odeska	Berezivskyi	47.2043	30.9078
67339	Вишневе (Розквітівська сільська рада)	Odeska	Berezivskyi	47.2043	30.9078
67340	Новокальчеве (Новокальчевська сільська рада)	Odeska	Berezivskyi	47.2043	30.9078
67341	Виноградне (Виноградненська сільська рада)	Odeska	Berezivskyi	47.2043	30.9078
67342	Семихатки (Новокальчевська сільська рада)	Odeska	Berezivskyi	47.2043	30.9078
67343	Травневе (Новокальчевська сільська рада)	Odeska	Berezivskyi	47.2043	30.9078
67344	Садове (Виноградненська сільська рада)	Odeska	Berezivskyi	47.2043	30.9078
67345	Мар'янівка (Гуляївська сільська рада)	Odeska	Berezivskyi	47.2043	30.9078
67346	Донська Балка (Степанівська сільська рада)	Odeska	Berezivskyi	47.2043	30.9078
67347	Донське (Степанівська сільська рада)	Odeska	Berezivskyi	47.2043	30.9078
67348	Карнагорове (Степанівська сільська рада)	Odeska	Berezivskyi	47.2043	30.9078
67349	Косівка (Степанівська сільська рада)	Odeska	Berezivskyi	47.2043	30.9078
67350	Вікторівка (Вікторівська сільська рада)	Odeska	Berezivskyi	47.2043	30.9078
67351	Степанівка (Степанівська сільська рада)	Odeska	Berezivskyi	47.2043	30.9078
67352	Чорногірка (Степанівська сільська рада)	Odeska	Berezivskyi	47.2043	30.9078
67353	Гуляївка (Гуляївська сільська рада)	Odeska	Berezivskyi	47.2043	30.9078
67354	Златоустове (Златоустівська сільська рада)	Odeska	Berezivskyi	47.2043	30.9078
67355	Танівка (Степанівська сільська рада)	Odeska	Berezivskyi	47.2043	30.9078
67356	Червоне (Степанівська сільська рада)	Odeska	Berezivskyi	47.2043	30.9078
67357	Одрадна Балка (Гуляївська сільська рада)	Odeska	Berezivskyi	47.2043	30.9078
67358	Сахарове (Гуляївська сільська рада)	Odeska	Berezivskyi	47.2043	30.9078
67359	Софіївка (Златоустівська сільська рада)	Odeska	Berezivskyi	47.2043	30.9078
67360	Ряснопіль (Ряснопільська сільська рада)	Odeska	Berezivskyi	47.2043	30.9078
67361	Основа (Ряснопільська сільська рада)	Odeska	Berezivskyi	47.2043	30.9078
67362	Петрівка (Ряснопільська сільська рада)	Odeska	Berezivskyi	47.2043	30.9078
67363	Зеленопілля (Ряснопільська сільська рада)	Odeska	Berezivskyi	47.2043	30.9078
67364	Сухине (Ряснопільська сільська рада)	Odeska	Berezivskyi	47.2043	30.9078
67365	Улянівка (Новокальчевська сільська рада)	Odeska	Berezivskyi	47.2043	30.9078
67366	Іванівка (Ряснопільська сільська рада)	Odeska	Berezivskyi	47.2043	30.9078
67400	Роздільна	Odeska	Rozdilnianskyi	46.8433	30.0792
67401	Бакалове (Старостинська сільська рада)	Odeska	Rozdilnianskyi	46.8433	30.0792
67402	Вапнярка (Марківська сільська рада)	Odeska	Rozdilnianskyi	46.8433	30.0792
67403	Велізарове (Старостинська сільська рада)	Odeska	Rozdilnianskyi	46.8433	30.0792
67404	Гетьманці (Марківська сільська рада)	Odeska	Rozdilnianskyi	46.8433	30.0792
67405	Дружба (Яковлівська сільська рада)	Odeska	Rozdilnianskyi	46.8433	30.0792
67406	Капаклієве (Новоукраїнська сільська рада)	Odeska	Rozdilnianskyi	46.8433	30.0792
67407	Матишівка (Кам'янська сільська рада)	Odeska	Rozdilnianskyi	46.8433	30.0792
67408	Петрівка (Марківська сільська рада)	Odeska	Rozdilnianskyi	46.8433	30.0792
67409	Петро - Євдокіївка (Новоукраїнська сільська рада)	Odeska	Rozdilnianskyi	46.8433	30.0792
67410	Марківка (Марківська сільська рада)	Odeska	Rozdilnianskyi	46.7658	30.297
67411	Гаївка (Гаївська сільська рада)	Odeska	Rozdilnianskyi	46.7658	30.297
67412	Яковлівка (Яковлівська сільська рада)	Odeska	Rozdilnianskyi	46.7658	30.297
67413	Новоселівка (Бецилівська сільська рада)	Odeska	Rozdilnianskyi	46.7658	30.297
67414	Новокостянтинівка (Марківська сільська рада)	Odeska	Rozdilnianskyi	46.7658	30.297
67415	Плавневе (Гаївська сільська рада)	Odeska	Rozdilnianskyi	46.7658	30.297
67416	Нове (Гаївська сільська рада)	Odeska	Rozdilnianskyi	46.7658	30.297
67417	Труд - Гребеник (Гаївська сільська рада)	Odeska	Rozdilnianskyi	46.7658	30.297
67418	Розалівка (Яковлівська сільська рада)	Odeska	Rozdilnianskyi	46.7658	30.297
67419	Веселе (Єреміївська сільська рада)	Odeska	Rozdilnianskyi	46.7658	30.297
67420	Старостине (Старостинська сільська рада)	Odeska	Rozdilnianskyi	46.7658	30.297
67421	Шевченкове (Старостинська сільська рада)	Odeska	Rozdilnianskyi	46.7658	30.297
67422	Понятівка (Понятівська сільська рада)	Odeska	Rozdilnianskyi	46.7658	30.297
67423	Кошари (Кошарська сільська рада)	Odeska	Rozdilnianskyi	46.7658	30.297
67424	Надія (Старостинська сільська рада)	Odeska	Rozdilnianskyi	46.7658	30.297
67425	Новий Гребеник (Старостинська сільська рада)	Odeska	Rozdilnianskyi	46.7658	30.297
67426	Парканці (Старостинська сільська рада)	Odeska	Rozdilnianskyi	46.7658	30.297
67427	Слобідка (Старостинська сільська рада)	Odeska	Rozdilnianskyi	46.7658	30.297
67428	Сухе (Старостинська сільська рада)	Odeska	Rozdilnianskyi	46.7658	30.297
67429	Балкове (Понятівська сільська рада)	Odeska	Rozdilnianskyi	46.7658	30.297
67430	Степанівка (Степанівська сільська рада)	Odeska	Rozdilnianskyi	46.7658	30.297
67431	Труд - Куток (Степанівська сільська рада)	Odeska	Rozdilnianskyi	46.7658	30.297
67432	Кам'янка (Кам'янська сільська рада)	Odeska	Rozdilnianskyi	46.7658	30.297
67433	Володимирівка (Кам'янська сільська рада)	Odeska	Rozdilnianskyi	46.7658	30.297
67434	Івано - Миколаївка (Степанівська сільська рада)	Odeska	Rozdilnianskyi	46.7658	30.297
67435	Антонівка (Кам'янська сільська рада)	Odeska	Rozdilnianskyi	46.7658	30.297
67436	Покровка (Кам'янська сільська рада)	Odeska	Rozdilnianskyi	46.7658	30.297
67437	Желепове (Бецилівська сільська рада)	Odeska	Rozdilnianskyi	46.7658	30.297
67438	Поташенкове (Єреміївська сільська рада)	Odeska	Rozdilnianskyi	46.7658	30.297
67439	Лозове (Кошарська сільська рада)	Odeska	Rozdilnianskyi	46.7658	30.297
67440	Бецилове (Бецилівська сільська рада)	Odeska	Rozdilnianskyi	46.7515	30.3734
67441	Новоукраїнка (Новоукраїнська сільська рада)	Odeska	Rozdilnianskyi	46.7515	30.3734
67442	Єреміївка (Єреміївська сільська рада)	Odeska	Rozdilnianskyi	46.7515	30.3734
67443	Бурдівка (Єреміївська сільська рада)	Odeska	Rozdilnianskyi	46.7515	30.3734
67444	Староконстянтинівка (Бецилівська сільська рада)	Odeska	Rozdilnianskyi	46.7515	30.3734
67445	Бринівка (Єреміївська сільська рада)	Odeska	Rozdilnianskyi	46.7515	30.3734
67446	Карпове (Благодатненська сільська рада)	Odeska	Rozdilnianskyi	46.7515	30.3734
67447	Олександрівка	Odeska	Rozdilnianskyi	46.7515	30.3734
67448	Шеметове (Єреміївська сільська рада)	Odeska	Rozdilnianskyi	46.7515	30.3734
67449	Богнатове (Єреміївська сільська рада)	Odeska	Rozdilnianskyi	46.7515	30.3734
67450	Кучурган (Кучурганська сільська рада)	Odeska	Rozdilnianskyi	46.7658	30.297
67451	Степове (Степова сільська рада)	Odeska	Rozdilnianskyi	46.7658	30.297
67452	Лиманське (Лиманська селищна рада)	Odeska	Rozdilnianskyi	46.7658	30.297
67453	Лиманське (Лиманська селищна рада)	Odeska	Rozdilnianskyi	46.7658	30.297
67454	Бугай (Гаївська сільська рада)	Odeska	Rozdilnianskyi	46.7658	30.297
67458	Ангелінівка (Яковлівська сільська рада)	Odeska	Rozdilnianskyi	46.7658	30.297
67459	Широке (Яковлівська сільська рада)	Odeska	Rozdilnianskyi	46.7658	30.297
67460	Благодатне (Благодатненська сільська рада)	Odeska	Rozdilnianskyi	46.7658	30.297
67461	Буцинівка (Буцинівська сільська рада)	Odeska	Rozdilnianskyi	46.7658	30.297
67462	Щербанка (Щербанська сільська рада)	Odeska	Rozdilnianskyi	46.7658	30.297
67463	Андрієво - Іванове (Благодатненська сільська рада)	Odeska	Rozdilnianskyi	46.7658	30.297
67464	Калантаївка (Благодатненська сільська рада)	Odeska	Rozdilnianskyi	46.7658	30.297
67465	Кузьменка (Буцинівська сільська рада)	Odeska	Rozdilnianskyi	46.7658	30.297
67466	Карпівка (Буцинівська сільська рада)	Odeska	Rozdilnianskyi	46.7658	30.297
67467	Міліардівка (Буцинівська сільська рада)	Odeska	Rozdilnianskyi	46.7658	30.297
67468	Нове (Щербанська сільська рада)	Odeska	Rozdilnianskyi	46.7658	30.297
67469	Новосільці (Щербанська сільська рада)	Odeska	Rozdilnianskyi	46.7658	30.297
67470	Єгорівка (Єгорівська сільська рада)	Odeska	Rozdilnianskyi	46.7027	30.4383
67471	Болгарка (Єгорівська сільська рада)	Odeska	Rozdilnianskyi	46.7027	30.4383
67472	Виноградар (Виноградарська сільська рада)	Odeska	Rozdilnianskyi	46.7027	30.4383
67473	Мале (Єгорівська сільська рада)	Odeska	Rozdilnianskyi	46.7027	30.4383
67474	Хоминка	Odeska	Rozdilnianskyi	46.7027	30.4383
67475	Єлизаветівка (Єгорівська сільська рада)	Odeska	Rozdilnianskyi	46.7027	30.4383
67476	Одрадове (Єгорівська сільська рада)	Odeska	Rozdilnianskyi	46.7027	30.4383
67477	Будячки (Виноградарська сільська рада)	Odeska	Rozdilnianskyi	46.7027	30.4383
67478	Вакулівка (Виноградарська сільська рада)	Odeska	Rozdilnianskyi	46.7027	30.4383
67479	Новодмитрівка Друга (Виноградарська сільська рада)	Odeska	Rozdilnianskyi	46.7027	30.4383
67481	Нові Чобручі (Старостинська сільська рада)	Odeska	Rozdilnianskyi	46.7658	30.297
67482	Виноградівка (Степова сільська рада)	Odeska	Rozdilnianskyi	46.7658	30.297
67483	Лучинське (Гаївська сільська рада)	Odeska	Rozdilnianskyi	46.7658	30.297
67484	Павлівка (Степанівська сільська рада)	Odeska	Rozdilnianskyi	46.7658	30.297
67485	Новокрасне (Степанівська сільська рада)	Odeska	Rozdilnianskyi	46.7658	30.297
67486	Новодмитрівка (Буцинівська сільська рада)	Odeska	Rozdilnianskyi	46.7658	30.297
67490	Миколаївка (Виноградарська сільська рада)	Odeska	Rozdilnianskyi	46.7658	30.297
67491	Новоградениця (Виноградарська сільська рада)	Odeska	Rozdilnianskyi	46.7658	30.297
67492	Перше Травня (Виноградарська сільська рада)	Odeska	Rozdilnianskyi	46.7658	30.297
67493	Світлогірське (Єгорівська сільська рада)	Odeska	Rozdilnianskyi	46.7658	30.297
67500	Доброслав	Odeska	Limanskyi	46.6178	30.6172
67501	Зоринове (Комінтернівська селищна рада)	Odeska	Limanskyi	46.6178	30.6172
67502	Нове Селище (Каїрська сільська рада)	Odeska	Limanskyi	46.6178	30.6172
67503	Вовківське (Комінтернівська селищна рада)	Odeska	Limanskyi	46.6178	30.6172
67504	Порт (Першотравнева сільська рада)	Odeska	Limanskyi	46.6178	30.6172
67505	Шевченкове-Кут	Odeska	Limanskyi	46.6178	30.6172
67506	Улянівка (Комінтернівська селищна рада)	Odeska	Limanskyi	46.6178	30.6172
67509	Вишневе (Сербківська сільська рада)	Odeska	Limanskyi	46.6178	30.6172
67510	Сербка (Сербківська сільська рада)	Odeska	Limanskyi	46.6178	30.6172
67511	Новомиколаївка (Новомиколаївська сільська рада)	Odeska	Limanskyi	46.6178	30.6172
67512	Курісове (Курісовська сільська рада)	Odeska	Limanskyi	46.6178	30.6172
67513	Олександрівка (Олександрівська сільська рада)	Odeska	Limanskyi	46.6178	30.6172
67514	Каїри (Каїрська сільська рада)	Odeska	Limanskyi	46.6178	30.6172
67515	Капітанівка (Новомиколаївська сільська рада)	Odeska	Limanskyi	46.6178	30.6172
67516	Олександрівка (Новомиколаївська сільська рада)	Odeska	Limanskyi	46.6178	30.6172
67517	Світле (Олександрівська сільська рада)	Odeska	Limanskyi	46.6178	30.6172
67518	Касяни (Шомполівська сільська рада)	Odeska	Limanskyi	46.6178	30.6172
67519	Ставки (Трояндівська сільська рада)	Odeska	Limanskyi	46.6178	30.6172
67520	Трояндове (Трояндівська сільська рада)	Odeska	Limanskyi	46.6178	30.6172
67521	Ониськове (Трояндівська сільська рада)	Odeska	Limanskyi	46.6178	30.6172
67522	Старі Шомполи (Шомполівська сільська рада)	Odeska	Limanskyi	46.6178	30.6172
67523	Великі Ламзаки (Шомполівська сільська рада)	Odeska	Limanskyi	46.6178	30.6172
67524	Якова (Шомполівська сільська рада)	Odeska	Limanskyi	46.6178	30.6172
67529	Широке (Калинівська сільська рада)	Odeska	Limanskyi	46.6178	30.6172
67530	Калинівка (Калинівська сільська рада)	Odeska	Limanskyi	46.6178	30.6172
67531	Кордон (Кордонська сільська рада)	Odeska	Limanskyi	46.6178	30.6172
67532	Дмитрівка (Дмитрівська сільська рада)	Odeska	Limanskyi	46.6178	30.6172
67533	Мар'янівка (Кордонська сільська рада)	Odeska	Limanskyi	46.6178	30.6172
67534	Пшонянове (Кордонська сільська рада)	Odeska	Limanskyi	46.6178	30.6172
67535	Тилігульське (Калинівська сільська рада)	Odeska	Limanskyi	46.6178	30.6172
67536	Бутівка (Дмитрівська сільська рада)	Odeska	Limanskyi	46.6178	30.6172
67537	Благодатне (Кремидівська сільська рада)	Odeska	Limanskyi	46.6178	30.6172
67538	Христо-Ботеве (Кремидівська сільська рада)	Odeska	Limanskyi	46.6178	30.6172
67539	Нове (Кремидівська сільська рада)	Odeska	Limanskyi	46.6178	30.6172
67540	Кремидівка (Кремидівська сільська рада)	Odeska	Limanskyi	46.6178	30.6172
67541	Першотравневе (Першотравнева сільська рада)	Odeska	Limanskyi	46.6178	30.6172
67542	Іванове (Іванівська сільська рада)	Odeska	Limanskyi	46.6178	30.6172
67543	Визирка (Визирська сільська рада)	Odeska	Limanskyi	46.6178	30.6172
67544	Степове (Кремидівська сільська рада)	Odeska	Limanskyi	46.6178	30.6172
67545	Зоря Труда (Першотравнева сільська рада)	Odeska	Limanskyi	46.6178	30.6172
67546	Кінне (Першотравнева сільська рада)	Odeska	Limanskyi	46.6178	30.6172
67547	Міщанка (Першотравнева сільська рада)	Odeska	Limanskyi	46.6178	30.6172
67548	Нова Вільшанка (Першотравнева сільська рада)	Odeska	Limanskyi	46.6178	30.6172
67549	Степанівка (Першотравнева сільська рада)	Odeska	Limanskyi	46.6178	30.6172
67550	Нові Білярі (Новобілярська селищна рада)	Odeska	Limanskyi	46.6178	30.6172
67551	Булдинка (Новобілярська селищна рада)	Odeska	Limanskyi	46.6178	30.6172
67552	Білярі (Новобілярська селищна рада)	Odeska	Limanskyi	46.6178	30.6172
67553	Григорівка (Новобілярська селищна рада)	Odeska	Limanskyi	46.6178	30.6172
67554	Гвардійське (Чорноморська селищна рада)	Odeska	Limanskyi	46.6178	30.6172
67555	Сичавка (Сичавська сільська рада)	Odeska	Limanskyi	46.6178	30.6172
67556	Воронівка (Визирська сільська рада)	Odeska	Limanskyi	46.6178	30.6172
67560	Красносілка (Красносільська сільська рада)	Odeska	Limanskyi	46.6178	30.6172
67561	Кубанка (Красносільська сільська рада)	Odeska	Limanskyi	46.6178	30.6172
67562	Крижанівка (Крижанівська сільська рада)	Odeska	Limanskyi	46.6178	30.6172
67563	Новокубанка (Красносільська сільська рада)	Odeska	Limanskyi	46.6178	30.6172
67570	Чорноморське (Чорноморська селищна рада)	Odeska	Limanskyi	46.6178	30.6172
67571	Фонтанка (Фонтанська сільська рада)	Odeska	Limanskyi	46.6178	30.6172
67572	Нова Дофінівка (Новодофінівська сільська рада)	Odeska	Limanskyi	46.6178	30.6172
67581	Кошари (Сичавська сільська рада)	Odeska	Limanskyi	46.6178	30.6172
67582	Ілічанка (Красносільська сільська рада)	Odeska	Limanskyi	46.6178	30.6172
67583	Корсунці (Красносільська сільська рада)	Odeska	Limanskyi	46.6178	30.6172
67584	Ліски (Крижанівська сільська рада)	Odeska	Limanskyi	46.6178	30.6172
67585	Вапнярка (Новодофінівська сільська рада)	Odeska	Limanskyi	46.6178	30.6172
67586	Любопіль (Любопільська сільська рада)	Odeska	Limanskyi	46.6178	30.6172
67587	Переможне (Красносільська сільська рада)	Odeska	Limanskyi	46.6178	30.6172
67588	Ранжеве (Любопільська сільська рада)	Odeska	Limanskyi	46.6178	30.6172
67601	Біляївка	Odeska	Biliaivskyi	46.4832	30.2168
67602	Біляївка	Odeska	Biliaivskyi	46.4832	30.2168
67610	Кам'янка (Кам'янська сільська рада)	Odeska	Biliaivskyi	46.4832	30.2168
67611	Секретарівка (Секретарівська сільська рада)	Odeska	Biliaivskyi	46.4832	30.2168
67612	Червона Гірка (Кам'янська сільська рада)	Odeska	Biliaivskyi	46.4832	30.2168
67613	Василівка (Василівська сільська рада)	Odeska	Biliaivskyi	46.4832	30.2168
67614	Кагарлик (Кагарлицька сільська рада)	Odeska	Biliaivskyi	46.4832	30.2168
67615	Михайлівка (Секретарівська сільська рада)	Odeska	Biliaivskyi	46.4832	30.2168
67618	Зоряне (Вигодянська сільська рада)	Odeska	Biliaivskyi	46.4832	30.2168
67619	Сонячне (Вигодянська сільська рада)	Odeska	Biliaivskyi	46.4832	30.2168
67620	Вигода (Вигодянська сільська рада)	Odeska	Biliaivskyi	46.4832	30.2168
67621	Паліївка (Вигодянська сільська рада)	Odeska	Biliaivskyi	46.4832	30.2168
67622	Березань (Березанська сільська рада)	Odeska	Biliaivskyi	46.4832	30.2168
67623	Петрове (Березанська сільська рада)	Odeska	Biliaivskyi	46.4832	30.2168
67624	Дачне (Дачненська сільська рада)	Odeska	Biliaivskyi	46.4832	30.2168
67625	Дачне (Дачненська сільська рада)	Odeska	Biliaivskyi	46.4832	30.2168
67626	Важне (Березанська сільська рада)	Odeska	Biliaivskyi	46.4832	30.2168
67627	Курган (Березанська сільська рада)	Odeska	Biliaivskyi	46.4832	30.2168
67629	Ковалівка (Іллінська сільська рада)	Odeska	Biliaivskyi	46.4832	30.2168
67630	Іллінка (Іллінська сільська рада)	Odeska	Biliaivskyi	46.4832	30.2168
67631	Маринівка (Маринівська сільська рада)	Odeska	Biliaivskyi	46.4832	30.2168
67632	Августівка (Августівська сільська рада)	Odeska	Biliaivskyi	46.4832	30.2168
67633	Латівка (Августівська сільська рада)	Odeska	Biliaivskyi	46.4832	30.2168
67634	Нова Ковалівка (Іллінська сільська рада)	Odeska	Biliaivskyi	46.4832	30.2168
67635	Тихе (Іллінська сільська рада)	Odeska	Biliaivskyi	46.4832	30.2168
67636	Чоботарівка (Іллінська сільська рада)	Odeska	Biliaivskyi	46.4832	30.2168
67637	Берегове (Маринівська сільська рада)	Odeska	Biliaivskyi	46.4832	30.2168
67638	Нова Еметівка (Маринівська сільська рада)	Odeska	Biliaivskyi	46.4832	30.2168
67639	Стара Еметівка (Маринівська сільська рада)	Odeska	Biliaivskyi	46.4832	30.2168
67640	Градениці (Граденицька сільська рада)	Odeska	Biliaivskyi	46.4832	30.2168
67641	Троїцьке (Троїцька сільська рада)	Odeska	Biliaivskyi	46.4832	30.2168
67642	Яськи (Ясківська сільська рада)	Odeska	Biliaivskyi	46.4832	30.2168
67643	Протопопівка (Августівська сільська рада)	Odeska	Biliaivskyi	46.4832	30.2168
67644	Черевичне (Августівська сільська рада)	Odeska	Biliaivskyi	46.4832	30.2168
67650	Майори (Майорівська сільська рада)	Odeska	Biliaivskyi	46.4832	30.2168
67651	Повстанське (Майорівська сільська рада)	Odeska	Biliaivskyi	46.4832	30.2168
67652	Мирне (Мирненська сільська рада)	Odeska	Biliaivskyi	46.4832	30.2168
67653	Широка Балка (Мирненська сільська рада)	Odeska	Biliaivskyi	46.4832	30.2168
67654	Маяки (Маяківська сільська рада)	Odeska	Biliaivskyi	46.4832	30.2168
67655	Доброжанове (Березанська сільська рада)	Odeska	Biliaivskyi	46.4832	30.2168
67659	Алтестове (Холоднобалківська сільська рада)	Odeska	Biliaivskyi	46.4832	30.2168
67660	Холодна Балка (Холоднобалківська сільська рада)	Odeska	Biliaivskyi	46.4832	30.2168
67661	Нерубайське (Нерубайська сільська рада)	Odeska	Biliaivskyi	46.4832	30.2168
67662	Велика Балка (Нерубайська сільська рада)	Odeska	Biliaivskyi	46.4832	30.2168
67663	Усатове (Усатівська сільська рада)	Odeska	Biliaivskyi	46.4832	30.2168
67664	Усатове - 1 (Нерубайська сільська рада)	Odeska	Biliaivskyi	46.4832	30.2168
67667	Хлібодарське (Хлібодарська селищна рада)	Odeska	Biliaivskyi	46.4832	30.2168
67668	Великий Дальник (Великодальницька сільська рада)	Odeska	Biliaivskyi	46.4832	30.2168
67669	Розселенець (Великодальницька сільська рада)	Odeska	Biliaivskyi	46.4832	30.2168
67671	Дослідне (Березанська сільська рада)	Odeska	Biliaivskyi	46.4832	30.2168
67672	Набережне (Августівська сільська рада)	Odeska	Biliaivskyi	46.4832	30.2168
67673	Радісне (Хлібодарська селищна рада)	Odeska	Biliaivskyi	46.4832	30.2168
67700	Білгород-Дністровський	Odeska	Bilhorod-Dnistrovskyi	46.1952	30.3494
67701	Білгород-Дністровський	Odeska	Bilhorod-Dnistrovskyi	46.1952	30.3494
67702	Бикоза (Мологівська сільська рада)	Odeska	Bilhorod-Dnistrovskyi	46.1952	30.3494
67703	Білгород-Дністровський	Odeska	Bilhorod-Dnistrovskyi	46.1952	30.3494
67704	Білгород-Дністровський	Odeska	Bilhorod-Dnistrovskyi	46.1952	30.3494
67705	Білгород-Дністровський	Odeska	Bilhorod-Dnistrovskyi	46.1952	30.3494
67706	Польове (Бритівська сільська рада)	Odeska	Bilhorod-Dnistrovskyi	46.1952	30.3494
67707	Білгород-Дністровський	Odeska	Bilhorod-Dnistrovskyi	46.1952	30.3494
67708	Білгород-Дністровський	Odeska	Bilhorod-Dnistrovskyi	46.1952	30.3494
67709	Черкеси (Бритівська сільська рада)	Odeska	Bilhorod-Dnistrovskyi	46.1952	30.3494
67710	Абрикосове (Салганська сільська рада)	Odeska	Bilhorod-Dnistrovskyi	46.1616	30.4161
67711	Вигон (Бритівська сільська рада)	Odeska	Bilhorod-Dnistrovskyi	46.1616	30.4161
67712	Салгани (Салганська сільська рада)	Odeska	Bilhorod-Dnistrovskyi	46.1616	30.4161
67720	Володимирівка (Володимирівська сільська рада)	Odeska	Bilhorod-Dnistrovskyi	46.1616	30.4161
67721	Руськоіванівка (Руськоіванівка сільська рада)	Odeska	Bilhorod-Dnistrovskyi	46.1616	30.4161
67722	Крутоярівка (Крутоярівська сільська рада)	Odeska	Bilhorod-Dnistrovskyi	46.1616	30.4161
67723	Стара Царичанка (Староцаричанська сільська рада)	Odeska	Bilhorod-Dnistrovskyi	46.1616	30.4161
67724	Нова Царичанка (Новоцаричанська сільська рада)	Odeska	Bilhorod-Dnistrovskyi	46.1616	30.4161
67725	Дальнічень (Володимирівська сільська рада)	Odeska	Bilhorod-Dnistrovskyi	46.1616	30.4161
67726	Чистоводне (Володимирівська сільська рада)	Odeska	Bilhorod-Dnistrovskyi	46.1616	30.4161
67730	Старокозаче (Старокозацька сільська рада)	Odeska	Bilhorod-Dnistrovskyi	46.1616	30.4161
67731	Удобне (Удобненська сільська рада)	Odeska	Bilhorod-Dnistrovskyi	46.1616	30.4161
67732	Петрівка (Петрівська сільська рада)	Odeska	Bilhorod-Dnistrovskyi	46.1616	30.4161
67733	Козацьке (Козацька сільська рада)	Odeska	Bilhorod-Dnistrovskyi	46.1616	30.4161
67734	Красна Коса (Краснокосянська сільська рада)	Odeska	Bilhorod-Dnistrovskyi	46.1616	30.4161
67735	Веселе (Семенівська сільська рада)	Odeska	Bilhorod-Dnistrovskyi	46.1616	30.4161
67740	Карналіївка (Карналіївська сільська рада)	Odeska	Bilhorod-Dnistrovskyi	46.1616	30.4161
67741	Підгірне (Підгірненська сільська рада)	Odeska	Bilhorod-Dnistrovskyi	46.1616	30.4161
67742	Андріївка (Андріївська сільська рада)	Odeska	Bilhorod-Dnistrovskyi	46.1616	30.4161
67743	Розкішне (Андріївська сільська рада)	Odeska	Bilhorod-Dnistrovskyi	46.1616	30.4161
67744	Монаші (Монашівська сільська рада)	Odeska	Bilhorod-Dnistrovskyi	46.1616	30.4161
67745	Зеленівка (Старокозацька сільська рада)	Odeska	Bilhorod-Dnistrovskyi	46.1616	30.4161
67746	Гончарівка (Семенівська сільська рада)	Odeska	Bilhorod-Dnistrovskyi	46.1616	30.4161
67749	Садове (Малогівська сільська рада)	Odeska	Bilhorod-Dnistrovskyi	46.1616	30.4161
67750	Семенівка (Семенівська сільська рада)	Odeska	Bilhorod-Dnistrovskyi	46.1616	30.4161
67751	Молога (Мологівська сільська рада)	Odeska	Bilhorod-Dnistrovskyi	46.1616	30.4161
67752	Випасне (Випасненська сільська рада)	Odeska	Bilhorod-Dnistrovskyi	46.1616	30.4161
67753	Випасне (Випасненська сільська рада)	Odeska	Bilhorod-Dnistrovskyi	46.1616	30.4161
67754	Південне (Семенівська сільська рада)	Odeska	Bilhorod-Dnistrovskyi	46.1616	30.4161
67755	Бритівка (Бритівська сільська рада)	Odeska	Bilhorod-Dnistrovskyi	46.1616	30.4161
67756	Нове (Мологівська сільська рада)	Odeska	Bilhorod-Dnistrovskyi	46.1616	30.4161
67760	Маразліївка (Маразліївська сільська рада)	Odeska	Bilhorod-Dnistrovskyi	46.1616	30.4161
67761	Олексіївка (Маразліївська сільська рада)	Odeska	Bilhorod-Dnistrovskyi	46.1616	30.4161
67762	Великомар'янівка (Великомар'янівська сільська рада)	Odeska	Bilhorod-Dnistrovskyi	46.1616	30.4161
67763	Долинівка (Великомар'янівська сільська рада)	Odeska	Bilhorod-Dnistrovskyi	46.1616	30.4161
67764	Широке (Широківська сільська рада)	Odeska	Bilhorod-Dnistrovskyi	46.1616	30.4161
67765	Полянка (Маразліївська сільська рада)	Odeska	Bilhorod-Dnistrovskyi	46.1616	30.4161
67766	Романівка (Маразліївська сільська рада)	Odeska	Bilhorod-Dnistrovskyi	46.1616	30.4161
67767	Зелене (Маразліївська сільська рада)	Odeska	Bilhorod-Dnistrovskyi	46.1616	30.4161
67770	Шабо (Шабівська сільська рада)	Odeska	Bilhorod-Dnistrovskyi	46.1449	30.5261
67771	Біленьке (Шабівська сільська рада)	Odeska	Bilhorod-Dnistrovskyi	46.1449	30.5261
67772	Затока	Odeska	Bilhorod-Dnistrovskyi	46.1449	30.5261
67773	Затока	Odeska	Bilhorod-Dnistrovskyi	46.1449	30.5261
67774	Затока	Odeska	Bilhorod-Dnistrovskyi	46.1449	30.5261
67775	Затока	Odeska	Bilhorod-Dnistrovskyi	46.1449	30.5261
67776	Прибережне (Шабівська сільська рада)	Odeska	Bilhorod-Dnistrovskyi	46.1449	30.5261
67780	Сергіївка	Odeska	Bilhorod-Dnistrovskyi	46.0272	30.3768
67781	Чабанське (Приморська сільська рада)	Odeska	Bilhorod-Dnistrovskyi	46.0272	30.3768
67787	Попаздра (Приморська сільська рада)	Odeska	Bilhorod-Dnistrovskyi	46.0272	30.3768
67788	Авидівка (Адамівська сільська рада)	Odeska	Bilhorod-Dnistrovskyi	46.0272	30.3768
67789	Благодатне (Адамівська сільська рада)	Odeska	Bilhorod-Dnistrovskyi	46.0272	30.3768
67790	Адамівка (Адамівська сільська рада)	Odeska	Bilhorod-Dnistrovskyi	46.1616	30.4161
67791	Софіївка (Софіївська сільська рада)	Odeska	Bilhorod-Dnistrovskyi	46.1616	30.4161
67792	Приморське (Приморська сільська рада)	Odeska	Bilhorod-Dnistrovskyi	46.1616	30.4161
67793	Курортне (Приморська сільська рада)	Odeska	Bilhorod-Dnistrovskyi	46.1616	30.4161
67794	Миколаївка (Миколаївська сільська рада)	Odeska	Bilhorod-Dnistrovskyi	46.1616	30.4161
67795	Привітне (Салганська сільська рада)	Odeska	Bilhorod-Dnistrovskyi	46.1616	30.4161
67796	Вільне (Приморська сільська рада)	Odeska	Bilhorod-Dnistrovskyi	46.1616	30.4161
67797	Косівка (Приморська сільська рада)	Odeska	Bilhorod-Dnistrovskyi	46.1616	30.4161
67798	Сухолужжя (Випасненська сільська рада)	Odeska	Bilhorod-Dnistrovskyi	46.1616	30.4161
67801	Овідіополь	Odeska	Ovidiopolskyi	46.25	30.4413
67802	Овідіополь	Odeska	Ovidiopolskyi	46.25	30.4413
67806	Авангард (Авангардівська селищна рада)	Odeska	Ovidiopolskyi	46.25	30.4413
67810	Петродолинське (Петродолинська сільська рада)	Odeska	Ovidiopolskyi	46.25	30.4413
67811	Йосипівка (Йосипівська сільська рада)	Odeska	Ovidiopolskyi	46.25	30.4413
67812	Надлиманське (Надлиманська сільська рада)	Odeska	Ovidiopolskyi	46.25	30.4413
67813	Миколаївка (Миколаївська сільська рада)	Odeska	Ovidiopolskyi	46.25	30.4413
67815	Калаглія (Калаглійська сільська рада)	Odeska	Ovidiopolskyi	46.25	30.4413
67816	Лібенталь (Йосипівська сільська рада)	Odeska	Ovidiopolskyi	46.25	30.4413
67820	Прилиманське (Прилиманська сільська рада)	Odeska	Ovidiopolskyi	46.25	30.4413
67821	Сухий Лиман (Сухолиманська сільська рада)	Odeska	Ovidiopolskyi	46.25	30.4413
67822	Нова Долина (Новодолинська сільська рада)	Odeska	Ovidiopolskyi	46.25	30.4413
67830	Новоградківка (Новоградківська сільська рада)	Odeska	Ovidiopolskyi	46.25	30.4413
67831	Мар'янівка (Мар'янівська сільська рада)	Odeska	Ovidiopolskyi	46.25	30.4413
67832	Великодолинське (Великодолинська селищна рада)	Odeska	Ovidiopolskyi	46.25	30.4413
67834	Доброолександрівка (Доброолександрівська сільська рада)	Odeska	Ovidiopolskyi	46.25	30.4413
67840	Молодіжне (Молодіжненська сільська рада)	Odeska	Ovidiopolskyi	46.25	30.4413
67841	Барабой (Барабойська сільська рада)	Odeska	Ovidiopolskyi	46.25	30.4413
67842	Дальник (Дальницька сільська рада)	Odeska	Ovidiopolskyi	46.25	30.4413
67843	Роксолани (Роксоланівська сільська рада)	Odeska	Ovidiopolskyi	46.25	30.4413
67844	Кароліно-Бугаз (Караліно-Бугаська сільська рада)	Odeska	Ovidiopolskyi	46.25	30.4413
67845	Богатирівка (Барабойська сільська рада)	Odeska	Ovidiopolskyi	46.25	30.4413
67846	Грибівка (Дальницька сільська рада)	Odeska	Ovidiopolskyi	46.25	30.4413
67851	Санжійка (Дальницька сільська рада)	Odeska	Ovidiopolskyi	46.25	30.4413
67900	Окни	Odeska	Оknianskyi	47.5404	29.46
67901	Новий Орач (Малаївська сільська рада)	Odeska	Оknianskyi	47.5404	29.46
67903	Флора (Окнянська селищна рада)	Odeska	Оknianskyi	47.5404	29.46
67904	Волярка (Окнянська селищна рада)	Odeska	Оknianskyi	47.5404	29.46
67905	Нова Волярка (Окнянська селищна рада)	Odeska	Оknianskyi	47.5404	29.46
67909	Сагайдак (Топалівська сільська рада)	Odeska	Оknianskyi	47.5404	29.46
67910	Топали (Топалівська сільська рада)	Odeska	Оknianskyi	47.5404	29.46
67911	Чорна (Чорнянська сільська рада)	Odeska	Оknianskyi	47.5404	29.46
67912	Гавиноси (Гавиноська сільська рада)	Odeska	Оknianskyi	47.5404	29.46
67913	Дігори (Чорнянська сільська рада)	Odeska	Оknianskyi	47.5404	29.46
67920	Федосіївка (Федосіївська сільська рада)	Odeska	Оknianskyi	47.5404	29.46
67921	Новокрасне (Федосіївська сільська рада)	Odeska	Оknianskyi	47.5404	29.46
67922	Цеханівка (Цеханівська сільська рада)	Odeska	Оknianskyi	47.5404	29.46
67923	Степанівка (Цеханівська сільська рада)	Odeska	Оknianskyi	47.5404	29.46
67924	Горячівка (Цеханівська сільська рада)	Odeska	Оknianskyi	47.5404	29.46
67927	Самарка (Дубівська сільська рада)	Odeska	Оknianskyi	47.5404	29.46
67928	Галочі (Довжанська сільська рада)	Odeska	Оknianskyi	47.5404	29.46
67929	Одаї (Довжанська сільська рада)	Odeska	Оknianskyi	47.5404	29.46
67930	Довжанка (Довжанська сільська рада)	Odeska	Оknianskyi	47.5404	29.46
67931	Артирівка (Довжанська сільська рада)	Odeska	Оknianskyi	47.5404	29.46
67932	Малаївці (Малаївська сільська рада)	Odeska	Оknianskyi	47.5404	29.46
67933	Дубове (Дубівська сільська рада)	Odeska	Оknianskyi	47.5404	29.46
67934	Ткаченка (Дубівська сільська рада)	Odeska	Оknianskyi	47.5404	29.46
67935	Ілля (Довжанська сільська рада)	Odeska	Оknianskyi	47.5404	29.46
67936	Унтилівка (Малаївська сільська рада)	Odeska	Оknianskyi	47.5404	29.46
67937	Омелянівка (Цеханівська сільська рада)	Odeska	Оknianskyi	47.5404	29.46
67938	Орлівка (Дубівська сільська рада)	Odeska	Оknianskyi	47.5404	29.46
67939	Розівка (Дубівська сільська рада)	Odeska	Оknianskyi	47.5404	29.46
67940	Ставрове (Ставрівська сільська рада)	Odeska	Оknianskyi	47.5404	29.46
67941	Антонівка (Антонівська сільська рада)	Odeska	Оknianskyi	47.5404	29.46
67942	Новосамарка (Новосамарська сільська рада)	Odeska	Оknianskyi	47.5404	29.46
67943	Маяки (Маякська сільська рада)	Odeska	Оknianskyi	47.5404	29.46
67944	Левантівка (Маяківська сільська рада)	Odeska	Оknianskyi	47.5404	29.46
67945	Новомихайлівка (Маяківська сільська рада)	Odeska	Оknianskyi	47.5404	29.46
67946	Новосеменівка (Маяківська сільська рада)	Odeska	Оknianskyi	47.5404	29.46
67947	Василівка (Ставрівська сільська рада)	Odeska	Оknianskyi	47.5404	29.46
67948	Дем'янівка (Ставрівська сільська рада)	Odeska	Оknianskyi	47.5404	29.46
67949	Калістратівка (Ставрівська сільська рада)	Odeska	Оknianskyi	47.5404	29.46
67950	Гулянка (Гулянська сільська рада)	Odeska	Оknianskyi	47.5404	29.46
67951	Тригради (Гулянська сільська рада)	Odeska	Оknianskyi	47.5404	29.46
67952	Римарівка (Римарівська сільська рада)	Odeska	Оknianskyi	47.5404	29.46
67953	Нестерове (Римарівська сільська рада)	Odeska	Оknianskyi	47.5404	29.46
67954	Садове (Римарівська сільська рада)	Odeska	Оknianskyi	47.5404	29.46
67955	Вижине (Маяківська сільська рада)	Odeska	Оknianskyi	47.5404	29.46
67956	Дністровець (Римарівська сільська рада)	Odeska	Оknianskyi	47.5404	29.46
67957	Улянівка (Гулянська сільська рада)	Odeska	Оknianskyi	47.5404	29.46
67958	Будаївці (Гулянська сільська рада)	Odeska	Оknianskyi	47.5404	29.46
67959	Новорозівка (Гулянська сільська рада)	Odeska	Оknianskyi	47.5404	29.46
67960	Платонове (Гулянська сільська рада)	Odeska	Оknianskyi	47.5404	29.46
67961	Федорівка (Гулянська сільська рада)	Odeska	Оknianskyi	47.5404	29.46
67965	Федорівка (Ставрівська сільська рада)	Odeska	Оknianskyi	47.5404	29.46
67966	Володимирівка (Антонівська сільська рада)	Odeska	Оknianskyi	47.5404	29.46
67967	Нагірне (Антонівська сільська рада)	Odeska	Оknianskyi	47.5404	29.46
67968	Іванівка (Новосамарська сільська рада)	Odeska	Оknianskyi	47.5404	29.46
67969	Олександрівка (Новосамарська сільська рада)	Odeska	Оknianskyi	47.5404	29.46
68000	Чорноморськ (Чорноморська міська рада)	Odeska	Chernomorsk	45.647	29.0499
68001	Чорноморськ (Чорноморська міська рада)	Odeska	Chernomorsk	45.647	29.0499
68002	Чорноморськ (Чорноморська міська рада)	Odeska	Chernomorsk	45.647	29.0499
68003	Чорноморськ (Чорноморська міська рада)	Odeska	Chernomorsk	45.647	29.0499
68004	Чорноморськ (Чорноморська міська рада)	Odeska	Chernomorsk	45.647	29.0499
68091	Олександрівка (Чорноморська міська рада)	Odeska	Chernomorsk	45.647	29.0499
68093	Малодолинське (Чорноморська міська рада)	Odeska	Chernomorsk	45.647	29.0499
68094	Бурлача Балка (Чорноморська міська рада)	Odeska	Chernomorsk	45.647	29.0499
68100	Татарбунари	Odeska	Tatarbunarskyi	45.8373	29.6142
68101	Нова Олексіївка (Дельжилерська сільська рада)	Odeska	Tatarbunarskyi	45.8373	29.6142
68110	Дельжилер (Дельжилерська сільська рада)	Odeska	Tatarbunarskyi	45.7304	29.609
68111	Баштанівка (Баштанівська сільська рада)	Odeska	Tatarbunarskyi	45.7304	29.609
68112	Борисівка (Борисівська сільська рада)	Odeska	Tatarbunarskyi	45.7304	29.609
68113	Глибоке	Odeska	Tatarbunarskyi	45.7304	29.609
68120	Струмок (Струмківська сільська рада)	Odeska	Tatarbunarskyi	45.7892	29.6411
68121	Спаське (Струмківська сільська рада)	Odeska	Tatarbunarskyi	45.7892	29.6411
68122	Нерушай (Нерушайська сільська рада)	Odeska	Tatarbunarskyi	45.7892	29.6411
68123	Балабанка (Рибальська сільська рада)	Odeska	Tatarbunarskyi	45.7892	29.6411
68130	Білолісся (Білоліська сільська рада)	Odeska	Tatarbunarskyi	45.7892	29.6411
68131	Вишневе (Вишнівська сільська рада)	Odeska	Tatarbunarskyi	45.7892	29.6411
68132	Рибальське (Рибальська сільська рада)	Odeska	Tatarbunarskyi	45.7892	29.6411
68133	Кочкувате (Кочкуватська сільська рада)	Odeska	Tatarbunarskyi	45.7892	29.6411
68140	Трапівка	Odeska	Tatarbunarskyi	45.8	29.7
68141	Лиман (Лиманська сільська рада)	Odeska	Tatarbunarskyi	45.8	29.7
68142	Приморське (Приморська сільська рада)	Odeska	Tatarbunarskyi	45.8	29.7
68143	Зарічне (Трапівська сільська рада)	Odeska	Tatarbunarskyi	45.8	29.7
68144	Новоселиця (Трапівська сільська рада)	Odeska	Tatarbunarskyi	45.8	29.7
68145	Трихатки (Приморська сільська рада)	Odeska	Tatarbunarskyi	45.8	29.7
68150	Дивізія (Дивізійська сільська рада)	Odeska	Tatarbunarskyi	45.7892	29.6411
68151	Лиман (Дивізійська сільська рада)	Odeska	Tatarbunarskyi	45.7892	29.6411
68152	Жовтий Яр (Жовтоярська сільська рада)	Odeska	Tatarbunarskyi	45.7892	29.6411
68153	Маразліївка (Жовтоярська сільська рада)	Odeska	Tatarbunarskyi	45.7892	29.6411
68154	Нове (Жовтоярська сільська рада)	Odeska	Tatarbunarskyi	45.7892	29.6411
68156	Ройлянка (Жовтоярська сільська рада)	Odeska	Tatarbunarskyi	45.7892	29.6411
68157	Царичанка (Жовтоярська сільська рада)	Odeska	Tatarbunarskyi	45.7892	29.6411
68160	Тузли (Тузлівська сільська рада)	Odeska	Tatarbunarskyi	45.7892	29.6411
68161	Безім'янка (Безім'янська сільська рада)	Odeska	Tatarbunarskyi	45.7892	29.6411
68162	Базар'янка (Базар'янська сільська рада)	Odeska	Tatarbunarskyi	45.7892	29.6411
68163	Лебедівка (Тузлівська сільська рада)	Odeska	Tatarbunarskyi	45.7892	29.6411
68164	Весела Балка (Тузлівська сільська рада)	Odeska	Tatarbunarskyi	45.7892	29.6411
68165	Веселе (Безім'янська сільська рада)	Odeska	Tatarbunarskyi	45.7892	29.6411
68166	Садове (Безім'янська сільська рада)	Odeska	Tatarbunarskyi	45.7892	29.6411
68167	Новомихайлівка (Тузлівська сільська рада)	Odeska	Tatarbunarskyi	45.7892	29.6411
68200	Сарата	Odeska	Saratskyi	46.0197	29.6657
68209	Фуратівка (Міняйлівська сільська рада)	Odeska	Saratskyi	46.0197	29.6657
68210	Міняйлівка (Міняйлівська сільська рада)	Odeska	Saratskyi	46.0681	29.6593
68211	Петропавлівка (Петропавлівська сільська рада)	Odeska	Saratskyi	46.0681	29.6593
68212	Старосілля (Старосільська сільська рада)	Odeska	Saratskyi	46.0681	29.6593
68213	Фараонівка (Фараонівська сільська рада)	Odeska	Saratskyi	46.0681	29.6593
68214	Пшеничне (Фараонівська сільська рада)	Odeska	Saratskyi	46.0681	29.6593
68215	Семисотка (Старосільська сільська рада)	Odeska	Saratskyi	46.0681	29.6593
68220	Надежда (Надеждинська сільська рада)	Odeska	Saratskyi	46.1166	29.6529
68221	Благодатне (Надеждинська сільська рада)	Odeska	Saratskyi	46.1166	29.6529
68222	Пасічне (Надеждинська сільська рада)	Odeska	Saratskyi	46.1166	29.6529
68223	Мирнопілля (Мирнопільська сільська рада)	Odeska	Saratskyi	46.1166	29.6529
68224	Негрове (Надеждинська сільська рада)	Odeska	Saratskyi	46.1166	29.6529
68225	Кам'янка (Мирнопільська сільська рада)	Odeska	Saratskyi	46.1166	29.6529
68226	Нова Іванівка (Мирнопільська сільська рада)	Odeska	Saratskyi	46.1166	29.6529
68227	Нова Плахтіївка	Odeska	Saratskyi	46.1166	29.6529
68230	Введенка (Введенська сільська рада)	Odeska	Saratskyi	46.0681	29.6593
68231	Світлодолинське (Світлодолинська сільська рада)	Odeska	Saratskyi	46.0681	29.6593
68232	Плахтіївка (Плахтіївська сільська рада)	Odeska	Saratskyi	46.0681	29.6593
68239	Лугове (Ройлянська сільська рада)	Odeska	Saratskyi	46.0681	29.6593
68240	Ройлянка (Ройлянська сільська рада)	Odeska	Saratskyi	46.0681	29.6593
68241	Забари (Забарівська сільська рада)	Odeska	Saratskyi	46.0681	29.6593
68242	Успенівка (Успенівська сільська рада)	Odeska	Saratskyi	46.0681	29.6593
68243	Крива Балка (Кривобалківська сільська рада)	Odeska	Saratskyi	46.0681	29.6593
68244	Миколаївка - Новоросійська (Миколаївсько - Новоросійська сільська рада)	Odeska	Saratskyi	46.0681	29.6593
68245	Комишівка Перша (Успенівська сільська рада)	Odeska	Saratskyi	46.0681	29.6593
68246	Над'ярне (Кривобалківська сільська рада)	Odeska	Saratskyi	46.0681	29.6593
68250	Новоселівка (Новоселівська сільська рада)	Odeska	Saratskyi	46.0681	29.6593
68251	Зоря (Зорянська сільська рада)	Odeska	Saratskyi	46.0681	29.6593
68252	Михайлівка (Михайлівська сільська рада)	Odeska	Saratskyi	46.0681	29.6593
68253	Долинка (Долинська сільська рада)	Odeska	Saratskyi	46.0681	29.6593
68260	Ярославка (Ярославська сільська рада)	Odeska	Saratskyi	46.0681	29.6593
68261	Кулевча (Кулевчанська сільська рада)	Odeska	Saratskyi	46.0681	29.6593
68262	Розівка (Розівська сільська рада)	Odeska	Saratskyi	46.0681	29.6593
68263	Сергіївка (Сергіївська сільська рада)	Odeska	Saratskyi	46.0681	29.6593
68264	Великорибальське (Ярославська сільська рада)	Odeska	Saratskyi	46.0681	29.6593
68265	Костянтинівка (Кулевчанська сільська рада)	Odeska	Saratskyi	46.0681	29.6593
68271	Молодове (Надеждинська сільська рада)	Odeska	Saratskyi	46.0681	29.6593
68301	Кілія	Odeska	Kiliiskyi	45.4552	29.2637
68302	Кілія	Odeska	Kiliiskyi	45.4552	29.2637
68303	Кілія	Odeska	Kiliiskyi	45.4552	29.2637
68310	Старі Трояни (Старотроянівська сільська рада)	Odeska	Kiliiskyi	45.4552	29.2637
68311	Дзинілор (Старотроянівська сільська рада)	Odeska	Kiliiskyi	45.4552	29.2637
68312	Приозерне (Приозерненська сільська рада)	Odeska	Kiliiskyi	45.4552	29.2637
68315	Біле (Вилківська міська рада)	Odeska	Kiliiskyi	45.4552	29.2637
68320	Новоселівка (Новоселівська сільська рада)	Odeska	Kiliiskyi	45.4552	29.2637
68321	Фурманівка (Фурманівська сільська рада)	Odeska	Kiliiskyi	45.4552	29.2637
68322	Червоний Яр (Червоноярівська сільська рада)	Odeska	Kiliiskyi	45.4552	29.2637
68323	Василівка (Василівська сільська рада)	Odeska	Kiliiskyi	45.4552	29.2637
68330	Дмитрівка (Дмитрівська сільська рада)	Odeska	Kiliiskyi	45.4552	29.2637
68331	Трудове (Трудівська сільська рада)	Odeska	Kiliiskyi	45.4552	29.2637
68332	Шевченкове (Шевченківська сільська рада)	Odeska	Kiliiskyi	45.4552	29.2637
68333	Помазани (Шевченківська сільська рада)	Odeska	Kiliiskyi	45.4552	29.2637
68334	Миколаївка (Трудівська сільська рада)	Odeska	Kiliiskyi	45.4552	29.2637
68340	Мирне (Мирнівська сільська рада)	Odeska	Kiliiskyi	45.4552	29.2637
68341	Десантне (Десантненська сільська рада)	Odeska	Kiliiskyi	45.4552	29.2637
68342	Новомиколаївка (Десантненська сільська рада)	Odeska	Kiliiskyi	45.4552	29.2637
68350	Приморське (Приморська сільська рада)	Odeska	Kiliiskyi	45.4552	29.2637
68354	Ліски (Лісківська сільська рада)	Odeska	Kiliiskyi	45.4552	29.2637
68355	Вилкове (Вилківська міська рада)	Odeska	Kiliiskyi	45.4552	29.2637
68401	Арциз	Odeska	Artsyzkyi	45.9919	29.4182
68402	Арциз	Odeska	Artsyzkyi	45.9919	29.4182
68404	Арциз	Odeska	Artsyzkyi	45.9919	29.4182
68410	Нові Каплани (Новокапланівська сільська рада)	Odeska	Artsyzkyi	45.9919	29.4182
68411	Вознесенка Перша (Вознесенська Перша сільська рада)	Odeska	Artsyzkyi	45.9919	29.4182
68412	Вишняки (Вознесенська Перша сільська рада)	Odeska	Artsyzkyi	45.9919	29.4182
68413	Мирнопілля (Мирнопільська сільська рада)	Odeska	Artsyzkyi	45.9919	29.4182
68414	Новохолмське (Холмська сільська рада)	Odeska	Artsyzkyi	45.9919	29.4182
68415	Василівка (Новокапланівська сільська рада)	Odeska	Artsyzkyi	45.9919	29.4182
68420	Веселий Кут (Веселокутська сільська рада)	Odeska	Artsyzkyi	45.9919	29.4182
68421	Теплиця (Теплицька сільська рада)	Odeska	Artsyzkyi	45.9919	29.4182
68422	Садове (Теплицька сільська рада)	Odeska	Artsyzkyi	45.9919	29.4182
68423	Новомирне (Вознесенська Перша сільська рада)	Odeska	Artsyzkyi	45.9919	29.4182
68424	Роща (Веселокутська сільська рада)	Odeska	Artsyzkyi	45.9919	29.4182
68430	Нова Іванівка (Новоіванівська сільська рада)	Odeska	Artsyzkyi	45.9919	29.4182
68431	Делень (Деленська сільська рада)	Odeska	Artsyzkyi	45.9919	29.4182
68432	Новоселівка (Деленська сільська рада)	Odeska	Artsyzkyi	45.9919	29.4182
68433	Задунаївка (Задунаївська сільська рада)	Odeska	Artsyzkyi	45.9919	29.4182
68434	Главані (Главанська сільська рада)	Odeska	Artsyzkyi	45.9919	29.4182
68440	Прямобалка (Прямобалківська сільська рада)	Odeska	Artsyzkyi	45.9919	29.4182
68441	Кам'янське (Кам'янська сільська рада)	Odeska	Artsyzkyi	45.9919	29.4182
68442	Острівне (Острівненська сільська рада)	Odeska	Artsyzkyi	45.9919	29.4182
68443	Холмське (Холмська сільська рада)	Odeska	Artsyzkyi	45.9919	29.4182
68449	Зелена Балка (Павлівська сільська рада)	Odeska	Artsyzkyi	45.9919	29.4182
68450	Павлівка (Павлівська сільська рада)	Odeska	Artsyzkyi	45.9919	29.4182
68451	Долинівка (Долинівська сільська рада)	Odeska	Artsyzkyi	45.9919	29.4182
68452	Виноградівка (Виноградівська сільська рада)	Odeska	Artsyzkyi	45.9919	29.4182
68453	Плоцьк (Виноградівська сільська рада)	Odeska	Artsyzkyi	45.9919	29.4182
68454	Надеждівка (Надеждівська сільська рада)	Odeska	Artsyzkyi	45.9919	29.4182
68500	Тарутине	Odeska	Tarutynskyi	46.1864	29.152
68501	Ганнівка (Височанська сільська рада)	Odeska	Tarutynskyi	46.1864	29.152
68502	Підгірне (Новотарутинська сільська рада)	Odeska	Tarutynskyi	46.1864	29.152
68505	Булатівка (Новотарутинська сільська рада)	Odeska	Tarutynskyi	46.1864	29.152
68506	Новоукраїнка (Новотарутинська сільська рада)	Odeska	Tarutynskyi	46.1864	29.152
68507	Олексіївка (Новотарутинська сільська рада)	Odeska	Tarutynskyi	46.1864	29.152
68508	Матильдівка (Петрівська Друга сільська рада)	Odeska	Tarutynskyi	46.1864	29.152
68509	Новосілка (Петрівська Друга сільська рада)	Odeska	Tarutynskyi	46.1864	29.152
68510	Петрівка (Петрівська Друга сільська рада)	Odeska	Tarutynskyi	46.4845	29.045
68511	Височанське	Odeska	Tarutynskyi	46.4845	29.045
68512	Нове Тарутине (Новотарутинська сільська рада)	Odeska	Tarutynskyi	46.4845	29.045
68513	Петрівськ (Петрівська Перша сільська рада)	Odeska	Tarutynskyi	46.4845	29.045
68514	Вознесенка Друга (Вознесенська Друга сільська рада)	Odeska	Tarutynskyi	46.4845	29.045
68515	Євгенівка (Євгенівська сільська рада)	Odeska	Tarutynskyi	46.4845	29.045
68516	Лужанка (Рівненська сільська рада)	Odeska	Tarutynskyi	46.4845	29.045
68517	Плачинда (Новотарутинська сільська рада)	Odeska	Tarutynskyi	46.4845	29.045
68518	Благодатне (Вознесенська Друга сільська рада)	Odeska	Tarutynskyi	46.4845	29.045
68519	Кролівка (Вознесенська Друга сільська рада)	Odeska	Tarutynskyi	46.4845	29.045
68520	Сухувате (Петрівська Перша сільська рада)	Odeska	Tarutynskyi	46.3006	29.1735
68521	Калачівка (Калачівська сільська рада)	Odeska	Tarutynskyi	46.3006	29.1735
68522	Серпневе (Серпневська селищна рада)	Odeska	Tarutynskyi	46.3006	29.1735
68523	Слобідка (Калачівська сільська рада)	Odeska	Tarutynskyi	46.3006	29.1735
68524	Підгірне (Підгірненська сільська рада)	Odeska	Tarutynskyi	46.3006	29.1735
68525	Надрічне (Надрічненська сільська рада)	Odeska	Tarutynskyi	46.3006	29.1735
68526	Іванчанка (Надрічненська сільська рада)	Odeska	Tarutynskyi	46.3006	29.1735
68527	Скриванівка (Вознесенська Друга сільська рада)	Odeska	Tarutynskyi	46.3006	29.1735
68528	Володимирівка (Євгенівська сільська рада)	Odeska	Tarutynskyi	46.3006	29.1735
68529	Рівне (Євгенівська сільська рада)	Odeska	Tarutynskyi	46.3006	29.1735
68530	Лісне (Лісненська сільська рада)	Odeska	Tarutynskyi	46.3006	29.1735
68531	Ганнівка (Ганнівська сільська рада)	Odeska	Tarutynskyi	46.3006	29.1735
68532	Олександрівка (Олександрівська сільська рада)	Odeska	Tarutynskyi	46.3006	29.1735
68533	Юр'ївка (Юр'ївська сільська рада)	Odeska	Tarutynskyi	46.3006	29.1735
68534	Ламбрівка (Ламбрівська сільська рада)	Odeska	Tarutynskyi	46.3006	29.1735
68535	Миколаївка (Миколаївська сільська рада)	Odeska	Tarutynskyi	46.3006	29.1735
68536	Новоселівка (Ганнівська сільська рада)	Odeska	Tarutynskyi	46.3006	29.1735
68537	Богданівка (Юр'ївська сільська рада)	Odeska	Tarutynskyi	46.3006	29.1735
68538	Єлизаветівка (Юр'ївська сільська рада)	Odeska	Tarutynskyi	46.3006	29.1735
68540	Бородіно (Бородінська селищна рада)	Odeska	Tarutynskyi	46.231	29.3235
68542	Березине (Березинська селищна рада)	Odeska	Tarutynskyi	46.231	29.3235
68544	Весела Долина	Odeska	Tarutynskyi	46.231	29.3235
68545	Перемога (Перемогівська сільська рада)	Odeska	Tarutynskyi	46.231	29.3235
68546	Єлизаветівка (Перемогівська сільська рада)	Odeska	Tarutynskyi	46.231	29.3235
68547	Роза (Перемогівська сільська рада)	Odeska	Tarutynskyi	46.231	29.3235
68550	Виноградівка (Виноградівська сільська рада)	Odeska	Tarutynskyi	46.3006	29.1735
68551	Малоярославець Другий (Малоярославецька Друга сільська рада)	Odeska	Tarutynskyi	46.3006	29.1735
68552	Красне (Красненська сільська рада)	Odeska	Tarutynskyi	46.3006	29.1735
68553	Ярове (Ярівська сільська рада)	Odeska	Tarutynskyi	46.3006	29.1735
68554	Малоярославець Перший (Ярівська сільська рада)	Odeska	Tarutynskyi	46.3006	29.1735
68555	Рівне (Рівненська сільська рада)	Odeska	Tarutynskyi	46.3006	29.1735
68556	Вільне (Вільненська сільська рада)	Odeska	Tarutynskyi	46.3006	29.1735
68558	Червоне (Вознесенська Друга сільська рада)	Odeska	Tarutynskyi	46.3006	29.1735
68600	Ізмаїл	Odeska	Izmailskyi	45.3493	28.8408
68601	Ізмаїл	Odeska	Izmailskyi	45.3493	28.8408
68602	Ізмаїл	Odeska	Izmailskyi	45.3493	28.8408
68603	Ізмаїл	Odeska	Izmailskyi	45.3493	28.8408
68604	Ізмаїл	Odeska	Izmailskyi	45.3493	28.8408
68606	Ізмаїл	Odeska	Izmailskyi	45.3493	28.8408
68607	Ізмаїл	Odeska	Izmailskyi	45.3493	28.8408
68608	Ізмаїл	Odeska	Izmailskyi	45.3493	28.8408
68609	Ізмаїл	Odeska	Izmailskyi	45.3493	28.8408
68610	Ізмаїл	Odeska	Izmailskyi	45.3493	28.8408
68611	Ізмаїл	Odeska	Izmailskyi	45.3493	28.8408
68612	Ізмаїл	Odeska	Izmailskyi	45.3493	28.8408
68640	Суворове (Суворовська селищна рада)	Odeska	Izmailskyi	45.3493	28.8408
68641	Новокаланчак (Каланчацька сільська рада)	Odeska	Izmailskyi	45.3493	28.8408
68642	Каланчак (Каланчацька сільська рада)	Odeska	Izmailskyi	45.3493	28.8408
68643	Кам'янка (Кам'янська сільська рада)	Odeska	Izmailskyi	45.3493	28.8408
68644	Лощинівка (Лощинівська сільська рада)	Odeska	Izmailskyi	45.3493	28.8408
68645	Утконосівка (Утконосівська сільська рада)	Odeska	Izmailskyi	45.3493	28.8408
68646	Новокам'янка (Кам'янська сільська рада)	Odeska	Izmailskyi	45.3493	28.8408
68650	Кирнички (Кирничанська сільська рада)	Odeska	Izmailskyi	45.3493	28.8408
68651	Нова Покровка (Новопокровська сільська рада)	Odeska	Izmailskyi	45.3493	28.8408
68652	Муравлівка (Муравлівська сільська рада)	Odeska	Izmailskyi	45.3493	28.8408
68653	Комишівка (Комишівська сільська рада)	Odeska	Izmailskyi	45.3493	28.8408
68654	Першотравневе (Першотравнева сільська рада)	Odeska	Izmailskyi	45.3493	28.8408
68655	Кислиця (Кислицька сільська рада)	Odeska	Izmailskyi	45.3493	28.8408
68660	Озерне (Озерненська сільська рада)	Odeska	Izmailskyi	45.3493	28.8408
68661	Нова Некрасівка (Новонекрасівська сільська рада)	Odeska	Izmailskyi	45.3493	28.8408
68662	Ларжанка (Ларжанська сільська рада)	Odeska	Izmailskyi	45.3493	28.8408
68663	Броска (Бросківська сільська рада)	Odeska	Izmailskyi	45.3493	28.8408
68664	Матроська (Матроська сільська рада)	Odeska	Izmailskyi	45.3493	28.8408
68670	Саф'яни (Саф'янівська сільська рада)	Odeska	Izmailskyi	45.3493	28.8408
68671	Багате (Багатянська сільська рада)	Odeska	Izmailskyi	45.3493	28.8408
68672	Стара Некрасівка (Старонекрасівська сільська рада)	Odeska	Izmailskyi	45.3493	28.8408
68681	Дунайське (Старонекрасівська сільська рада)	Odeska	Izmailskyi	45.3493	28.8408
68682	Новоозерне (Озерненська сільська рада)	Odeska	Izmailskyi	45.3493	28.8408
68702	Болград	Odeska	Bolhradskyi	45.6826	28.6149
68710	Дмитрівка (Дмитрівська сільська рада)	Odeska	Bolhradskyi	45.6351	28.6184
68711	Нові Трояни (Новотроянівська сільська рада)	Odeska	Bolhradskyi	45.6351	28.6184
68712	Городнє (Городненська сільська рада)	Odeska	Bolhradskyi	45.6351	28.6184
68713	Олександрівка (Олександрівська сільська рада)	Odeska	Bolhradskyi	45.6351	28.6184
68720	Кубей (Кубейська сільська рада)	Odeska	Bolhradskyi	45.6351	28.6184
68721	Оріхівка (Оріхівська сільська рада)	Odeska	Bolhradskyi	45.6351	28.6184
68722	Виноградне (Виноградненська сільська рада)	Odeska	Bolhradskyi	45.6351	28.6184
68723	Калчева (Калчівська сільська рада)	Odeska	Bolhradskyi	45.6351	28.6184
68724	Голиця (Голицька сільська рада)	Odeska	Bolhradskyi	45.6351	28.6184
68730	Табаки (Табаківська сільська рада)	Odeska	Bolhradskyi	45.6812	28.5714
68731	Залізничне (Залізничненська сільська рада)	Odeska	Bolhradskyi	45.6812	28.5714
68733	Виноградівка	Odeska	Bolhradskyi	45.6812	28.5714
68739	Тополине (Оксамитненська сільська рада)	Odeska	Bolhradskyi	45.6812	28.5714
68740	Оксамитне (Оксамитненська сільська рада)	Odeska	Bolhradskyi	45.5414	28.669
68741	Владичень (Владиченська сільська рада)	Odeska	Bolhradskyi	45.5414	28.669
68742	Криничне	Odeska	Bolhradskyi	45.5414	28.669
68743	Коса (Криничненська сільська рада)	Odeska	Bolhradskyi	45.5414	28.669
68750	Баннівка (Баннівська сільська рада)	Odeska	Bolhradskyi	45.6351	28.6184
68751	Каракурт (Каракуртська сільська рада)	Odeska	Bolhradskyi	45.6351	28.6184
68752	Василівка (Василівська сільська рада)	Odeska	Bolhradskyi	45.6351	28.6184
68802	Рені	Odeska	Reniiskyi	45.4573	28.2932
68803	Рені	Odeska	Reniiskyi	45.4573	28.2932
68810	Долинське (Долинська сільська рада)	Odeska	Reniiskyi	45.4573	28.2932
68811	Лиманське (Лиманська сільська рада)	Odeska	Reniiskyi	45.4573	28.2932
68820	Котловина (Котловинська сільська рада)	Odeska	Reniiskyi	45.4573	28.2932
68821	Нагірне (Нагірненська сільська рада)	Odeska	Reniiskyi	45.4573	28.2932
68822	Плавні (Плавнівська сільська рада)	Odeska	Reniiskyi	45.4573	28.2932
68830	Новосільське (Новосільська сільська рада)	Odeska	Reniiskyi	45.4573	28.2932
68831	Орлівка (Орлівська сільська рада)	Odeska	Reniiskyi	45.4573	28.2932
36000	Полтава	Poltavska	Poltavska	49.5937	34.5407
36001	Полтава	Poltavska	Poltavska	49.5937	34.5407
36002	Полтава	Poltavska	Poltavska	49.5937	34.5407
36003	Полтава	Poltavska	Poltavska	49.5937	34.5407
36004	Полтава	Poltavska	Poltavska	49.5937	34.5407
36005	Полтава	Poltavska	Poltavska	49.5937	34.5407
36007	Полтава	Poltavska	Poltavska	49.5937	34.5407
36008	Полтава	Poltavska	Poltavska	49.5937	34.5407
36009	Полтава	Poltavska	Poltavska	49.5937	34.5407
36010	Полтава	Poltavska	Poltavska	49.5937	34.5407
36011	Полтава	Poltavska	Poltavska	49.5937	34.5407
36013	Полтава	Poltavska	Poltavska	49.5937	34.5407
36014	Полтава	Poltavska	Poltavska	49.5937	34.5407
36015	Полтава	Poltavska	Poltavska	49.5937	34.5407
36017	Полтава	Poltavska	Poltavska	49.5937	34.5407
36018	Полтава	Poltavska	Poltavska	49.5937	34.5407
36020	Полтава	Poltavska	Poltavska	49.5937	34.5407
36021	Полтава	Poltavska	Poltavska	49.5937	34.5407
36022	Полтава	Poltavska	Poltavska	49.5937	34.5407
36023	Полтава	Poltavska	Poltavska	49.5937	34.5407
36033	Полтава	Poltavska	Poltavska	49.5937	34.5407
36034	Полтава	Poltavska	Poltavska	49.5937	34.5407
36039	Полтава	Poltavska	Poltavska	49.5937	34.5407
36040	Полтава	Poltavska	Poltavska	49.5937	34.5407
36041	Полтава	Poltavska	Poltavska	49.5937	34.5407
36042	Полтава	Poltavska	Poltavska	49.5937	34.5407
37000	Пирятин	Poltavska	Pyriatynskyi	50.2424	32.5062
37001	Пирятин	Poltavska	Pyriatynskyi	50.2424	32.5062
37002	Пирятин	Poltavska	Pyriatynskyi	50.2424	32.5062
37003	Архемівка	Poltavska	Pyriatynskyi	50.2191	32.23
37004	Верхоярівка	Poltavska	Pyriatynskyi	50.2693	32.4757
37005	Вечірки	Poltavska	Pyriatynskyi	50.34	32.2715
37006	Високе	Poltavska	Pyriatynskyi	50.2366	32.5662
37007	Голобородька	Poltavska	Pyriatynskyi	50.2544	32.5764
37008	Замостище	Poltavska	Pyriatynskyi	50.2744	32.5156
37009	Заріччя	Poltavska	Pyriatynskyi	50.2441	32.5383
37010	Давидівка	Poltavska	Pyriatynskyi	50.3644	32.3962
37011	Гурбинці	Poltavska	Pyriatynskyi	50.359	32.4787
37012	Нові Мартиновичі	Poltavska	Pyriatynskyi	50.3768	32.4371
37013	Грабарівка	Poltavska	Pyriatynskyi	50.3809	32.3465
37014	Ївженки	Poltavska	Pyriatynskyi	50.2711	32.4958
37015	Калиновий Міст	Poltavska	Pyriatynskyi	50.3256	32.4592
37016	Леляки	Poltavska	Pyriatynskyi	50.3256	32.4948
37017	Мала Круча	Poltavska	Pyriatynskyi	50.2127	32.5603
37018	Мар'їнське	Poltavska	Pyriatynskyi	50.3256	32.4592
37019	Меченки	Poltavska	Pyriatynskyi	50.3145	32.4646
37020	Білоцерківці	Poltavska	Pyriatynskyi	50.3343	32.7348
37021	Яцини	Poltavska	Pyriatynskyi	50.2972	32.7569
37022	Харківці	Poltavska	Pyriatynskyi	50.2678	32.5833
37023	Вишневе (Харьківецька)	Poltavska	Pyriatynskyi	50.2724	32.544
37024	Могилевщина	Poltavska	Pyriatynskyi	50.2724	32.544
37025	Олександрівка	Poltavska	Pyriatynskyi	50.2463	32.386
37026	Першотравневе	Poltavska	Pyriatynskyi	50.2884	32.4356
37027	Рівне	Poltavska	Pyriatynskyi	50.2282	32.4282
37028	Червоне	Poltavska	Pyriatynskyi	50.311	32.3497
37029	Шкурати	Poltavska	Pyriatynskyi	50.2059	32.6774
37030	Каплинці	Poltavska	Pyriatynskyi	50.2992	32.5448
37031	Усівка	Poltavska	Pyriatynskyi	50.3261	32.5361
37032	Сасинівка	Poltavska	Pyriatynskyi	50.3119	32.4156
37033	Кейбалівка	Poltavska	Pyriatynskyi	50.3099	32.5079
37040	Березова Рудка	Poltavska	Pyriatynskyi	50.3162	32.2326
37041	Крячківка	Poltavska	Pyriatynskyi	50.3016	32.3058
37042	Смотрики	Poltavska	Pyriatynskyi	50.2791	32.1381
37043	Малютинці	Poltavska	Pyriatynskyi	50.2547	32.195
37044	Вікторія	Poltavska	Pyriatynskyi	50.2413	32.2842
37045	Теплівка	Poltavska	Pyriatynskyi	50.2573	32.1492
37050	Дейманівка	Poltavska	Pyriatynskyi	50.214	32.6294
37051	Прихідьки	Poltavska	Pyriatynskyi	50.2612	32.6841
37052	Велика Круча	Poltavska	Pyriatynskyi	50.1928	32.5646
37053	Повстин	Poltavska	Pyriatynskyi	50.17	32.6313
37054	Кроти	Poltavska	Pyriatynskyi	50.385	32.4681
37100	Чорнухи	Poltavska	Chornukhynskyi	50.2673	32.942
37101	Богданівка	Poltavska	Chornukhynskyi	50.3146	33.0107
37102	Бубни	Poltavska	Chornukhynskyi	50.2771	32.7766
37103	Гайки	Poltavska	Chornukhynskyi	50.2567	33.0902
37104	Бондарі	Poltavska	Chornukhynskyi	50.295	32.8661
37105	Галяво	Poltavska	Chornukhynskyi	50.2918	32.961
37106	Голотівщина	Poltavska	Chornukhynskyi	50.3906	32.9362
37108	Ковалі	Poltavska	Chornukhynskyi	50.2561	32.951
37109	Красне	Poltavska	Chornukhynskyi	50.2772	33.1154
37110	Білоусівка	Poltavska	Chornukhynskyi	50.3632	32.8949
37111	Богодарівка	Poltavska	Chornukhynskyi	50.0472	32.7655
37112	Гільці	Poltavska	Chornukhynskyi	50.3286	32.9488
37113	Хейлівщина	Poltavska	Chornukhynskyi	50.314	33.0536
37114	Липове	Poltavska	Chornukhynskyi	49.483	32.724
37115	Лісова Слобідка	Poltavska	Chornukhynskyi	50.1582	32.983
37116	Мелехи	Poltavska	Chornukhynskyi	50.2088	33.0567
37117	Нетратівка	Poltavska	Chornukhynskyi	50.174	32.7545
37118	Нехристівка	Poltavska	Chornukhynskyi	50.2875	32.8375
37119	Нова Діброва	Poltavska	Chornukhynskyi	50.2731	33.0542
37120	Мокіївка	Poltavska	Chornukhynskyi	50.2433	32.7734
37121	Нова Петрівщина	Poltavska	Chornukhynskyi	50.3614	32.9759
37122	Луговики	Poltavska	Chornukhynskyi	50.2594	32.8298
37123	Олександрівка	Poltavska	Chornukhynskyi	50.3053	33.0976
37124	Курінька	Poltavska	Chornukhynskyi	50.2119	32.7446
37125	Осняг	Poltavska	Chornukhynskyi	50.4161	32.9345
37126	Пацали	Poltavska	Chornukhynskyi	50.2226	32.9023
37127	Піски-Удайські	Poltavska	Chornukhynskyi	50.1803	32.8355
37128	Синяківщина	Poltavska	Chornukhynskyi	50.3793	32.8656
37129	Скибинці	Poltavska	Chornukhynskyi	50.1916	32.6962
37130	Кізлівка	Poltavska	Chornukhynskyi	50.2588	32.9232
37131	Суха Лохвиця	Poltavska	Chornukhynskyi	50.3478	32.8489
37132	Харсіки	Poltavska	Chornukhynskyi	50.2675	32.9063
37133	Постав-Мука	Poltavska	Chornukhynskyi	50.1658	32.9423
37134	Сухоносівка	Poltavska	Chornukhynskyi	50.2098	32.9471
37135	Чаплинка	Poltavska	Chornukhynskyi	48.7316	34.7801
37136	Яцюкове	Poltavska	Chornukhynskyi	50.2958	33.0584
37140	Вороньки	Poltavska	Chornukhynskyi	50.2027	33.0441
37141	Пізники	Poltavska	Chornukhynskyi	50.2399	33.0086
37143	Загребелля	Poltavska	Chornukhynskyi	50.1971	33.0701
37144	Городище	Poltavska	Chornukhynskyi	50.1712	33.0536
37200	Лохвиця	Poltavska	Lokhvytskyi	50.3678	33.2602
37201	Млини	Poltavska	Lokhvytskyi	50.3854	33.3108
37202	Архипівка	Poltavska	Lokhvytskyi	50.2921	33.1314
37203	Бешти	Poltavska	Lokhvytskyi	50.2145	33.4654
37204	Венслави	Poltavska	Lokhvytskyi	50.3078	33.2423
37205	Криниця	Poltavska	Lokhvytskyi	50.3295	33.2396
37206	Безсали	Poltavska	Lokhvytskyi	50.3639	33.1459
37207	Харківці	Poltavska	Lokhvytskyi	50.3529	33.182
37208	Веселе	Poltavska	Lokhvytskyi	50.4668	33.4096
37209	Високе	Poltavska	Lokhvytskyi	50.1827	33.3905
37210	Жабки	Poltavska	Lokhvytskyi	50.4434	33.0665
37211	Бербениці	Poltavska	Lokhvytskyi	50.4466	32.999
37212	Яхники	Poltavska	Lokhvytskyi	50.4254	33.1556
37213	Свиридівка	Poltavska	Lokhvytskyi	50.4828	33.2156
37214	Яшники	Poltavska	Lokhvytskyi	50.4171	33.2537
37215	Вишеньки	Poltavska	Lokhvytskyi	50.3815	33.0815
37216	Вишневе	Poltavska	Lokhvytskyi	50.4368	33.3833
37217	Вовківське	Poltavska	Lokhvytskyi	50.2424	33.4695
37218	Воля	Poltavska	Lokhvytskyi	50.4978	33.3259
37219	Гірки	Poltavska	Lokhvytskyi	50.1624	33.4598
37220	Білогорілка	Poltavska	Lokhvytskyi	50.5178	33.2547
37221	Лука	Poltavska	Lokhvytskyi	50.4603	33.2888
37222	Юсківці	Poltavska	Lokhvytskyi	50.4676	33.3345
37223	Гиряві Ісківці	Poltavska	Lokhvytskyi	50.4263	33.3105
37224	Старий Хутір	Poltavska	Lokhvytskyi	50.4561	33.4883
37225	Дереківщина	Poltavska	Lokhvytskyi	50.3975	33.2117
37226	Дібрівне	Poltavska	Lokhvytskyi	50.4707	33.5885
37227	Зірка	Poltavska	Lokhvytskyi	50.4784	33.4057
37228	Долинка	Poltavska	Lokhvytskyi	50.4002	33.5716
37229	Дрюківщина	Poltavska	Lokhvytskyi	50.2534	33.1372
37230	Погарщина	Poltavska	Lokhvytskyi	50.4513	33.5823
37231	Токарі	Poltavska	Lokhvytskyi	50.4134	33.423
37232	Гамаліївка	Poltavska	Lokhvytskyi	50.4204	33.5506
37233	Піски	Poltavska	Lokhvytskyi	50.3727	33.4546
37234	Заморіївка	Poltavska	Lokhvytskyi	50.3194	33.5678
37235	Западинці	Poltavska	Lokhvytskyi	50.3565	33.2097
37236	Потоцьківщина	Poltavska	Lokhvytskyi	50.382	33.3587
37237	Лучка	Poltavska	Lokhvytskyi	50.215	33.351
37238	Мехедівка	Poltavska	Lokhvytskyi	50.4011	33.0307
37239	Нове	Poltavska	Lokhvytskyi	50.4878	33.0588
37240	Заводське	Poltavska	Lokhvytskyi	51.9641	31.187
37241	Овдіївка (Їсківська)	Poltavska	Lokhvytskyi	50.4567	33.2194
37242	Озерне	Poltavska	Lokhvytskyi	50.4105	33.0786
37243	Васильки	Poltavska	Lokhvytskyi	50.4567	33.2194
37244	Гаївщина	Poltavska	Lokhvytskyi	50.374	33.3898
37245	Парницьке	Poltavska	Lokhvytskyi	50.4238	33.2084
37246	Пестичевське	Poltavska	Lokhvytskyi	50.3059	33.196
37247	Пісочки	Poltavska	Lokhvytskyi	50.3407	33.4312
37248	Пласківщина	Poltavska	Lokhvytskyi	50.2691	33.4574
37249	Степне	Poltavska	Lokhvytskyi	49.5658	34.8069
37250	Риги	Poltavska	Lokhvytskyi	50.3207	33.2736
37251	Ісківці	Poltavska	Lokhvytskyi	50.2627	33.2128
37252	Яблунівка	Poltavska	Lokhvytskyi	50.2813	33.2483
37253	Скоробагатьки	Poltavska	Lokhvytskyi	50.2384	33.2367
37254	Сенча	Poltavska	Lokhvytskyi	50.2548	33.346
37255	Пучківщина	Poltavska	Lokhvytskyi	50.4004	33.5124
37256	Романиха	Poltavska	Lokhvytskyi	50.4947	33.1063
37257	Руда	Poltavska	Lokhvytskyi	50.4234	33.4834
37258	Рудка	Poltavska	Lokhvytskyi	50.2159	33.387
37259	Ручки	Poltavska	Lokhvytskyi	50.4892	33.2588
37260	Бодаква	Poltavska	Lokhvytskyi	50.3002	33.4184
37261	Нижня Будаківка	Poltavska	Lokhvytskyi	50.3014	33.5898
37262	Корсунівка	Poltavska	Lokhvytskyi	50.2479	33.4986
37263	Саранчине	Poltavska	Lokhvytskyi	50.2494	33.4362
37264	Вирішальне	Poltavska	Lokhvytskyi	50.3117	33.4036
37265	Часниківка	Poltavska	Lokhvytskyi	50.1867	33.3688
37266	Слобідка	Poltavska	Lokhvytskyi	50.4525	33.519
37267	Сокириха	Poltavska	Lokhvytskyi	50.3953	33.0973
37268	Степуки	Poltavska	Lokhvytskyi	50.4544	33.2137
37269	Сльозиха	Poltavska	Lokhvytskyi	50.2176	33.4904
37270	Червона Слобідка	Poltavska	Lokhvytskyi	50.3425	33.0715
37271	Христанівка	Poltavska	Lokhvytskyi	50.2947	33.3726
37272	Хрулі	Poltavska	Lokhvytskyi	50.3293	33.4026
37273	Червона Балка	Poltavska	Lokhvytskyi	50.4683	33.3931
37274	Червоні Луки	Poltavska	Lokhvytskyi	50.308	33.5509
37275	Чижі	Poltavska	Lokhvytskyi	50.4805	33.4584
37276	Шевченки (Пісківська)	Poltavska	Lokhvytskyi	50.3607	33.3493
37277	Шевченкове (Гирявоїсківська)	Poltavska	Lokhvytskyi	50.3607	33.3493
37278	Шкадрети	Poltavska	Lokhvytskyi	50.223	33.4196
37279	Шмиглі	Poltavska	Lokhvytskyi	50.4392	33.1254
37280	Яремівщина	Poltavska	Lokhvytskyi	50.3384	33.5515
37300	Гадяч	Poltavska	Hadiatskyi	50.3711	33.991
37301	Берізки	Poltavska	Hadiatskyi	50.5093	33.9529
37302	Гадяч	Poltavska	Hadiatskyi	50.3711	33.991
37303	Бакути	Poltavska	Hadiatskyi	50.5056	34.2238
37304	Балясне	Poltavska	Hadiatskyi	50.3462	33.7811
37305	Круглик	Poltavska	Hadiatskyi	50.3086	33.8129
37306	Біленченківка	Poltavska	Hadiatskyi	50.3626	33.9275
37307	Осняги	Poltavska	Hadiatskyi	50.3725	33.8299
37308	Бірки	Poltavska	Hadiatskyi	50.1227	34.1725
37309	Бутовичеське	Poltavska	Hadiatskyi	50.3131	33.8345
37310	Гречанівка	Poltavska	Hadiatskyi	50.5113	33.9086
37311	Мала Побиванка	Poltavska	Hadiatskyi	50.4622	33.8537
37312	Сватки	Poltavska	Hadiatskyi	50.4879	34.0168
37313	Бухалове	Poltavska	Hadiatskyi	50.421	33.9021
37314	Римарівка	Poltavska	Hadiatskyi	50.4499	33.9785
37315	Красна Лука	Poltavska	Hadiatskyi	50.4319	33.9768
37316	Велике	Poltavska	Hadiatskyi	50.3648	34.2971
37317	Веселе	Poltavska	Hadiatskyi	50.4312	33.7366
37318	Ветхалівка	Poltavska	Hadiatskyi	50.3755	33.611
37319	Вечірчине	Poltavska	Hadiatskyi	50.3883	33.8586
37320	Великі Будища	Poltavska	Hadiatskyi	50.464	34.1459
37321	Ціпки	Poltavska	Hadiatskyi	50.4538	34.0642
37322	Книшівка	Poltavska	Hadiatskyi	50.4053	34.1192
37323	Плішивець	Poltavska	Hadiatskyi	50.444	34.2036
37324	Броварки	Poltavska	Hadiatskyi	50.3947	34.0617
37325	Вирішальне	Poltavska	Hadiatskyi	50.3823	34.0595
37326	Воронівщина	Poltavska	Hadiatskyi	50.3579	34.3609
37327	Глибока Долина	Poltavska	Hadiatskyi	50.4468	33.883
37328	Глибоке	Poltavska	Hadiatskyi	50.1349	33.8506
37329	Грипаки	Poltavska	Hadiatskyi	50.3392	33.8463
37330	Розбишівка	Poltavska	Hadiatskyi	50.4489	33.7279
37331	Качанове	Poltavska	Hadiatskyi	50.4305	33.6471
37332	Сергіївка	Poltavska	Hadiatskyi	50.3801	33.782
37333	Петрівка-Роменська	Poltavska	Hadiatskyi	50.3706	33.749
37334	Середняки	Poltavska	Hadiatskyi	50.3575	33.6532
37335	Венеславівка	Poltavska	Hadiatskyi	50.3689	33.6979
37336	Ручки	Poltavska	Hadiatskyi	50.3222	33.7476
37337	Дачне	Poltavska	Hadiatskyi	50.3801	33.782
37338	Донцівщина	Poltavska	Hadiatskyi	50.3252	33.8775
37339	Дучинці	Poltavska	Hadiatskyi	50.417	34.1556
37340	Сари	Poltavska	Hadiatskyi	50.3127	33.9304
37341	Харківці	Poltavska	Hadiatskyi	50.2815	33.858
37342	Березова Лука	Poltavska	Hadiatskyi	50.2728	33.728
37343	Рашівка	Poltavska	Hadiatskyi	50.2256	33.889
37344	Лисівка	Poltavska	Hadiatskyi	50.1869	33.9309
37345	Степове	Poltavska	Hadiatskyi	49.4318	33.4269
37346	Запсільське (Вельбівська)	Poltavska	Hadiatskyi	49.9395	33.743
37347	Зелена Балка	Poltavska	Hadiatskyi	47.8633	33.1296
37348	Змажине	Poltavska	Hadiatskyi	50.4694	33.914
37349	Калинівщина	Poltavska	Hadiatskyi	50.411	33.8807
37350	Вельбівка	Poltavska	Hadiatskyi	50.3492	34.0332
37351	Тепле	Poltavska	Hadiatskyi	50.3203	34.1741
37352	Соснівка	Poltavska	Hadiatskyi	50.292	34.0096
37353	Лютенька	Poltavska	Hadiatskyi	50.2108	34.0367
37354	Київське	Poltavska	Hadiatskyi	50.3089	33.911
37355	Кияшківське	Poltavska	Hadiatskyi	50.3204	33.823
37356	Кіблицьке	Poltavska	Hadiatskyi	50.3583	33.8499
37357	Коновалове	Poltavska	Hadiatskyi	50.352	33.6024
37358	Крамарщина	Poltavska	Hadiatskyi	50.4387	33.8106
37359	Кругле Озеро	Poltavska	Hadiatskyi	50.1384	33.859
37360	Бобрик	Poltavska	Hadiatskyi	50.4124	34.2414
37361	Мартинівка	Poltavska	Hadiatskyi	50.3711	34.3298
37362	Веприк	Poltavska	Hadiatskyi	50.3701	34.176
37363	Максимівка	Poltavska	Hadiatskyi	50.4625	34.0107
37364	Мала Обухівка	Poltavska	Hadiatskyi	50.157	33.9704
37365	Малі Будища	Poltavska	Hadiatskyi	50.3217	34.0263
37366	Мелешки	Poltavska	Hadiatskyi	50.234	33.7345
37367	Миколаївка	Poltavska	Hadiatskyi	50.5152	33.8633
37368	Млини	Poltavska	Hadiatskyi	50.2039	33.9475
37369	Могилатів	Poltavska	Hadiatskyi	50.352	34.328
37370	Морозівщина	Poltavska	Hadiatskyi	50.3744	34.3552
37371	Новий Виселок	Poltavska	Hadiatskyi	50.1716	33.8349
37372	Новоселівка	Poltavska	Hadiatskyi	50.3909	33.6923
37373	Оріханове	Poltavska	Hadiatskyi	50.3424	33.9018
37374	Островерхівка	Poltavska	Hadiatskyi	50.3556	33.9028
37375	Педоричі	Poltavska	Hadiatskyi	50.4087	34.279
37376	Перевіз	Poltavska	Hadiatskyi	50.1742	33.9898
37377	Петроселівка	Poltavska	Hadiatskyi	50.3315	33.8642
37378	Пирятинщина	Poltavska	Hadiatskyi	50.4592	33.8239
37379	Писарівщина	Poltavska	Hadiatskyi	50.3452	33.9259
37380	Рудиків	Poltavska	Hadiatskyi	50.3482	33.8574
37381	Саранова Долина	Poltavska	Hadiatskyi	50.3641	33.9809
37382	Солдатове	Poltavska	Hadiatskyi	50.1558	33.8678
37383	Степаненки (Біленченківська)	Poltavska	Hadiatskyi	50.3641	33.9809
37384	Тимофіївка	Poltavska	Hadiatskyi	50.4762	34.2153
37385	Тригубщина	Poltavska	Hadiatskyi	50.4876	33.8848
37386	Тютюрівщина	Poltavska	Hadiatskyi	50.2798	34.1572
37387	Хітці (Краснолуцька)	Poltavska	Hadiatskyi	50.3641	33.9809
37388	Цимбалове	Poltavska	Hadiatskyi	50.4763	33.9084
37389	Червоний Кут	Poltavska	Hadiatskyi	50.325	33.9752
37390	Чернече	Poltavska	Hadiatskyi	50.4015	33.8274
37391	Шадурка	Poltavska	Hadiatskyi	50.3851	34.3101
37392	Шевченкове	Poltavska	Hadiatskyi	50.5228	33.9855
37393	Юр'ївка	Poltavska	Hadiatskyi	50.3967	33.931
37394	Лихопілля	Poltavska	Hadiatskyi	50.2592	33.6872
37395	Лободине	Poltavska	Hadiatskyi	50.415	33.8446
37400	Гребінка	Poltavska	Hrebinkivskyi	50.1171	32.4361
37403	Бесідівщина	Poltavska	Hrebinkivskyi	50.1074	32.5115
37404	Високе	Poltavska	Hrebinkivskyi	50.1147	32.6085
37405	Горби (Березівська)	Poltavska	Hrebinkivskyi	50.1005	32.4506
37406	Грушківка	Poltavska	Hrebinkivskyi	50.081	32.2955
37407	Гулаківка	Poltavska	Hrebinkivskyi	50.0831	32.4333
37408	Сотницьке	Poltavska	Hrebinkivskyi	50.1005	32.4506
37409	Загребелля	Poltavska	Hrebinkivskyi	50.0995	32.4188
37410	Корніївка	Poltavska	Hrebinkivskyi	50.0904	32.4462
37411	Олексіївка	Poltavska	Hrebinkivskyi	50.2245	32.2063
37412	Мар'янівка	Poltavska	Hrebinkivskyi	50.1348	32.3862
37413	Лутайка	Poltavska	Hrebinkivskyi	50.1372	32.3813
37414	Михайлівка	Poltavska	Hrebinkivskyi	49.9997	32.4158
37415	Наталівка	Poltavska	Hrebinkivskyi	50.2033	32.2306
37416	Новодар	Poltavska	Hrebinkivskyi	50.1707	32.2739
37417	Новоселівка	Poltavska	Hrebinkivskyi	50.1608	32.5535
37418	Оржиця	Poltavska	Hrebinkivskyi	50.1083	32.394
37419	Осавульщина	Poltavska	Hrebinkivskyi	50.1183	32.5741
37420	Майорщина	Poltavska	Hrebinkivskyi	50.1983	32.4055
37421	Сліпорід-Іванівка	Poltavska	Hrebinkivskyi	50.2086	32.3774
37422	Тарасівка	Poltavska	Hrebinkivskyi	50.1946	32.486
37423	Почаївка	Poltavska	Hrebinkivskyi	50.2825	32.4653
37424	Відрадне	Poltavska	Hrebinkivskyi	50.0535	32.5465
37425	Павлівщина	Poltavska	Hrebinkivskyi	50.0894	32.6212
37426	Польове	Poltavska	Hrebinkivskyi	51.4023	32.4704
37427	Писарщина	Poltavska	Hrebinkivskyi	50.0479	32.3682
37428	Покровщина	Poltavska	Hrebinkivskyi	50.0652	32.4472
37429	Саївка (Сербинівська)	Poltavska	Hrebinkivskyi	50.2825	32.4653
37430	Короваї	Poltavska	Hrebinkivskyi	50.1555	32.3473
37431	Кулажинці	Poltavska	Hrebinkivskyi	50.1999	32.2688
37432	Слободо-Петрівка	Poltavska	Hrebinkivskyi	50.1175	32.384
37433	Сербинівка	Poltavska	Hrebinkivskyi	50.0995	32.2806
37434	Світанок	Poltavska	Hrebinkivskyi	50.0937	32.5561
37435	Сімаки	Poltavska	Hrebinkivskyi	50.1118	32.6244
37436	Скочак	Poltavska	Hrebinkivskyi	50.1427	32.5071
37437	Тополеве	Poltavska	Hrebinkivskyi	50.1266	32.4839
37440	Олександрівка	Poltavska	Hrebinkivskyi	50.1097	32.6
37441	Березівка	Poltavska	Hrebinkivskyi	50.0651	32.4727
37450	Григорівка	Poltavska	Hrebinkivskyi	50.0275	32.3973
37451	Стукалівка	Poltavska	Hrebinkivskyi	49.9889	32.4382
37460	Овсюки	Poltavska	Hrebinkivskyi	50.0184	32.4919
37461	Рудка	Poltavska	Hrebinkivskyi	50.0074	32.526
37500	Лубни	Poltavska	Lubenskyi	50.0163	32.9969
37501	Лубни	Poltavska	Lubenskyi	50.0163	32.9969
37502	Лубни	Poltavska	Lubenskyi	50.0163	32.9969
37503	Лубни	Poltavska	Lubenskyi	50.0163	32.9969
37504	Лубни	Poltavska	Lubenskyi	50.0163	32.9969
37505	Луки	Poltavska	Lubenskyi	50.0825	33.1085
37506	Лубни	Poltavska	Lubenskyi	50.0163	32.9969
37509	Барвінщина (Оріхівська)	Poltavska	Lubenskyi	50.0257	33.0129
37510	Ждани	Poltavska	Lubenskyi	50.2015	33.2118
37511	Окіп	Poltavska	Lubenskyi	50.164	33.1986
37512	Хорошки	Poltavska	Lubenskyi	50.1524	33.285
37513	Шеки	Poltavska	Lubenskyi	50.1617	33.2577
37514	Хитці (Шеківська сільська рада)	Poltavska	Lubenskyi	50.1031	33.1305
37515	Тишки	Poltavska	Lubenskyi	50.1125	33.1162
37516	Богодарівка	Poltavska	Lubenskyi	50.0472	32.7655
37517	Броварки	Poltavska	Lubenskyi	50.1005	33.326
37518	Величківка	Poltavska	Lubenskyi	49.9214	33.2231
37519	Вили	Poltavska	Lubenskyi	50.0672	32.791
37520	Духове	Poltavska	Lubenskyi	50.1522	32.737
37521	Карпилівка	Poltavska	Lubenskyi	50.159	32.6805
37522	Гінці	Poltavska	Lubenskyi	50.1553	32.7754
37523	Біївці	Poltavska	Lubenskyi	50.1454	32.9019
37524	Вільшанка	Poltavska	Lubenskyi	50.0415	33.023
37525	Калайдинці	Poltavska	Lubenskyi	50.1018	32.9641
37526	Вовча Долина	Poltavska	Lubenskyi	50.053	33.2242
37527	Горобії	Poltavska	Lubenskyi	50.1655	32.8541
37528	Єнківці	Poltavska	Lubenskyi	50.1135	32.8802
37529	Клепачі	Poltavska	Lubenskyi	50.0749	32.9694
37530	Снітин	Poltavska	Lubenskyi	50.1051	33.2458
37531	Литвяки	Poltavska	Lubenskyi	50.076	33.2507
37532	Покровське	Poltavska	Lubenskyi	50.0497	34.3773
37533	Вовчик	Poltavska	Lubenskyi	50.0772	33.1886
37534	Висачки	Poltavska	Lubenskyi	50.0966	33.1785
37535	Березоточа	Poltavska	Lubenskyi	50.0672	33.1358
37536	Мгар	Poltavska	Lubenskyi	50.0469	33.0766
37537	Кузубівка	Poltavska	Lubenskyi	50.113	33.1853
37538	Кононівка	Poltavska	Lubenskyi	49.9915	32.9456
37539	Кревелівка	Poltavska	Lubenskyi	49.8998	33.1633
37540	Тарандинці	Poltavska	Lubenskyi	50.0791	32.8425
37541	Губське	Poltavska	Lubenskyi	50.0639	32.9853
37542	Новаки	Poltavska	Lubenskyi	50.068	32.9167
37543	Остапівка	Poltavska	Lubenskyi	50.0287	32.8054
37544	Вищий Булатець	Poltavska	Lubenskyi	50.03	32.9003
37545	Нижній Булатець	Poltavska	Lubenskyi	50.0177	32.9411
37546	Крем'янка	Poltavska	Lubenskyi	50.0639	32.9853
37547	Крутий Берег	Poltavska	Lubenskyi	50.1465	33.0934
37548	Куп'єваха	Poltavska	Lubenskyi	49.967	33.0894
37549	Ломаки	Poltavska	Lubenskyi	50.1745	33.2936
37550	Лушники	Poltavska	Lubenskyi	50.1301	32.9947
37551	Піски	Poltavska	Lubenskyi	50.0165	33.0876
37552	Засулля	Poltavska	Lubenskyi	49.991	33.0281
37553	Тернівщина	Poltavska	Lubenskyi	49.9689	33.1504
37554	Войниха	Poltavska	Lubenskyi	49.9619	33.0679
37555	Макарівщина	Poltavska	Lubenskyi	50.0475	32.7241
37556	Малий В'язівок	Poltavska	Lubenskyi	49.9875	32.8652
37557	Матяшівка	Poltavska	Lubenskyi	49.9564	33.194
37558	Мацкова Лучка	Poltavska	Lubenskyi	49.878	32.9619
37559	Назарівка	Poltavska	Lubenskyi	49.939	33.0739
37560	Оріхівка	Poltavska	Lubenskyi	49.9697	33.2731
37561	Олександрівка	Poltavska	Lubenskyi	49.9246	32.9067
37562	Новооріхівка	Poltavska	Lubenskyi	49.9499	33.2806
37563	Березівка	Poltavska	Lubenskyi	49.9179	33.1789
37564	Ромодан	Poltavska	Lubenskyi	49.9905	33.3251
37565	Пишне	Poltavska	Lubenskyi	49.9685	33.1305
37566	Пулинці	Poltavska	Lubenskyi	49.961	32.8191
37567	П'ятигірці	Poltavska	Lubenskyi	49.9349	32.8421
37568	Ремівка	Poltavska	Lubenskyi	50.1119	33.3351
37569	Свічківка	Poltavska	Lubenskyi	49.956	33.2141
37570	Михнівці	Poltavska	Lubenskyi	49.9318	32.8718
37571	В'язівок	Poltavska	Lubenskyi	50.0031	33.0149
37572	Ісківці	Poltavska	Lubenskyi	49.946	32.8082
37573	Шершнівка	Poltavska	Lubenskyi	49.9296	33.0153
37574	Мацківці	Poltavska	Lubenskyi	49.8933	32.9571
37575	Селюків	Poltavska	Lubenskyi	50.1825	33.1419
37576	Снітине	Poltavska	Lubenskyi	50.1317	33.2743
37577	Солониця	Poltavska	Lubenskyi	49.9737	33.0394
37578	Стадня	Poltavska	Lubenskyi	49.9842	33.2492
37579	Степурі	Poltavska	Lubenskyi	50.055	32.7765
37580	Суха Солониця	Poltavska	Lubenskyi	50.034	33.1386
37581	Терни	Poltavska	Lubenskyi	49.9759	32.985
37582	Тотчине	Poltavska	Lubenskyi	49.8919	33.1623
37583	Халепці	Poltavska	Lubenskyi	50.1251	32.9587
37584	Хитці (Калайденська сільська рада)	Poltavska	Lubenskyi	50.0074	33.1169
37585	Червоні Пологи	Poltavska	Lubenskyi	50.0322	33.3582
37586	Чернече	Poltavska	Lubenskyi	50.1376	33.2538
37587	Чуднівці	Poltavska	Lubenskyi	49.9763	32.9284
37588	Шинківщина	Poltavska	Lubenskyi	49.8861	33.1501
37600	Миргород	Poltavska	Myrhorodskyi	49.9685	33.6089
37601	Миргород	Poltavska	Myrhorodskyi	49.9685	33.6089
37602	Миргород	Poltavska	Myrhorodskyi	49.9685	33.6089
37604	Миргород	Poltavska	Myrhorodskyi	49.9685	33.6089
37605	Андріївка	Poltavska	Myrhorodskyi	50.1374	33.4211
37606	Миргород	Poltavska	Myrhorodskyi	49.9685	33.6089
37607	Безводівка	Poltavska	Myrhorodskyi	50.178	33.5008
37608	Бессараби	Poltavska	Myrhorodskyi	49.9665	33.8422
37609	Бієве	Poltavska	Myrhorodskyi	49.9697	33.3914
37610	Остапівка	Poltavska	Myrhorodskyi	50.2355	33.6663
37611	Верхня Будаківка	Poltavska	Myrhorodskyi	50.2682	33.6118
37612	Фуглі	Poltavska	Myrhorodskyi	50.2372	33.5328
37612	Черкащани	Poltavska	Myrhorodskyi	50.1791	33.5223
37613	Комишня	Poltavska	Myrhorodskyi	50.1836	33.6827
37614	Булуки (Черкащани)	Poltavska	Myrhorodskyi	50.1671	33.5786
37615	Шульги	Poltavska	Myrhorodskyi	50.1609	33.5896
37616	Велика Грем'яча	Poltavska	Myrhorodskyi	50.1671	33.5786
37617	Верховина	Poltavska	Myrhorodskyi	50.0672	33.5638
37618	Веселе	Poltavska	Myrhorodskyi	50.0509	33.5152
37619	Вовки	Poltavska	Myrhorodskyi	50.121	33.5228
37620	Штомпелі	Poltavska	Myrhorodskyi	50.1033	33.3966
37620	Клюшниківка	Poltavska	Myrhorodskyi	50.1322	33.4288
37621	Гасенки	Poltavska	Myrhorodskyi	50.0976	33.4532
37622	Дібрівка	Poltavska	Myrhorodskyi	50.0919	33.4076
37622	Шпакове	Poltavska	Myrhorodskyi	50.0575	33.5099
37623	Вовнянка	Poltavska	Myrhorodskyi	49.9058	33.6543
37624	Глибоке	Poltavska	Myrhorodskyi	50.0346	33.4125
37625	Григорівка	Poltavska	Myrhorodskyi	50.1455	33.4467
37626	Декабристів	Poltavska	Myrhorodskyi	50.0436	33.8102
37627	Деркачі	Poltavska	Myrhorodskyi	50.0269	33.5696
37628	Довгалеве	Poltavska	Myrhorodskyi	50.0659	33.8363
37629	Довгалівка	Poltavska	Myrhorodskyi	50.0458	33.7015
37630	Зуївці	Poltavska	Myrhorodskyi	50.177	33.7527
37631	Черевки	Poltavska	Myrhorodskyi	50.1338	33.7224
37632	Бакумівка	Poltavska	Myrhorodskyi	50.1039	33.7391
37633	Попівка	Poltavska	Myrhorodskyi	50.0989	33.6301
37634	Хомутець	Poltavska	Myrhorodskyi	50.0611	33.7204
37635	Малі Сорочинці	Poltavska	Myrhorodskyi	50.0322	33.6735
37636	Ємці	Poltavska	Myrhorodskyi	49.9275	33.4036
37637	Залізняки	Poltavska	Myrhorodskyi	50.1544	33.489
37638	Запорожці	Poltavska	Myrhorodskyi	50.2374	33.5475
37639	Іващенки	Poltavska	Myrhorodskyi	49.9564	33.7681
37640	Велика Обухівка	Poltavska	Myrhorodskyi	50.1435	33.9427
37641	Панасівка	Poltavska	Myrhorodskyi	50.0952	33.9877
37642	Савинці	Poltavska	Myrhorodskyi	50.091	33.9367
37643	Зелений Кут	Poltavska	Myrhorodskyi	50.0925	33.851
37644	Великий Байрак	Poltavska	Myrhorodskyi	50.0458	33.8473
37644	Цисеве	Poltavska	Myrhorodskyi	50.0234	33.8354
37645	Великі Сорочинці	Poltavska	Myrhorodskyi	50.0231	33.9414
37646	Конюшеве	Poltavska	Myrhorodskyi	49.9841	33.3797
37647	Коптів	Poltavska	Myrhorodskyi	49.943	33.829
37648	Котлярі	Poltavska	Myrhorodskyi	50.0676	33.5227
37649	Кузьменки	Poltavska	Myrhorodskyi	50.0509	33.8074
37650	Ромодан	Poltavska	Myrhorodskyi	49.9905	33.3251
37651	Купівщина	Poltavska	Myrhorodskyi	50.025	33.5252
37652	Шарківщина	Poltavska	Myrhorodskyi	49.9996	33.4075
37653	Шахворостівка	Poltavska	Myrhorodskyi	49.9958	33.4989
37654	Кибинці	Poltavska	Myrhorodskyi	49.955	33.4563
37655	Лещенки	Poltavska	Myrhorodskyi	49.9429	33.7163
37656	Лісове	Poltavska	Myrhorodskyi	50.2125	33.6356
37657	Любівщина	Poltavska	Myrhorodskyi	49.9867	33.5575
37658	Мала Гремяча	Poltavska	Myrhorodskyi	50.1308	33.644
37659	Малинівка	Poltavska	Myrhorodskyi	50.0116	33.4853
37660	Зубівка	Poltavska	Myrhorodskyi	50.0157	33.6986
37661	Білики	Poltavska	Myrhorodskyi	50.0432	33.6667
37662	Солонці	Poltavska	Myrhorodskyi	49.9836	33.873
37663	Полив'яне	Poltavska	Myrhorodskyi	49.9449	33.7832
37664	Мареничі	Poltavska	Myrhorodskyi	49.934	33.9232
37665	Марченки	Poltavska	Myrhorodskyi	49.9578	33.7277
37666	Милашенкове	Poltavska	Myrhorodskyi	49.9457	33.7402
37667	Дібрівка (Клюшниківська)	Poltavska	Myrhorodskyi	50.0188	33.7444
37668	Мокріївка	Poltavska	Myrhorodskyi	50.2299	33.5559
37669	Новоселиця	Poltavska	Myrhorodskyi	50.1144	33.7314
37670	Гаркушинці	Poltavska	Myrhorodskyi	49.9309	33.5718
37671	Ярмаки	Poltavska	Myrhorodskyi	49.9065	33.4979
37672	Єрки	Poltavska	Myrhorodskyi	49.9258	33.528
37673	Петрівці	Poltavska	Myrhorodskyi	49.8757	33.5162
37674	Слобідка	Poltavska	Myrhorodskyi	49.8663	33.451
37675	Мальці	Poltavska	Myrhorodskyi	49.8937	33.4601
37676	Носенки	Poltavska	Myrhorodskyi	49.9014	33.3844
37677	Олефірівка	Poltavska	Myrhorodskyi	50.0756	33.9711
37678	Онацьке	Poltavska	Myrhorodskyi	50.2761	33.6293
37679	Осове	Poltavska	Myrhorodskyi	49.9191	33.3947
37680	Панченки	Poltavska	Myrhorodskyi	50.2614	33.639
37681	Петрівка	Poltavska	Myrhorodskyi	50.1967	33.491
37682	Писарівка	Poltavska	Myrhorodskyi	50.1586	33.5369
37683	Показове	Poltavska	Myrhorodskyi	50.0494	33.4457
37684	Прокоповичі	Poltavska	Myrhorodskyi	50.1408	33.6985
37685	Радченки	Poltavska	Myrhorodskyi	49.9835	33.8044
37686	Радченкове	Poltavska	Myrhorodskyi	50.1192	33.6372
37687	Рибальське	Poltavska	Myrhorodskyi	50.1192	33.6372
37688	Руда	Poltavska	Myrhorodskyi	50.0145	33.775
37689	Сажка	Poltavska	Myrhorodskyi	50.1485	33.7073
37690	Сакалівка	Poltavska	Myrhorodskyi	50.1201	33.9797
37691	Семеренки	Poltavska	Myrhorodskyi	50.0621	34.0179
37692	Синьощоки	Poltavska	Myrhorodskyi	50.2492	33.5944
37693	Скиданки	Poltavska	Myrhorodskyi	50.1159	33.6432
37694	Сотницьке	Poltavska	Myrhorodskyi	50.1159	33.6432
37695	Сохацьке	Poltavska	Myrhorodskyi	50.1379	33.4595
37696	Стовбине	Poltavska	Myrhorodskyi	50.0652	33.4588
37697	Ступки	Poltavska	Myrhorodskyi	50.1691	33.6077
37698	Травневе	Poltavska	Myrhorodskyi	50.1294	33.4907
37699	Трудолюб	Poltavska	Myrhorodskyi	49.9942	33.5368
37700	Оржиця	Poltavska	Orzhytskyi	49.7901	32.6994
37701	Грабів	Poltavska	Orzhytskyi	49.9517	32.6356
37702	Дмитрівка	Poltavska	Orzhytskyi	49.8638	32.8345
37703	Загребелля	Poltavska	Orzhytskyi	49.9563	32.5518
37704	Загребля	Poltavska	Orzhytskyi	49.8034	32.8839
37705	Залужне	Poltavska	Orzhytskyi	49.9353	32.4403
37706	Онішки	Poltavska	Orzhytskyi	49.8119	32.7335
37707	Заріччя	Poltavska	Orzhytskyi	49.9831	32.7591
37708	Іванівка	Poltavska	Orzhytskyi	50.1041	32.7017
37709	Козаче	Poltavska	Orzhytskyi	50.0193	32.6841
37710	Лазірки	Poltavska	Orzhytskyi	50.0853	32.6487
37711	Воронинці	Poltavska	Orzhytskyi	50.0201	32.7072
37712	Вишневе	Poltavska	Orzhytskyi	50.3247	32.6467
37713	Черевки	Poltavska	Orzhytskyi	49.9911	32.7544
37714	Новооржицьке	Poltavska	Orzhytskyi	49.9956	32.7262
37715	Маяківка	Poltavska	Orzhytskyi	49.8499	32.6431
37716	Колодна	Poltavska	Orzhytskyi	49.8496	32.9126
37717	Котляревське	Poltavska	Orzhytskyi	49.9956	32.7262
37718	Максимівщина	Poltavska	Orzhytskyi	50.0478	32.6637
37719	Малоселецьке	Poltavska	Orzhytskyi	49.7959	32.8336
37720	Яблуневе	Poltavska	Orzhytskyi	49.9587	32.5221
37721	Круподеринці	Poltavska	Orzhytskyi	49.9189	32.5025
37722	Савинці	Poltavska	Orzhytskyi	49.9174	32.5597
37723	Сазонівка	Poltavska	Orzhytskyi	49.8573	32.4455
37724	Чевельча	Poltavska	Orzhytskyi	49.8331	32.4828
37725	Тимки	Poltavska	Orzhytskyi	49.9723	32.5467
37726	Нижній Іржавець	Poltavska	Orzhytskyi	49.8359	32.8575
37727	Нове	Poltavska	Orzhytskyi	50.0334	32.6126
37728	Новий Іржавець	Poltavska	Orzhytskyi	49.7339	32.6398
37729	Новоселівка	Poltavska	Orzhytskyi	50.0161	32.7228
37730	Райозеро	Poltavska	Orzhytskyi	49.9048	32.7554
37731	Несено-Іржавець	Poltavska	Orzhytskyi	49.9553	32.6975
37732	Денисівка	Poltavska	Orzhytskyi	49.8867	32.5789
37733	Золотухи	Poltavska	Orzhytskyi	49.8725	32.6068
37734	Тарасенкове	Poltavska	Orzhytskyi	49.9075	32.6808
37735	Пилиповичі	Poltavska	Orzhytskyi	49.9387	32.4969
37736	Полуніївка	Poltavska	Orzhytskyi	49.8973	32.7987
37737	Приймівщина	Poltavska	Orzhytskyi	50.0011	32.7154
37738	Сліпорід	Poltavska	Orzhytskyi	49.9891	32.7391
37739	Тарасівка	Poltavska	Orzhytskyi	49.7333	32.72
37740	Заріг	Poltavska	Orzhytskyi	49.8128	32.6605
37741	Старий Іржавець	Poltavska	Orzhytskyi	49.7503	32.602
37742	Чайківщина	Poltavska	Orzhytskyi	49.7806	32.5753
37743	Чутівка	Poltavska	Orzhytskyi	49.7007	32.683
37744	Теремецьке	Poltavska	Orzhytskyi	49.8423	32.597
37745	Хорошки	Poltavska	Orzhytskyi	49.9778	32.7812
37746	Хоружівка	Poltavska	Orzhytskyi	49.9913	32.6748
37747	Чмихалове	Poltavska	Orzhytskyi	49.8814	32.5406
37750	Великоселецьке	Poltavska	Orzhytskyi	49.8097	32.8044
37751	Лукім'я	Poltavska	Orzhytskyi	49.8181	32.8949
37752	Плехів	Poltavska	Orzhytskyi	49.7675	32.7636
37800	Хорол	Poltavska	Khorolskyi	49.7837	33.2783
37801	Барилівщина	Poltavska	Khorolskyi	49.7336	33.5065
37802	Барилове	Poltavska	Khorolskyi	49.7901	33.4729
37803	Бовбасівка	Poltavska	Khorolskyi	49.6539	33.302
37804	Бочки	Poltavska	Khorolskyi	49.8221	33.1647
37805	Куторжиха	Poltavska	Khorolskyi	49.757	33.2169
37805	Петракіївка	Poltavska	Khorolskyi	49.7408	33.2589
37806	Бригадирівка	Poltavska	Khorolskyi	49.67	33.4569
37807	Бубереве	Poltavska	Khorolskyi	49.8184	33.5203
37808	Бурлаки	Poltavska	Khorolskyi	49.8349	32.9791
37809	Бутівці	Poltavska	Khorolskyi	49.8063	33.3727
37810	Тарасівка	Poltavska	Khorolskyi	49.6049	33.2101
37811	Березняки	Poltavska	Khorolskyi	49.8585	33.0135
37812	Покровська Багачка	Poltavska	Khorolskyi	49.8619	33.1495
37813	Ванжина Долина	Poltavska	Khorolskyi	49.8126	33.1935
37814	Вербине	Poltavska	Khorolskyi	49.7422	33.4195
37815	Вергуни	Poltavska	Khorolskyi	49.3134	32.087
37816	В'язівок	Poltavska	Khorolskyi	49.7166	33.0726
37817	Гирине	Poltavska	Khorolskyi	49.6648	33.1618
37818	Глибока Долина	Poltavska	Khorolskyi	49.8137	33.3051
37819	Григорівка	Poltavska	Khorolskyi	49.777	33.1137
37820	Новачиха	Poltavska	Khorolskyi	49.9331	33.3492
37821	Клепачі	Poltavska	Khorolskyi	49.8702	33.3094
37822	Шишаки	Poltavska	Khorolskyi	49.8519	33.2955
37823	Староаврамівка	Poltavska	Khorolskyi	49.8165	33.3925
37824	Дації	Poltavska	Khorolskyi	49.8261	32.9947
37825	Демина Балка	Poltavska	Khorolskyi	49.7264	33.3701
37826	Дубове	Poltavska	Khorolskyi	49.7494	33.1183
37827	Єньки	Poltavska	Khorolskyi	49.6843	33.2707
37828	Єрківці	Poltavska	Khorolskyi	49.9215	33.0046
37829	Запорожчине	Poltavska	Khorolskyi	49.8899	33.0746
37830	Мусіївка	Poltavska	Khorolskyi	49.7995	32.948
37831	Хильківка	Poltavska	Khorolskyi	49.7746	33.0581
37832	Штомпелівка	Poltavska	Khorolskyi	49.8	33.1855
37833	Зубенки	Poltavska	Khorolskyi	49.9381	33.298
37834	Іванці	Poltavska	Khorolskyi	49.8962	33.0966
37835	Іващенки	Poltavska	Khorolskyi	49.9186	33.2852
37836	Ковтуни	Poltavska	Khorolskyi	49.8321	33.187
37837	Коломійцеве Озеро	Poltavska	Khorolskyi	49.785	33.1696
37838	Костюки	Poltavska	Khorolskyi	49.7268	33.3315
37839	Кулики	Poltavska	Khorolskyi	49.6829	33.3195
37840	Ковалі	Poltavska	Khorolskyi	49.8148	33.4517
37841	Грушине	Poltavska	Khorolskyi	49.8035	33.5417
37842	Новоаврамівка	Poltavska	Khorolskyi	49.7942	33.4168
37843	Попівка	Poltavska	Khorolskyi	49.784	33.353
37844	Кулиничі	Poltavska	Khorolskyi	49.789	33.5351
37845	Куторжиха	Poltavska	Khorolskyi	49.757	33.2169
37846	Лагодівка	Poltavska	Khorolskyi	49.7155	33.4826
37847	Лазьки	Poltavska	Khorolskyi	49.7993	33.3893
37848	Левченки	Poltavska	Khorolskyi	49.942	33.3093
37849	Лісянщина	Poltavska	Khorolskyi	49.7937	33.1962
37850	Андріївка	Poltavska	Khorolskyi	49.7369	33.1458
37851	Софине	Poltavska	Khorolskyi	49.7407	33.0816
37852	Козубівка	Poltavska	Khorolskyi	49.7244	33.1825
37853	Вишневе	Poltavska	Khorolskyi	49.8436	34.0277
37854	Лобкова Балка	Poltavska	Khorolskyi	49.8201	33.2213
37855	Лози	Poltavska	Khorolskyi	49.6675	33.2523
37856	Мала Попівка	Poltavska	Khorolskyi	49.7622	33.3522
37857	Мартинівка	Poltavska	Khorolskyi	49.7742	33.0077
37858	Мелюшки	Poltavska	Khorolskyi	49.8388	33.4796
37859	Миколаївка	Poltavska	Khorolskyi	49.647	33.4395
37860	Вишняки	Poltavska	Khorolskyi	49.7609	33.3098
37861	Трубайці	Poltavska	Khorolskyi	49.6955	33.3294
37862	Ялосовецьке	Poltavska	Khorolskyi	49.6806	33.4203
37863	Новоіванівка	Poltavska	Khorolskyi	49.7322	33.456
37864	Кривці	Poltavska	Khorolskyi	49.6309	33.4689
37865	Мищенки	Poltavska	Khorolskyi	49.801	33.0149
37866	Настасівка	Poltavska	Khorolskyi	49.8471	33.1532
37867	Наталівка	Poltavska	Khorolskyi	49.8154	33.1241
37868	Новий Байрак	Poltavska	Khorolskyi	49.7526	33.1842
37869	Оріхівщина	Poltavska	Khorolskyi	49.9076	33.3544
37870	Орликівщина	Poltavska	Khorolskyi	49.7468	33.5238
37871	Остапенки	Poltavska	Khorolskyi	49.923	33.3128
37872	Павленки	Poltavska	Khorolskyi	49.6988	33.3965
37873	Павлівка	Poltavska	Khorolskyi	49.8361	33.2274
37874	Падусі	Poltavska	Khorolskyi	49.8494	33.2328
37875	Пристань	Poltavska	Khorolskyi	49.7958	33.3342
37876	Радьки	Poltavska	Khorolskyi	49.8214	33.2665
37877	Рибченки	Poltavska	Khorolskyi	49.8612	33.2561
37878	Роплянське	Poltavska	Khorolskyi	49.7116	33.4445
37879	Садове	Poltavska	Khorolskyi	49.6972	33.2431
37880	Середнє	Poltavska	Khorolskyi	49.7631	33.2369
37881	Ставки	Poltavska	Khorolskyi	49.8064	33.2202
37882	Стайки	Poltavska	Khorolskyi	49.8425	33.405
37883	Стара Мусіївка	Poltavska	Khorolskyi	49.8116	32.915
37884	Третякове	Poltavska	Khorolskyi	49.7695	33.1379
37885	Княжа Лука	Poltavska	Khorolskyi	49.7808	33.1999
37886	Хвощівка	Poltavska	Khorolskyi	49.7352	33.2846
37887	Хоменки	Poltavska	Khorolskyi	49.7977	32.9848
37888	Червоне	Poltavska	Khorolskyi	49.6968	33.4735
37889	Шарківщина	Poltavska	Khorolskyi	49.8047	33.1409
37890	Широке	Poltavska	Khorolskyi	49.8316	33.5346
37891	Шкилі	Poltavska	Khorolskyi	49.8112	32.9688
37892	Варварівка	Poltavska	Khorolskyi	49.809	33.1003
38000	Шишаки	Poltavska	Shyshatskyi	49.8817	34.0112
38001	Бабичі	Poltavska	Shyshatskyi	49.837	33.9943
38002	Білаші	Poltavska	Shyshatskyi	49.7199	33.9377
38003	Величкове	Poltavska	Shyshatskyi	50.0522	34.1406
38004	Вертелецьке	Poltavska	Shyshatskyi	50.0316	34.1186
38005	Хвощове	Poltavska	Shyshatskyi	49.8279	34.0073
38006	Чернишівка	Poltavska	Shyshatskyi	49.83	34.0822
38007	Вишневе	Poltavska	Shyshatskyi	49.8436	34.0277
38008	Воронянщина	Poltavska	Shyshatskyi	49.8325	34.2035
38009	Гнатенки	Poltavska	Shyshatskyi	49.8815	34.2196
38010	Ковалівка	Poltavska	Shyshatskyi	50.0219	34.0571
38011	Покровське	Poltavska	Shyshatskyi	50.0497	34.3773
38012	Воскобійники	Poltavska	Shyshatskyi	50.0292	34.1573
38013	Михайлики	Poltavska	Shyshatskyi	49.9684	34.1456
38014	Ковердина Балка	Poltavska	Shyshatskyi	49.9489	34.0994
38015	Гончарі	Poltavska	Shyshatskyi	49.7598	33.9565
38016	Горішнє	Poltavska	Shyshatskyi	49.8322	34.1258
38017	Григорівщина	Poltavska	Shyshatskyi	49.8272	34.0646
38018	Дем'янки	Poltavska	Shyshatskyi	49.7568	34.0116
38019	Дмитрівка	Poltavska	Shyshatskyi	49.7163	33.991
38020	Великий Перевіз	Poltavska	Shyshatskyi	49.9148	34.0127
38021	Баранівка	Poltavska	Shyshatskyi	49.9502	34.0014
38022	Жоржівка	Poltavska	Shyshatskyi	49.9329	34.2172
38023	Пришиб	Poltavska	Shyshatskyi	49.8741	34.1414
38024	Зелене	Poltavska	Shyshatskyi	49.8134	34.0638
38025	Зозулі	Poltavska	Shyshatskyi	49.7301	33.9096
38026	Кирпотівка	Poltavska	Shyshatskyi	49.7368	34.0311
38027	Киселиха	Poltavska	Shyshatskyi	49.9102	34.169
38028	Климове	Poltavska	Shyshatskyi	50.0013	34.0608
38029	Колодяжне	Poltavska	Shyshatskyi	49.9473	34.2505
38030	Яреськи	Poltavska	Shyshatskyi	49.7974	34.0419
38031	Бухуни	Poltavska	Shyshatskyi	49.7992	33.9676
38032	Федунка	Poltavska	Shyshatskyi	49.7619	33.9073
38033	Сагайдак	Poltavska	Shyshatskyi	49.7275	33.9833
38034	Яреськи	Poltavska	Shyshatskyi	49.7974	34.0419
38035	Коляди	Poltavska	Shyshatskyi	49.8607	34.1847
38036	Криворучки	Poltavska	Shyshatskyi	49.8697	34.2005
38037	Легейди	Poltavska	Shyshatskyi	49.8463	34.1188
38038	Лещани	Poltavska	Shyshatskyi	49.7606	33.9768
38039	Луці	Poltavska	Shyshatskyi	49.7534	33.996
38040	Гоголеве	Poltavska	Shyshatskyi	49.8186	34.1771
38041	Велика Бузова	Poltavska	Shyshatskyi	49.7831	34.0177
38042	Мала Бузова	Poltavska	Shyshatskyi	49.8033	34.0271
38043	Малий Перевіз	Poltavska	Shyshatskyi	49.9888	34.0473
38044	Маликівщина	Poltavska	Shyshatskyi	49.8217	34.1225
38045	Маначинівка	Poltavska	Shyshatskyi	49.9727	34.0928
38046	Маслівці	Poltavska	Shyshatskyi	49.9562	34.1258
38047	Мірошники	Poltavska	Shyshatskyi	49.7457	33.899
38048	Науменки	Poltavska	Shyshatskyi	49.8007	34.0689
38049	Нижні Яреськи	Poltavska	Shyshatskyi	49.8179	33.8835
38050	Низова Яковенщина	Poltavska	Shyshatskyi	49.7611	34.012
38051	Носи	Poltavska	Shyshatskyi	49.9963	34.1813
38052	Павлівка	Poltavska	Shyshatskyi	49.9039	34.2624
38053	Пелагеївка	Poltavska	Shyshatskyi	49.8889	34.0692
38054	Переводчикове	Poltavska	Shyshatskyi	49.8434	34.1605
38055	Першотравневе	Poltavska	Shyshatskyi	49.8945	34.1022
38056	Порскалівка	Poltavska	Shyshatskyi	49.9849	34.2141
38057	Принцеве	Poltavska	Shyshatskyi	49.7366	34.0467
38058	Раївка	Poltavska	Shyshatskyi	49.7174	33.9086
38059	Римиги	Poltavska	Shyshatskyi	49.7395	33.891
38060	Романки	Poltavska	Shyshatskyi	50.0177	34.1757
38061	Салимівщина	Poltavska	Shyshatskyi	49.7239	34.0308
38062	Самари	Poltavska	Shyshatskyi	49.9074	34.1115
38063	Соснівка	Poltavska	Shyshatskyi	49.7861	33.9171
38064	Сулими	Poltavska	Shyshatskyi	50.0476	34.1917
38065	Тищенки	Poltavska	Shyshatskyi	49.7841	34.0621
38066	Товсте	Poltavska	Shyshatskyi	49.8439	34.0909
38067	Харенки	Poltavska	Shyshatskyi	49.9717	34.1838
38068	Хвальки	Poltavska	Shyshatskyi	49.8058	33.9033
38069	Ходосиха	Poltavska	Shyshatskyi	49.852	34.0198
38070	Христівка	Poltavska	Shyshatskyi	49.9214	34.2199
38071	Цьови	Poltavska	Shyshatskyi	49.8278	34.0565
38072	Чорнобаї	Poltavska	Shyshatskyi	49.7369	33.9628
38073	Шарлаївка	Poltavska	Shyshatskyi	49.8295	34.0817
38074	Шафранівка	Poltavska	Shyshatskyi	49.7964	34.1145
38075	Швадрони	Poltavska	Shyshatskyi	49.9291	34.0921
38076	Яковенщина Горова	Poltavska	Shyshatskyi	49.7655	34.0446
38100	Хмарівка	Poltavska	Zinkivskyi	50.2061	34.4605
38100	Зіньків	Poltavska	Zinkivskyi	50.2081	34.3638
38101	Арсенівка	Poltavska	Zinkivskyi	49.9897	34.2892
38102	Бабанське	Poltavska	Zinkivskyi	50.0018	34.4647
38103	Безруки	Poltavska	Zinkivskyi	50.009	34.6335
38104	Будки	Poltavska	Zinkivskyi	50.0383	34.3473
38105	Власівка	Poltavska	Zinkivskyi	50.1662	34.3182
38106	Бухалівка	Poltavska	Zinkivskyi	49.9489	34.5034
38107	Василе-Устимівка	Poltavska	Zinkivskyi	50.0238	34.3113
38108	Василькове	Poltavska	Zinkivskyi	50.1328	34.4384
38109	Васьки	Poltavska	Zinkivskyi	50.0725	34.413
38110	Удовиченки	Poltavska	Zinkivskyi	50.3282	34.3668
38111	Високе	Poltavska	Zinkivskyi	50.3304	34.2731
38112	Велика Павлівка	Poltavska	Zinkivskyi	50.2393	34.2694
38112	Чорняки	Poltavska	Zinkivskyi	50.2961	34.2489
38112	Федорівка	Poltavska	Zinkivskyi	50.2572	34.2416
38113	Тарасівка	Poltavska	Zinkivskyi	50.2456	34.3486
38114	Пірки	Poltavska	Zinkivskyi	50.2692	34.3925
38115	Бобрівник	Poltavska	Zinkivskyi	50.2352	34.3056
38116	Велика Пожарня	Poltavska	Zinkivskyi	50.2191	34.472
38117	Вільхове	Poltavska	Zinkivskyi	49.9507	34.6707
38118	Вінтенці	Poltavska	Zinkivskyi	49.9382	34.5141
38119	Волошкове	Poltavska	Zinkivskyi	49.9609	34.4502
38120	Храпачів Яр	Poltavska	Zinkivskyi	50.2574	34.4903
38120	Першотравневе	Poltavska	Zinkivskyi	50.2429	34.5158
38121	Шенгаріївка	Poltavska	Zinkivskyi	50.2165	34.5389
38122	Проценки	Poltavska	Zinkivskyi	50.185	34.4584
38123	Довжик	Poltavska	Zinkivskyi	50.1339	34.5178
38124	Петрівка	Poltavska	Zinkivskyi	50.1331	34.3936
38124	Хрипки	Poltavska	Zinkivskyi	50.1032	34.3825
38124	Шилівка	Poltavska	Zinkivskyi	50.144	34.3891
38125	Галійка	Poltavska	Zinkivskyi	50.0229	34.3802
38126	Глинське	Poltavska	Zinkivskyi	50.1599	34.4199
38127	Горобії	Poltavska	Zinkivskyi	50.2137	34.2974
38128	Гришки	Poltavska	Zinkivskyi	50.0623	34.2263
38129	Гусаки	Poltavska	Zinkivskyi	50.2039	34.4484
38130	Лютенські Будища	Poltavska	Zinkivskyi	50.1847	34.2371
38131	Троянівка	Poltavska	Zinkivskyi	50.1527	34.2437
38131	Бірки	Poltavska	Zinkivskyi	50.1227	34.1725
38132	Дейкалівка	Poltavska	Zinkivskyi	50.1158	34.286
38133	Загрунівка	Poltavska	Zinkivskyi	50.0988	34.1331
38134	Романівка	Poltavska	Zinkivskyi	50.094	34.0516
38135	Дадакалівка	Poltavska	Zinkivskyi	50.1623	34.2897
38136	Дамаска	Poltavska	Zinkivskyi	49.9946	34.3467
38137	Деряги	Poltavska	Zinkivskyi	49.954	34.5184
38138	Діброва	Poltavska	Zinkivskyi	49.922	34.6071
38139	Довбнівка	Poltavska	Zinkivskyi	50.1424	34.4184
38140	Артелярщина	Poltavska	Zinkivskyi	50.0618	34.3361
38141	Цвітове	Poltavska	Zinkivskyi	50.0746	34.212
38141	Дуб'янщина	Poltavska	Zinkivskyi	50.0198	34.2544
38141	Новоселівка	Poltavska	Zinkivskyi	50.035	34.2475
38142	Покровське	Poltavska	Zinkivskyi	50.0497	34.3773
38142	Шкурпели	Poltavska	Zinkivskyi	50.0469	34.4253
38143	Тимченки	Poltavska	Zinkivskyi	50.1107	34.4981
38143	Пишненки	Poltavska	Zinkivskyi	50.0694	34.4783
38144	Довжок	Poltavska	Zinkivskyi	50.1941	34.1676
38145	Драни	Poltavska	Zinkivskyi	50.0416	34.5483
38146	Дубівка	Poltavska	Zinkivskyi	50.2069	34.4742
38147	Дуб'яги	Poltavska	Zinkivskyi	50.1942	34.4963
38148	Заїки	Poltavska	Zinkivskyi	49.9419	34.4749
38149	Зайці	Poltavska	Zinkivskyi	50.3012	34.3215
38150	Човно-Федорівка	Poltavska	Zinkivskyi	50.0006	34.4321
38151	Шевченки	Poltavska	Zinkivskyi	49.9684	34.379
38151	Яцине-Окарі	Poltavska	Zinkivskyi	49.9997	34.3915
38151	Кирило-Ганнівка	Poltavska	Zinkivskyi	49.9799	34.3618
38152	Ставкове	Poltavska	Zinkivskyi	49.9782	34.3203
38153	Іщенківка	Poltavska	Zinkivskyi	50.129	34.3484
38154	Карабазівка	Poltavska	Zinkivskyi	49.9229	34.6571
38155	Кирякове	Poltavska	Zinkivskyi	49.9279	34.5254
38156	Кілочки	Poltavska	Zinkivskyi	50.2408	34.4806
38157	Клименки	Poltavska	Zinkivskyi	49.9953	34.4685
38158	Княжева Слобода	Poltavska	Zinkivskyi	50.1216	34.4553
38159	Кольченки	Poltavska	Zinkivskyi	50.0242	34.409
38160	Батьки	Poltavska	Zinkivskyi	50.027	34.569
38161	Попівка	Poltavska	Zinkivskyi	49.9724	34.5779
38162	Устименки	Poltavska	Zinkivskyi	49.9758	34.5256
38162	Заїченці	Poltavska	Zinkivskyi	49.9881	34.5549
38163	Хижняківка	Poltavska	Zinkivskyi	49.9974	34.6412
38163	Малі Будища	Poltavska	Zinkivskyi	49.9926	34.601
38164	Опішня	Poltavska	Zinkivskyi	49.9787	34.6532
38164	Яблучне	Poltavska	Zinkivskyi	49.9787	34.6532
38165	Міські Млини	Poltavska	Zinkivskyi	49.9463	34.6404
38166	Корлюкове	Poltavska	Zinkivskyi	50.0213	34.5142
38167	Косяки	Poltavska	Zinkivskyi	50.3304	34.3353
38168	Кругле	Poltavska	Zinkivskyi	50.243	34.4627
38169	Лавринці	Poltavska	Zinkivskyi	49.9856	34.4283
38170	Лагоди	Poltavska	Zinkivskyi	50.0574	34.2741
38171	Лазьки	Poltavska	Zinkivskyi	50.0915	34.3757
38172	Левченки	Poltavska	Zinkivskyi	50.3085	34.3565
38173	Макухи	Poltavska	Zinkivskyi	50.003	34.3987
38174	Манилівка	Poltavska	Zinkivskyi	50.1545	34.4018
38175	Матяші	Poltavska	Zinkivskyi	50.3376	34.3959
38176	Миколаївка	Poltavska	Zinkivskyi	49.9405	34.371
38177	Мисики	Poltavska	Zinkivskyi	50.022	34.4237
38178	Михайлівка	Poltavska	Zinkivskyi	49.9459	34.3181
38179	Морози	Poltavska	Zinkivskyi	50.0544	34.4418
38180	Одрадівка	Poltavska	Zinkivskyi	50.1492	34.4113
38181	Пеленківщина	Poltavska	Zinkivskyi	50.1896	34.3399
38182	Переліски	Poltavska	Zinkivskyi	50.2093	34.3174
38184	Петро-Ганнівка	Poltavska	Zinkivskyi	50.0809	34.4401
38185	Пилипенки	Poltavska	Zinkivskyi	50.1889	34.4261
38186	Підозірка	Poltavska	Zinkivskyi	50.114	34.3504
38187	Піщанка	Poltavska	Zinkivskyi	49.3926	35.4373
38188	Пругли	Poltavska	Zinkivskyi	49.9464	34.4327
38189	Романи	Poltavska	Zinkivskyi	49.9828	34.3956
38190	Руденки-Гончарі	Poltavska	Zinkivskyi	50.2946	34.349
38191	Саранчівка	Poltavska	Zinkivskyi	50.1142	34.5407
38192	Свічкарівщина	Poltavska	Zinkivskyi	50.2369	34.5429
38193	Сиверинівка	Poltavska	Zinkivskyi	50.2333	34.4025
38194	Слиньківщина	Poltavska	Zinkivskyi	50.1684	34.4028
38195	Соколівщина	Poltavska	Zinkivskyi	50.1991	34.2995
38196	Стара Михайлівка	Poltavska	Zinkivskyi	50.1424	34.4671
38197	Стрілевщина	Poltavska	Zinkivskyi	50.0793	34.3964
38198	Ступки	Poltavska	Zinkivskyi	50.1679	34.4355
38199	Сулими	Poltavska	Zinkivskyi	50.0476	34.1917
38200	Семенівка	Poltavska	Semenivskyi	49.5903	33.1805
38201	Бадьорівка	Poltavska	Semenivskyi	49.6309	33.0348
38202	Байрак	Poltavska	Semenivskyi	49.6735	33.1176
38203	Бакумівка	Poltavska	Semenivskyi	49.6193	33.3341
38204	Білогуби	Poltavska	Semenivskyi	49.5701	33.3516
38205	Бурбине	Poltavska	Semenivskyi	49.7331	33.0079
38206	Бурімка	Poltavska	Semenivskyi	49.5275	32.9624
38207	Василяки	Poltavska	Semenivskyi	49.7238	32.9723
38208	Гаївка	Poltavska	Semenivskyi	49.6935	32.7439
38209	Герасимівка	Poltavska	Semenivskyi	49.4924	33.1808
38210	Худоліївка	Poltavska	Semenivskyi	49.7568	32.9154
38211	Наріжжя	Poltavska	Semenivskyi	49.7249	32.803
38212	Новий Калкаїв	Poltavska	Semenivskyi	49.6998	32.8705
38213	Пузирі	Poltavska	Semenivskyi	49.7135	32.9473
38214	Греблі	Poltavska	Semenivskyi	49.6024	33.099
38215	Матвіївка	Poltavska	Semenivskyi	49.7809	32.8528
38216	Єгорівка	Poltavska	Semenivskyi	49.5537	33.2014
38217	Вільне	Poltavska	Semenivskyi	49.5761	33.0562
38218	Грицаї	Poltavska	Semenivskyi	49.5486	33.387
38219	Зікранці	Poltavska	Semenivskyi	49.6654	32.87
38220	Горошине	Poltavska	Semenivskyi	49.6548	32.7391
38221	Погребняки	Poltavska	Semenivskyi	49.588	32.795
38222	Мирони	Poltavska	Semenivskyi	49.6226	32.7777
38223	Дем'янівка	Poltavska	Semenivskyi	49.6448	32.917
38224	Карпиха	Poltavska	Semenivskyi	49.6545	33.2144
38225	Кукоби	Poltavska	Semenivskyi	49.6826	32.7282
38226	Курганне	Poltavska	Semenivskyi	49.688	33.0867
38227	Лукашівка	Poltavska	Semenivskyi	49.699	32.9271
38228	Малі Липняги	Poltavska	Semenivskyi	49.6223	33.1409
38229	Наталенки	Poltavska	Semenivskyi	49.5915	32.8437
38230	Оболонь	Poltavska	Semenivskyi	49.6032	32.8676
38231	Тукали	Poltavska	Semenivskyi	49.6721	32.8096
38232	Калинівка	Poltavska	Semenivskyi	49.6553	32.9796
38233	Товсте	Poltavska	Semenivskyi	49.6046	33.0296
38234	Новоселиця	Poltavska	Semenivskyi	49.5938	32.9659
38235	Нова Олександрівка	Poltavska	Semenivskyi	49.5573	32.9477
38236	Нова Петрівка	Poltavska	Semenivskyi	49.6978	33.0491
38237	Осокори	Poltavska	Semenivskyi	49.6971	33.011
38238	Поділ	Poltavska	Semenivskyi	49.5631	33.4194
38239	Середине	Poltavska	Semenivskyi	49.6298	33.4316
38240	Рокити	Poltavska	Semenivskyi	49.6334	33.1116
38241	Богданівка	Poltavska	Semenivskyi	49.6681	33.0807
38242	Великі Липняги	Poltavska	Semenivskyi	49.6462	33.0999
38243	Старий Калкаїв	Poltavska	Semenivskyi	49.725	32.7525
38244	Строкачі	Poltavska	Semenivskyi	49.7264	32.8842
38245	Тарасівка	Poltavska	Semenivskyi	49.6049	33.2101
38246	Тройняки	Poltavska	Semenivskyi	49.6226	33.3017
38247	Малинівка	Poltavska	Semenivskyi	49.5036	33.4141
38248	Чаплинці	Poltavska	Semenivskyi	49.5965	33.3322
38249	Червоний Лиман	Poltavska	Semenivskyi	49.6072	32.9286
38250	Веселий Поділ	Poltavska	Semenivskyi	49.5964	33.2566
38251	Вереміївка	Poltavska	Semenivskyi	49.6344	33.2555
38252	Заїчинці	Poltavska	Semenivskyi	49.5884	33.3654
38253	Біляки	Poltavska	Semenivskyi	49.583	33.4271
38254	Василівка	Poltavska	Semenivskyi	49.5557	33.3223
38255	Брусове	Poltavska	Semenivskyi	49.5167	33.3333
38256	Шепелівка	Poltavska	Semenivskyi	49.5035	33.1398
38260	Іванівка	Poltavska	Semenivskyi	49.5346	32.8518
38261	Степанівка	Poltavska	Semenivskyi	49.5254	32.9244
38262	Крива Руда	Poltavska	Semenivskyi	49.5159	32.985
38270	Очеретувате	Poltavska	Semenivskyi	49.5646	33.1482
38271	Устимівка	Poltavska	Semenivskyi	49.5218	33.1927
38272	Вербки	Poltavska	Semenivskyi	49.4746	33.2285
38273	Паніванівка	Poltavska	Semenivskyi	49.5904	33.2312
38274	Слюзівка	Poltavska	Semenivskyi	49.5691	33.0158
38300	Велика Багачка	Poltavska	Velykobahachanskyi	49.7912	33.7226
38300	Бутова Долина	Poltavska	Velykobahachanskyi	49.8088	33.6856
38301	Андрущине	Poltavska	Velykobahachanskyi	49.5497	33.6724
38302	Баланди	Poltavska	Velykobahachanskyi	49.658	33.8289
38303	Бехтерщина	Poltavska	Velykobahachanskyi	49.8201	33.6073
38304	Буряківщина	Poltavska	Velykobahachanskyi	49.8331	33.7075
38305	Довгалівка	Poltavska	Velykobahachanskyi	49.7337	33.7175
38306	Байрак	Poltavska	Velykobahachanskyi	49.7353	33.8168
38307	Бутова Долина	Poltavska	Velykobahachanskyi	49.8088	33.6856
38308	Вишарі	Poltavska	Velykobahachanskyi	49.655	33.6891
38309	Вишняківка	Poltavska	Velykobahachanskyi	49.6421	33.8466
38310	Гоголеве	Poltavska	Velykobahachanskyi	49.92	33.8216
38311	Володимирівка	Poltavska	Velykobahachanskyi	49.6087	33.5654
38312	Михайлівка	Poltavska	Velykobahachanskyi	49.9104	33.7549
38313	Мар'янське	Poltavska	Velykobahachanskyi	49.7769	33.7482
38314	Матяшівка	Poltavska	Velykobahachanskyi	49.8643	33.8801
38315	Устивиця	Poltavska	Velykobahachanskyi	49.8608	33.8029
38316	Гарнокут	Poltavska	Velykobahachanskyi	49.7657	33.742
38317	Герусівка	Poltavska	Velykobahachanskyi	49.6592	33.7598
38318	Говори	Poltavska	Velykobahachanskyi	49.5643	33.6588
38319	Грянчиха	Poltavska	Velykobahachanskyi	49.8385	33.7482
38320	Широка Долина	Poltavska	Velykobahachanskyi	49.8567	33.631
38321	Кротівщина	Poltavska	Velykobahachanskyi	49.7727	33.6087
38322	Якимове	Poltavska	Velykobahachanskyi	49.7537	33.6772
38323	Балюки	Poltavska	Velykobahachanskyi	49.7329	33.6177
38324	Дакалівка	Poltavska	Velykobahachanskyi	49.8934	33.7803
38325	Дзюбівщина	Poltavska	Velykobahachanskyi	49.7009	33.7343
38326	Запсілля	Poltavska	Velykobahachanskyi	49.5586	33.7852
38327	Затон	Poltavska	Velykobahachanskyi	49.7701	33.7694
38328	Іванівка	Poltavska	Velykobahachanskyi	49.6161	33.5089
38329	Колосівка	Poltavska	Velykobahachanskyi	49.6081	33.7735
38330	Багачка Перша	Poltavska	Velykobahachanskyi	49.6968	33.6087
38331	Семенівка	Poltavska	Velykobahachanskyi	49.7075	33.5495
38332	Степанівка	Poltavska	Velykobahachanskyi	49.7041	33.6505
38333	Радивонівка	Poltavska	Velykobahachanskyi	49.6419	33.5473
38334	Коноплянка	Poltavska	Velykobahachanskyi	49.6732	33.8303
38335	Кравченки	Poltavska	Velykobahachanskyi	49.5362	33.6741
38336	Кульбашне	Poltavska	Velykobahachanskyi	49.8821	33.7036
38337	Лугове	Poltavska	Velykobahachanskyi	49.7016	33.7696
38338	Лукаші	Poltavska	Velykobahachanskyi	49.7875	33.6554
38339	Мала Решетилівка	Poltavska	Velykobahachanskyi	49.7953	33.7742
38340	Білоцерківка	Poltavska	Velykobahachanskyi	49.6747	33.7862
38341	Красногорівка	Poltavska	Velykobahachanskyi	49.6773	33.7448
38342	Бірки	Poltavska	Velykobahachanskyi	49.6398	33.8088
38343	Поділ	Poltavska	Velykobahachanskyi	49.6706	33.878
38344	Балаклія	Poltavska	Velykobahachanskyi	49.615	33.7547
38345	Морозівщина	Poltavska	Velykobahachanskyi	49.6688	33.7262
38346	Нове Остапове	Poltavska	Velykobahachanskyi	49.5317	33.7683
38347	Огирівка	Poltavska	Velykobahachanskyi	49.698	33.861
38348	Олефіри	Poltavska	Velykobahachanskyi	49.5264	33.7114
38349	Перекопівка	Poltavska	Velykobahachanskyi	49.6268	33.5443
38350	Корнієнки	Poltavska	Velykobahachanskyi	49.6584	33.6984
38351	Мостовівщина	Poltavska	Velykobahachanskyi	49.6504	33.6481
38352	Попове	Poltavska	Velykobahachanskyi	49.6289	33.6202
38353	Рокита	Poltavska	Velykobahachanskyi	49.5878	33.6314
38354	Остап'є	Poltavska	Velykobahachanskyi	49.5496	33.7609
38355	Пилипенки	Poltavska	Velykobahachanskyi	49.721	33.7327
38356	Писарівщина	Poltavska	Velykobahachanskyi	49.6396	33.7212
38357	Підгір'я	Poltavska	Velykobahachanskyi	49.6584	33.6984
38358	Підлуки	Poltavska	Velykobahachanskyi	49.6584	33.6984
38359	Псільське	Poltavska	Velykobahachanskyi	49.8318	33.7747
38360	Пушкареве	Poltavska	Velykobahachanskyi	49.6874	33.5674
38361	Сидорівщина	Poltavska	Velykobahachanskyi	49.6652	33.707
38362	Скибівщина	Poltavska	Velykobahachanskyi	49.7579	33.5847
38363	Стефанівщина	Poltavska	Velykobahachanskyi	49.698	33.6892
38364	Стінки	Poltavska	Velykobahachanskyi	49.6238	33.8086
38365	Суржки	Poltavska	Velykobahachanskyi	49.8574	33.6779
38366	Трудолюбиве	Poltavska	Velykobahachanskyi	49.6323	33.6611
38367	Уханівка	Poltavska	Velykobahachanskyi	49.5705	33.7743
38368	Цикали	Poltavska	Velykobahachanskyi	49.6125	33.6978
38369	Мар'янівка	Poltavska	Velykobahachanskyi	49.6783	33.6853
38370	Шепелі	Poltavska	Velykobahachanskyi	49.7338	33.7447
38371	Шипоші	Poltavska	Velykobahachanskyi	49.6501	33.7198
38372	Широке	Poltavska	Velykobahachanskyi	49.6696	33.6139
38373	Шпирни	Poltavska	Velykobahachanskyi	49.6112	33.6626
38400	Решетилівка	Poltavska	Reshetylivskyi	49.565	34.0782
38401	Андріївка	Poltavska	Reshetylivskyi	49.5459	34.2525
38402	Бабичі	Poltavska	Reshetylivskyi	49.6705	34.1715
38403	Бакай	Poltavska	Reshetylivskyi	49.6162	33.9244
38404	Колотії	Poltavska	Reshetylivskyi	49.5775	34.0058
38405	Березняки	Poltavska	Reshetylivskyi	49.4583	33.8273
38406	Білоконі	Poltavska	Reshetylivskyi	49.6167	34.1167
38407	Браїлки	Poltavska	Reshetylivskyi	49.5274	34.2624
38408	Бузинівщина	Poltavska	Reshetylivskyi	49.474	34.0916
38409	Ганжі	Poltavska	Reshetylivskyi	49.5052	34.1038
38410	Піщане	Poltavska	Reshetylivskyi	49.7388	34.1533
38411	Нова Михайлівка	Poltavska	Reshetylivskyi	49.7351	34.1055
38412	Федіївка	Poltavska	Reshetylivskyi	49.6771	34.2025
38413	Покровське	Poltavska	Reshetylivskyi	50.0497	34.3773
38414	Шкурупіївка	Poltavska	Reshetylivskyi	49.5674	34.1069
38415	Кукобівка	Poltavska	Reshetylivskyi	49.6031	34.1658
38416	Голуби	Poltavska	Reshetylivskyi	49.6378	34.077
38417	Гольманівка	Poltavska	Reshetylivskyi	49.4023	34.0605
38418	Дем'янці	Poltavska	Reshetylivskyi	49.6908	34.0344
38419	Дмитренки	Poltavska	Reshetylivskyi	49.6272	34.1181
38420	Лобачі	Poltavska	Reshetylivskyi	49.6538	33.9854
38421	Лиман Другий	Poltavska	Reshetylivskyi	49.6881	33.983
38422	Братешки	Poltavska	Reshetylivskyi	49.6801	34.0335
38423	Малий Бакай	Poltavska	Reshetylivskyi	49.6162	33.9244
38424	Мушти	Poltavska	Reshetylivskyi	49.6168	33.8748
38425	Глибока Балка	Poltavska	Reshetylivskyi	49.6267	34.0208
38426	Долина	Poltavska	Reshetylivskyi	49.6107	34.1938
38427	Дружба	Poltavska	Reshetylivskyi	49.4221	33.9507
38428	Коліньки	Poltavska	Reshetylivskyi	49.6996	33.9375
38429	Коломак	Poltavska	Reshetylivskyi	49.6395	34.1685
38430	Шилівка	Poltavska	Reshetylivskyi	49.5738	33.8504
38431	Каленики	Poltavska	Reshetylivskyi	49.5265	33.8541
38432	Сухорабівка	Poltavska	Reshetylivskyi	49.4882	33.8307
38433	М'якеньківка	Poltavska	Reshetylivskyi	49.5689	33.9801
38434	Михнівка	Poltavska	Reshetylivskyi	49.4956	33.9511
38435	Коржі	Poltavska	Reshetylivskyi	49.6215	34.0498
38436	Кривки	Poltavska	Reshetylivskyi	49.678	34.1181
38437	Крохмальці	Poltavska	Reshetylivskyi	49.6482	33.9444
38438	Кузьменки	Poltavska	Reshetylivskyi	49.5689	33.9801
38439	Левенцівка	Poltavska	Reshetylivskyi	49.5191	34.2421
38440	Демидівка	Poltavska	Reshetylivskyi	49.5651	34.1794
38441	Плоске	Poltavska	Reshetylivskyi	49.4895	34.2329
38442	Потічок	Poltavska	Reshetylivskyi	49.472	34.0458
38443	Лиман Перший	Poltavska	Reshetylivskyi	49.4601	34.1234
38444	Литвинівка	Poltavska	Reshetylivskyi	49.5583	34.1512
38445	Лучки	Poltavska	Reshetylivskyi	49.6532	34.199
38446	Лютівка	Poltavska	Reshetylivskyi	49.5975	34.1755
38447	Миколаївка	Poltavska	Reshetylivskyi	49.5618	34.3176
38448	Мирне	Poltavska	Reshetylivskyi	49.4835	34.1359
38449	Молодиківщина	Poltavska	Reshetylivskyi	49.7487	34.093
38450	Шевченкове	Poltavska	Reshetylivskyi	49.4351	33.9665
38451	Пащенки	Poltavska	Reshetylivskyi	49.4202	34.0184
38452	Шамраївка	Poltavska	Reshetylivskyi	49.3862	33.9967
38453	Нагірне	Poltavska	Reshetylivskyi	49.4547	34.0187
38454	Нова Диканька	Poltavska	Reshetylivskyi	49.5893	34.2058
38455	Онищенки	Poltavska	Reshetylivskyi	49.592	33.8992
38456	Паненки	Poltavska	Reshetylivskyi	49.5561	33.9012
38457	Пасічники	Poltavska	Reshetylivskyi	49.5013	34.0172
38458	Паськівка	Poltavska	Reshetylivskyi	50.0205	37.0298
38459	Писаренки	Poltavska	Reshetylivskyi	49.5138	34.2951
38460	Підок	Poltavska	Reshetylivskyi	49.4703	33.8991
38461	Потеряйки	Poltavska	Reshetylivskyi	49.7018	34.0882
38462	Потеряйки-Горові	Poltavska	Reshetylivskyi	49.6963	34.0725
38463	Прокопівка	Poltavska	Reshetylivskyi	49.5953	34.0877
38464	Пустовари	Poltavska	Reshetylivskyi	49.5421	34.1757
38465	Сені	Poltavska	Reshetylivskyi	49.5259	34.0373
38466	Славки	Poltavska	Reshetylivskyi	49.6895	34.1831
38467	Твердохліби	Poltavska	Reshetylivskyi	49.493	34.3004
38468	Тривайли	Poltavska	Reshetylivskyi	49.6499	33.9655
38469	Тури	Poltavska	Reshetylivskyi	49.4783	34.1091
38470	Тутаки	Poltavska	Reshetylivskyi	49.647	34.1115
38471	Капустяни	Poltavska	Reshetylivskyi	49.5796	34.0756
38472	Хоружі	Poltavska	Reshetylivskyi	49.5575	34.0954
38473	Хрещате	Poltavska	Reshetylivskyi	49.5417	33.929
38474	Чередники	Poltavska	Reshetylivskyi	49.4678	34.2576
38475	Шарлаї	Poltavska	Reshetylivskyi	49.7182	34.0712
38476	Шишацьке	Poltavska	Reshetylivskyi	49.6791	34.0734
38477	Шкурупії	Poltavska	Reshetylivskyi	49.6483	34.0942
38478	Шрамки	Poltavska	Reshetylivskyi	49.5438	33.9992
38479	Яценки	Poltavska	Reshetylivskyi	49.4129	34.0492
38500	Диканька	Poltavska	Dykanskyi	49.7981	34.4458
38501	Андренки	Poltavska	Dykanskyi	49.7981	34.4458
38502	Борисівка	Poltavska	Dykanskyi	49.7695	34.338
38503	Василівка	Poltavska	Dykanskyi	49.8249	34.451
38504	Веселівка	Poltavska	Dykanskyi	49.7369	34.4956
38505	Гавронці	Poltavska	Dykanskyi	49.7219	34.581
38506	Глоди	Poltavska	Dykanskyi	49.7231	34.6082
38507	Горбатівка	Poltavska	Dykanskyi	49.8757	34.3488
38508	Горянщина	Poltavska	Dykanskyi	49.9118	34.455
38509	Дейнеківка	Poltavska	Dykanskyi	49.8212	34.289
38510	Орданівка	Poltavska	Dykanskyi	49.8953	34.3422
38511	Петро-Давидівка	Poltavska	Dykanskyi	49.8896	34.3907
38512	Балясне	Poltavska	Dykanskyi	49.8215	34.3308
38513	Нелюбівка	Poltavska	Dykanskyi	49.847	34.2868
38514	Дячкове	Poltavska	Dykanskyi	49.7878	34.2586
38515	Єлизаветівка	Poltavska	Dykanskyi	49.8581	34.3938
38516	Жадани	Poltavska	Dykanskyi	49.8713	34.3767
38517	Кам'янка	Poltavska	Dykanskyi	49.8454	34.3588
38518	Кардашівка	Poltavska	Dykanskyi	49.8845	34.6395
38519	Климківка	Poltavska	Dykanskyi	49.7531	34.2105
38520	Водяна Балка	Poltavska	Dykanskyi	49.9026	34.4791
38521	Великі Будища	Poltavska	Dykanskyi	49.8556	34.5781
38522	Писарівщина	Poltavska	Dykanskyi	49.8561	34.6265
38523	Чернечий Яр	Poltavska	Dykanskyi	49.8352	34.5909
38524	Кокозівка	Poltavska	Dykanskyi	49.811	34.2408
38525	Кононенки (Водяна Балка)	Poltavska	Dykanskyi	49.8137	34.4647
38526	Кратова Говтва	Poltavska	Dykanskyi	49.8726	34.5054
38527	Кучерівка	Poltavska	Dykanskyi	49.7463	34.2821
38528	Лани	Poltavska	Dykanskyi	49.7134	34.4338
38529	Мала Рудка	Poltavska	Dykanskyi	49.7301	34.4459
38530	Діброва	Poltavska	Dykanskyi	49.922	34.6071
38531	Надежда	Poltavska	Dykanskyi	49.7394	34.2248
38532	Андріївка	Poltavska	Dykanskyi	49.7618	34.3021
38533	Ландарі	Poltavska	Dykanskyi	49.7837	34.3922
38534	Марченки	Poltavska	Dykanskyi	49.845	34.3806
38535	Міжгір'я	Poltavska	Dykanskyi	49.7841	34.2124
38536	Нова Василівка	Poltavska	Dykanskyi	49.9199	34.3785
38537	Одарюківка	Poltavska	Dykanskyi	49.7398	34.3568
38538	Олефірщина	Poltavska	Dykanskyi	49.8847	34.5826
38539	Онацьки	Poltavska	Dykanskyi	49.886	34.4574
38540	Велика Рудка	Poltavska	Dykanskyi	49.7507	34.46
38541	Стасі	Poltavska	Dykanskyi	49.7444	34.571
38542	Михайлівка	Poltavska	Dykanskyi	49.7852	34.6065
38543	Байрак	Poltavska	Dykanskyi	49.7183	34.368
38544	Петренки	Poltavska	Dykanskyi	49.7322	34.3409
38545	Попівка	Poltavska	Dykanskyi	49.8242	34.3667
38546	Проні	Poltavska	Dykanskyi	49.7853	34.5405
38547	Сивці	Poltavska	Dykanskyi	49.8424	34.2653
38548	Слиньків Яр	Poltavska	Dykanskyi	49.7728	34.4399
38549	Сохатська Балка	Poltavska	Dykanskyi	49.7728	34.4399
38550	Степанівка	Poltavska	Dykanskyi	49.7613	34.4154
38551	Судівка	Poltavska	Dykanskyi	49.7572	34.4904
38552	Тополівка	Poltavska	Dykanskyi	49.9261	34.3353
38553	Трояни	Poltavska	Dykanskyi	49.8429	34.4691
38554	Федорівка	Poltavska	Dykanskyi	49.7774	34.4375
38555	Хоменки	Poltavska	Dykanskyi	49.8834	34.4099
38556	Чернещина	Poltavska	Dykanskyi	49.8859	34.2994
38557	Ярохівка	Poltavska	Dykanskyi	49.9106	34.3035
38600	Котельва	Poltavska	Kotelevskyi	50.0686	34.7586
38601	Борівське	Poltavska	Kotelevskyi	49.8393	34.7224
38602	Ворони	Poltavska	Kotelevskyi	49.7436	34.6265
38603	Гетьманка	Poltavska	Kotelevskyi	49.8669	34.7442
38604	Глобівка	Poltavska	Kotelevskyi	49.8136	34.7203
38605	Дем'янівка	Poltavska	Kotelevskyi	49.94	34.7764
38606	Зайці Другі	Poltavska	Kotelevskyi	49.8065	34.7487
38607	Михайлове	Poltavska	Kotelevskyi	50.1531	34.8627
38608	Сидоряче	Poltavska	Kotelevskyi	50.1227	34.9136
38609	Михайлівка Перша	Poltavska	Kotelevskyi	50.0458	34.8904
38610	Більськ	Poltavska	Kotelevskyi	50.0938	34.635
38611	Деревки	Poltavska	Kotelevskyi	49.9941	34.709
38612	Зуби	Poltavska	Kotelevskyi	49.7878	34.6776
38613	Камінне	Poltavska	Kotelevskyi	50.1548	34.8242
38614	Касяни	Poltavska	Kotelevskyi	49.8007	34.708
38615	Ковжижа	Poltavska	Kotelevskyi	49.8341	34.7814
38616	Лабурівка	Poltavska	Kotelevskyi	49.8629	34.6835
38617	Любка	Poltavska	Kotelevskyi	50.0041	34.7682
38618	Маловидне	Poltavska	Kotelevskyi	49.9275	34.8971
38619	Марьїне	Poltavska	Kotelevskyi	49.9704	35.4658
38620	Мала Рублівка	Poltavska	Kotelevskyi	49.9161	34.7606
38621	Микілка	Poltavska	Kotelevskyi	49.8859	34.7523
38622	Лихачівка	Poltavska	Kotelevskyi	49.9326	34.6864
38623	Велика Рублівка	Poltavska	Kotelevskyi	49.8971	34.804
38624	Ковалеве	Poltavska	Kotelevskyi	49.9152	34.8708
38625	Зайці	Poltavska	Kotelevskyi	50.3012	34.3215
38626	Млинки	Poltavska	Kotelevskyi	50.0447	34.7078
38627	Назаренки	Poltavska	Kotelevskyi	49.797	34.7643
38628	Підварівка	Poltavska	Kotelevskyi	49.7899	34.6377
38629	Стадниця	Poltavska	Kotelevskyi	49.9074	34.8913
38630	Милорадове	Poltavska	Kotelevskyi	49.8217	34.7498
38631	Матвіївка	Poltavska	Kotelevskyi	49.8371	34.6683
38632	Козлівщина	Poltavska	Kotelevskyi	49.7802	34.7466
38633	Діброва	Poltavska	Kotelevskyi	49.7735	34.6863
38634	Терещенки	Poltavska	Kotelevskyi	49.7927	34.7233
38635	Терни	Poltavska	Kotelevskyi	49.8793	34.7862
38636	Чернещина	Poltavska	Kotelevskyi	49.8859	34.2994
38637	Чоботарі	Poltavska	Kotelevskyi	49.825	34.7376
38638	Шевченкове	Poltavska	Kotelevskyi	49.8873	34.6993
38701	Ковалівка	Poltavska	Poltavskyi	49.6109	34.7066
38702	Терентіївка	Poltavska	Poltavskyi	49.6355	34.652
38702	Залізничне	Poltavska	Poltavskyi	49.6297	34.7078
38702	Паськівка	Poltavska	Poltavskyi	50.0205	37.0298
38703	Соснівка	Poltavska	Poltavskyi	49.6028	34.6597
38703	Макухівка	Poltavska	Poltavskyi	49.5919	34.6297
38704	Андріївка	Poltavska	Poltavskyi	49.3712	34.8853
38705	Андрушки	Poltavska	Poltavskyi	49.6005	34.6247
38706	Байрак	Poltavska	Poltavskyi	49.5568	34.386
38707	Безручки	Poltavska	Poltavskyi	49.5147	34.6159
38708	Березівка	Poltavska	Poltavskyi	49.7093	34.6995
38709	Бершадське	Poltavska	Poltavskyi	49.6221	34.8725
38710	Чорноглазівка	Poltavska	Poltavskyi	49.6884	34.3738
38710	Трирогове	Poltavska	Poltavskyi	49.6735	34.3271
38711	Валок	Poltavska	Poltavskyi	49.7085	34.2681
38711	Очканівка	Poltavska	Poltavskyi	49.735	34.2575
38712	Уманцівка	Poltavska	Poltavskyi	49.6312	34.2796
38712	Циганське	Poltavska	Poltavskyi	49.6011	34.2641
38712	Пальчиківка	Poltavska	Poltavskyi	49.6162	34.2719
38713	Гожули	Poltavska	Poltavskyi	49.6078	34.4485
38714	Супрунівка	Poltavska	Poltavskyi	49.5787	34.4376
38714	Мильці	Poltavska	Poltavskyi	49.5821	34.4497
38714	Шостаки	Poltavska	Poltavskyi	49.5854	34.4617
38715	Миколаївка	Poltavska	Poltavskyi	49.5618	34.3176
38715	Червона Долина	Poltavska	Poltavskyi	49.6251	34.336
38715	Носівка	Poltavska	Poltavskyi	49.6403	34.3686
38715	Рожаївка	Poltavska	Poltavskyi	49.5823	34.3292
38715	Соломахівка	Poltavska	Poltavskyi	49.623	34.3698
38715	Абазівка	Poltavska	Poltavskyi	49.6035	34.3496
38716	Біологічне	Poltavska	Poltavskyi	49.6319	34.4121
38717	Божки	Poltavska	Poltavskyi	49.641	34.7922
38718	Божківське	Poltavska	Poltavskyi	49.6703	34.7591
38719	Бочанівка	Poltavska	Poltavskyi	49.6175	34.6771
38720	Тахтаулове	Poltavska	Poltavskyi	49.6617	34.5258
38721	Олепіри	Poltavska	Poltavskyi	49.6848	34.6103
38721	Яцинова Слобідка	Poltavska	Poltavskyi	49.7	34.615
38721	Тернівщина	Poltavska	Poltavskyi	49.668	34.6155
38721	Патлаївка	Poltavska	Poltavskyi	49.6473	34.5828
38721	Сем'янівка	Poltavska	Poltavskyi	51.1606	33.3587
38722	Бричківка	Poltavska	Poltavskyi	49.7106	34.5141
38723	Петрівка	Poltavska	Poltavskyi	49.6981	34.5779
38724	Брунівка	Poltavska	Poltavskyi	49.6498	34.6841
38725	Бугаївка	Poltavska	Poltavskyi	49.6586	34.3175
38726	Бузова Паськівка	Poltavska	Poltavskyi	49.8042	34.5042
38727	Бурти	Poltavska	Poltavskyi	49.6592	34.8907
38728	Васильці	Poltavska	Poltavskyi	49.7513	34.7582
38729	Васьки	Poltavska	Poltavskyi	49.8042	34.5042
38730	Петрашівка	Poltavska	Poltavskyi	49.0052	33.7596
38730	Рунівщина	Poltavska	Poltavskyi	49.6987	34.757
38730	Сягайли	Poltavska	Poltavskyi	49.6904	34.7834
38730	Фисуни	Poltavska	Poltavskyi	49.6997	34.8336
38731	Ступки	Poltavska	Poltavskyi	49.7313	34.6773
38731	Нестеренки	Poltavska	Poltavskyi	49.7215	34.7424
38731	Мар'ївка	Poltavska	Poltavskyi	49.7272	34.7113
38731	Сусідки	Poltavska	Poltavskyi	49.7287	34.7141
38732	Новоселівка	Poltavska	Poltavskyi	49.6339	34.6888
38733	Шили	Poltavska	Poltavskyi	49.6912	34.7157
38733	Кованьківка	Poltavska	Poltavskyi	49.6773	34.6756
38733	Надержинщина	Poltavska	Poltavskyi	49.6624	34.6938
38734	Крюкове	Poltavska	Poltavskyi	49.6574	34.7477
38735	Ватажкове	Poltavska	Poltavskyi	49.5038	34.6725
38736	Ваці	Poltavska	Poltavskyi	49.5519	34.6926
38737	Вербове	Poltavska	Poltavskyi	47.4293	35.9828
38738	Верхоли	Poltavska	Poltavskyi	49.5913	34.6662
38739	Витівка	Poltavska	Poltavskyi	49.6263	34.3074
38740	Степанівка	Poltavska	Poltavskyi	49.6308	34.8272
38740	Опішняни	Poltavska	Poltavskyi	49.6369	34.7829
38740	Черкасівка	Poltavska	Poltavskyi	49.6414	34.8171
38741	Божкове	Poltavska	Poltavskyi	49.6587	34.7919
38742	Коломацьке	Poltavska	Poltavskyi	49.6192	34.755
38743	Василівка	Poltavska	Poltavskyi	49.6414	34.899
38743	Мале Ладижине	Poltavska	Poltavskyi	49.6195	34.868
38744	Степне	Poltavska	Poltavskyi	49.5658	34.8069
38745	Вищі Вільшани	Poltavska	Poltavskyi	49.5036	34.4777
38746	Вільхівщина	Poltavska	Poltavskyi	49.66	34.8501
38747	Вільховий Ріг	Poltavska	Poltavskyi	49.6192	34.755
38748	Гаврилки	Poltavska	Poltavskyi	49.7034	34.8604
38749	Гвоздиківка	Poltavska	Poltavskyi	49.5498	34.3243
38750	Тютюнники	Poltavska	Poltavskyi	49.5305	34.5548
38750	Щербані	Poltavska	Poltavskyi	49.5345	34.5362
38751	Розсошенці	Poltavska	Poltavskyi	49.5393	34.5026
38752	Нижні Млини	Poltavska	Poltavskyi	49.5518	34.5781
38752	Шмиглі	Poltavska	Poltavskyi	49.5428	34.5509
38752	Гора	Poltavska	Poltavskyi	49.5395	34.5718
38753	Підлепичі	Poltavska	Poltavskyi	49.5306	34.3383
38753	Калашники	Poltavska	Poltavskyi	49.51	34.3271
38753	Малі Козуби	Poltavska	Poltavskyi	49.5019	34.3277
38753	Михайлики	Poltavska	Poltavskyi	49.5003	34.3118
38753	Твердохліби	Poltavska	Poltavskyi	49.493	34.3004
38753	Сердюки	Poltavska	Poltavskyi	49.5115	34.3417
38753	Писаренки	Poltavska	Poltavskyi	49.5138	34.2951
38754	Мачухи	Poltavska	Poltavskyi	49.5213	34.4296
38754	Снопове	Poltavska	Poltavskyi	49.5121	34.3919
38755	Судіївка	Poltavska	Poltavskyi	49.5164	34.446
38755	Шевченки	Poltavska	Poltavskyi	49.9684	34.379
38756	Глоби	Poltavska	Poltavskyi	49.5752	34.4504
38757	Глухове	Poltavska	Poltavskyi	49.6687	34.4013
38758	Головки	Poltavska	Poltavskyi	49.7509	34.7082
38759	Гонтарі	Poltavska	Poltavskyi	49.7662	34.7156
38760	Цибулі	Poltavska	Poltavskyi	49.5346	34.6727
38760	Мале Микільське	Poltavska	Poltavskyi	49.5298	34.6241
38760	Микільське	Poltavska	Poltavskyi	49.5426	34.6537
38760	Марківка	Poltavska	Poltavskyi	49.5636	34.6643
38761	Копили	Poltavska	Poltavskyi	49.579	34.6347
38762	Терешки	Poltavska	Poltavskyi	49.5548	34.6106
38763	Кашубівка	Poltavska	Poltavskyi	49.5317	34.7128
38764	Горбанівка	Poltavska	Poltavskyi	49.5537	34.4893
38765	Готвянчик	Poltavska	Poltavskyi	49.579	34.6347
38766	Грабинівка	Poltavska	Poltavskyi	49.5928	34.6824
38767	Гринівка	Poltavska	Poltavskyi	49.7077	34.5303
38768	Гутирівка	Poltavska	Poltavskyi	49.6221	34.2807
38769	Давидівка	Poltavska	Poltavskyi	49.5988	35.0797
38770	Нижні Вільшани	Poltavska	Poltavskyi	49.4733	34.495
38770	Пожарна Балка	Poltavska	Poltavskyi	49.4645	34.5333
38770	Великий Тростянець	Poltavska	Poltavskyi	49.4971	34.5367
38770	Сапожине	Poltavska	Poltavskyi	49.454	34.5147
38770	Малий Тростянець	Poltavska	Poltavskyi	49.503	34.5098
38771	Буланове	Poltavska	Poltavskyi	49.4631	34.5592
38772	Заворскло	Poltavska	Poltavskyi	49.4562	34.6324
38772	Портнівка	Poltavska	Poltavskyi	49.5177	34.6918
38773	Минівка	Poltavska	Poltavskyi	49.5005	34.7157
38774	Головач	Poltavska	Poltavskyi	49.4655	34.5986
38775	Долина	Poltavska	Poltavskyi	49.6993	34.3534
38776	Забаряни	Poltavska	Poltavskyi	49.6923	34.663
38776	Дудникове	Poltavska	Poltavskyi	49.621	34.8113
38777	Затурине	Poltavska	Poltavskyi	49.6079	34.6322
38778	Зінці	Poltavska	Poltavskyi	49.5397	34.6195
38779	Зорівка	Poltavska	Poltavskyi	49.656	34.4339
38780	Івашки	Poltavska	Poltavskyi	49.5948	34.4057
38781	Їжаківка	Poltavska	Poltavskyi	49.5883	34.708
38782	Каплунівка	Poltavska	Poltavskyi	49.7228	34.288
38783	Жуки	Poltavska	Poltavskyi	49.6706	34.5024
38784	Карнаухи	Poltavska	Poltavskyi	49.6979	34.8562
38785	Карпусі	Poltavska	Poltavskyi	49.6052	34.3171
38786	Квіткове	Poltavska	Poltavskyi	49.4924	34.5545
38787	Келебердівка	Poltavska	Poltavskyi	49.6168	34.244
38788	Клименки	Poltavska	Poltavskyi	49.5289	34.3026
38789	Клюшники	Poltavska	Poltavskyi	49.5275	34.6406
38790	Кованчик	Poltavska	Poltavskyi	49.5598	34.3514
38791	Коломак	Poltavska	Poltavskyi	49.6395	34.1685
38792	Косточки	Poltavska	Poltavskyi	49.5914	34.2726
38793	Куклинці	Poltavska	Poltavskyi	49.5426	34.4399
38794	Курилехівка	Poltavska	Poltavskyi	49.5281	34.7565
38795	Лаврики	Poltavska	Poltavskyi	49.6162	34.3684
38796	Лозівка	Poltavska	Poltavskyi	49.7035	34.3019
38797	Лукищина	Poltavska	Poltavskyi	49.4876	34.586
38798	Мазурівка	Poltavska	Poltavskyi	49.5708	34.3572
38799	Макарцівка	Poltavska	Poltavskyi	49.6676	34.3584
38800	Чутове	Poltavska	Chutivskyi	49.7104	35.1657
38801	Березове	Poltavska	Chutivskyi	47.8746	36.4956
38802	Верхні Рівні	Poltavska	Chutivskyi	49.7708	35.1816
38803	Виноминівка	Poltavska	Chutivskyi	49.6697	35.0399
38804	Водяне	Poltavska	Chutivskyi	49.7123	35.0376
38805	Новофедорівка	Poltavska	Chutivskyi	49.6839	35.09
38806	Таверівка	Poltavska	Chutivskyi	49.6849	35.2264
38807	Вільниця	Poltavska	Chutivskyi	49.7366	34.9099
38808	Дондасівка	Poltavska	Chutivskyi	49.4552	35.229
38809	Павлівка	Poltavska	Chutivskyi	49.2537	34.9138
38810	Филенкове	Poltavska	Chutivskyi	49.8354	35.0004
38811	Скибівка	Poltavska	Chutivskyi	49.8918	34.8147
38812	Рябківка	Poltavska	Chutivskyi	49.8351	35.0525
38813	Скороходове	Poltavska	Chutivskyi	50.8601	33.1234
38814	Козаче	Poltavska	Chutivskyi	49.8047	35.0247
38815	Контемирівка	Poltavska	Chutivskyi	49.8918	34.8147
38816	Коханівка	Poltavska	Chutivskyi	49.7876	35.0443
38817	Левенцівка	Poltavska	Chutivskyi	49.6231	35.2531
38818	Лисича	Poltavska	Chutivskyi	49.6427	35.0907
38819	Лисівщина	Poltavska	Chutivskyi	49.7454	34.9286
38820	Черняківка	Poltavska	Chutivskyi	49.7637	35.1444
38821	Іскрівка	Poltavska	Chutivskyi	49.8247	35.1704
38822	Кочубеївка	Poltavska	Chutivskyi	49.2338	34.4891
38823	Майдан	Poltavska	Chutivskyi	49.6873	35.0008
38824	Майорівка	Poltavska	Chutivskyi	49.8005	34.8852
38825	Нижні Рівні	Poltavska	Chutivskyi	49.7573	35.1968
38826	Никонорівка	Poltavska	Chutivskyi	49.8129	35
38827	Ново-Грякове	Poltavska	Chutivskyi	49.6873	35.0008
38828	Ново-Кочубеївка	Poltavska	Chutivskyi	49.6873	35.0008
38829	Охоче	Poltavska	Chutivskyi	49.6181	35.12
38830	Підгірне	Poltavska	Chutivskyi	49.7827	34.9889
38831	Первозванівка	Poltavska	Chutivskyi	48.3054	34.3463
38832	Петрівка	Poltavska	Chutivskyi	49.6981	34.5779
38833	Розпашне	Poltavska	Chutivskyi	49.6456	35.1984
38834	Флорівка	Poltavska	Chutivskyi	49.7134	34.8915
38835	Степанівка	Poltavska	Chutivskyi	49.6308	34.8272
38836	Стінка	Poltavska	Chutivskyi	49.7054	35.0949
38837	Тойбік	Poltavska	Chutivskyi	49.6566	34.9487
38838	Трудолюбівка	Poltavska	Chutivskyi	49.8827	35.0297
38839	Щасливе	Poltavska	Chutivskyi	49.5579	34.8782
38840	Войнівка	Poltavska	Chutivskyi	49.6549	35.0188
38841	Сторожове	Poltavska	Chutivskyi	49.659	34.9622
38842	Зеленківка	Poltavska	Chutivskyi	49.6462	34.9739
38843	Смородщина	Poltavska	Chutivskyi	49.6132	35.0365
38844	Шевченківка	Poltavska	Chutivskyi	49.8339	35.112
38845	Степове	Poltavska	Chutivskyi	49.4318	33.4269
38846	Юнаки	Poltavska	Chutivskyi	49.6256	35.068
38850	Василівка	Poltavska	Chutivskyi	49.6351	35.1997
38851	Грякове	Poltavska	Chutivskyi	49.6309	35.3869
38852	Вільхуватка	Poltavska	Chutivskyi	49.6229	35.333
38861	Лозуватка	Poltavska	Chutivskyi	49.6823	35.2864
39000	Глобине	Poltavska	Hlobynskyi	49.3878	33.2596
39001	Глобине	Poltavska	Hlobynskyi	49.3878	33.2596
39002	Багни	Poltavska	Hlobynskyi	49.2847	33.4793
39003	Глобине	Poltavska	Hlobynskyi	49.3878	33.2596
39004	Балабушині Верби	Poltavska	Hlobynskyi	49.3729	33.4075
39005	Битакове Озеро	Poltavska	Hlobynskyi	49.3959	33.1249
39006	Білоусівка	Poltavska	Hlobynskyi	49.429	33.0963
39007	Шепелівка	Poltavska	Hlobynskyi	49.3263	33.2774
39008	Новомосковське (Глобине М/Р)	Poltavska	Hlobynskyi	49.3715	33.2705
39010	Зубані	Poltavska	Hlobynskyi	49.5434	33.564
39011	Романівка	Poltavska	Hlobynskyi	49.5366	33.5961
39012	Іванове Селище	Poltavska	Hlobynskyi	49.5179	33.5537
39013	Землянки	Poltavska	Hlobynskyi	49.4809	33.3705
39014	Радалівка	Poltavska	Hlobynskyi	49.5563	33.4764
39015	Степове	Poltavska	Hlobynskyi	49.4318	33.4269
39016	Малинівка	Poltavska	Hlobynskyi	49.5036	33.4141
39017	Вишеньки	Poltavska	Hlobynskyi	50.3815	33.0815
39018	Вітки	Poltavska	Hlobynskyi	49.3699	33.6332
39019	Ганнівка	Poltavska	Hlobynskyi	49.2717	33.156
39020	Святилівка	Poltavska	Hlobynskyi	49.4635	32.8176
39021	Липове	Poltavska	Hlobynskyi	49.483	32.724
39022	Гриньки	Poltavska	Hlobynskyi	49.4555	33.0289
39023	Бугаївка	Poltavska	Hlobynskyi	49.4277	32.9384
39024	Горби	Poltavska	Hlobynskyi	49.4319	33.0645
39025	Жуки	Poltavska	Hlobynskyi	49.4197	33.1707
39026	Броварки	Poltavska	Hlobynskyi	49.381	32.9717
39027	Кирияківка	Poltavska	Hlobynskyi	49.3625	33.0637
39028	Глибоке	Poltavska	Hlobynskyi	49.4186	33.7325
39029	Глушкове Друге	Poltavska	Hlobynskyi	49.4399	33.7106
39030	Петрівка	Poltavska	Hlobynskyi	49.7061	33.2092
39031	Федорівка	Poltavska	Hlobynskyi	49.4809	33.7187
39032	Великі Кринки	Poltavska	Hlobynskyi	49.4564	33.4864
39033	Весела Долина	Poltavska	Hlobynskyi	49.4063	33.4813
39034	Куп'євате	Poltavska	Hlobynskyi	49.2604	33.871
39035	Заможне	Poltavska	Hlobynskyi	49.4015	33.7053
39036	Гуляйполе	Poltavska	Hlobynskyi	47.6639	36.2563
39037	Демидівка	Poltavska	Hlobynskyi	49.4239	33.6019
39038	Демченки	Poltavska	Hlobynskyi	49.5443	33.5087
39039	Зарічне	Poltavska	Hlobynskyi	49.2604	33.871
39040	Пронозівка	Poltavska	Hlobynskyi	49.2944	33.011
39041	Шушвалівка	Poltavska	Hlobynskyi	49.3564	32.908
39042	Мозоліївка	Poltavska	Hlobynskyi	49.3132	32.9734
39043	Кагамлик	Poltavska	Hlobynskyi	49.2935	33.0843
39044	Опришки	Poltavska	Hlobynskyi	49.3681	33.1592
39045	Пироги	Poltavska	Hlobynskyi	49.3457	33.181
39046	Бориси	Poltavska	Hlobynskyi	49.3162	33.1178
39047	Жорняки	Poltavska	Hlobynskyi	49.4616	33.1219
39048	Канівщина	Poltavska	Hlobynskyi	49.2757	33.3331
39049	Ковнірівщина	Poltavska	Hlobynskyi	49.5187	33.4915
39050	Пустовійтове	Poltavska	Hlobynskyi	49.3343	33.385
39051	Пузикове	Poltavska	Hlobynskyi	49.3413	33.4424
39052	Обознівка	Poltavska	Hlobynskyi	49.2893	33.4325
39054	Коломицівка	Poltavska	Hlobynskyi	49.4507	33.1797
39055	Кордубанове	Poltavska	Hlobynskyi	49.4633	33.2945
39056	Корещина	Poltavska	Hlobynskyi	49.4623	33.3645
39057	Котляревське	Poltavska	Hlobynskyi	49.3866	33.2839
39058	Крива Руда	Poltavska	Hlobynskyi	49.5159	32.985
39059	Лізки	Poltavska	Hlobynskyi	49.2361	33.1875
39060	Троїцьке	Poltavska	Hlobynskyi	49.6381	33.2
39061	Сиротенки	Poltavska	Hlobynskyi	49.3452	33.5637
39062	Манжелія	Poltavska	Hlobynskyi	49.3223	33.6326
39063	Ламане	Poltavska	Hlobynskyi	49.2829	33.5843
39064	Лубенщина	Poltavska	Hlobynskyi	49.4889	33.7082
39065	Лукашівка	Poltavska	Hlobynskyi	49.699	32.9271
39066	Майданівка	Poltavska	Hlobynskyi	50.9041	28.8768
39067	Манилівське	Poltavska	Hlobynskyi	49.4124	33.6217
39068	Мар'їне	Poltavska	Hlobynskyi	49.9704	35.4658
39069	Махнівка	Poltavska	Hlobynskyi	49.3179	33.4201
39070	Градизьк	Poltavska	Hlobynskyi	49.2346	33.1361
39071	Градизьк	Poltavska	Hlobynskyi	49.2346	33.1361
39072	Набережне	Poltavska	Hlobynskyi	49.289	33.2691
39073	Бабичівка	Poltavska	Hlobynskyi	49.2926	33.2458
39074	Устимівка	Poltavska	Hlobynskyi	49.3043	33.2232
39075	Новий Виселок	Poltavska	Hlobynskyi	49.3069	33.4275
39076	Новобудова	Poltavska	Hlobynskyi	49.3297	33.2395
39077	Новодорожнє	Poltavska	Hlobynskyi	49.3614	33.3207
39078	Новоселівка	Poltavska	Hlobynskyi	49.4883	33.0948
39079	Павлівка	Poltavska	Hlobynskyi	49.4549	33.1632
39080	Пелехівщина (Кирияківка)	Poltavska	Hlobynskyi	49.5831	33.2527
39081	Петрашівка	Poltavska	Hlobynskyi	49.3917	32.9952
39082	Попівка	Poltavska	Hlobynskyi	49.784	33.353
39083	Проценки	Poltavska	Hlobynskyi	49.5085	32.84
39084	Руда	Poltavska	Hlobynskyi	49.5818	33.5379
39085	Семимогили	Poltavska	Hlobynskyi	49.4224	33.3752
39086	Середпілля	Poltavska	Hlobynskyi	49.2395	33.2199
39087	Сидори	Poltavska	Hlobynskyi	49.414	33.0821
39088	Сіренки	Poltavska	Hlobynskyi	49.4501	33.3825
39089	Старий Хутір	Poltavska	Hlobynskyi	50.4561	33.4883
39090	Струтинівка	Poltavska	Hlobynskyi	49.5067	32.867
39091	Тимошівка	Poltavska	Hlobynskyi	47.1841	35.1163
39092	Турбаї	Poltavska	Hlobynskyi	49.4858	33.6365
39093	Черевані	Poltavska	Hlobynskyi	49.3761	33.2306
39094	Шевченки	Poltavska	Hlobynskyi	49.124	33.7666
39095	Яроші	Poltavska	Hlobynskyi	49.3256	33.1786
39096	Васьківка	Poltavska	Hlobynskyi	49.2863	33.0506
39097	Погреби	Poltavska	Hlobynskyi	49.2551	33.3047
39100	Козельщина	Poltavska	Kozelshchynskyi	49.2019	33.8266
39101	Андрійки	Poltavska	Kozelshchynskyi	49.207	33.9287
39102	Бригадирівка	Poltavska	Kozelshchynskyi	49.2475	33.9533
39103	Булахи	Poltavska	Kozelshchynskyi	49.1042	33.8388
39104	Буняківка (Говтвянська)	Poltavska	Kozelshchynskyi	49.2019	33.8266
39105	Михайлики	Poltavska	Kozelshchynskyi	49.3037	33.8394
39106	Омельниче	Poltavska	Kozelshchynskyi	49.2019	33.8266
39107	Бутенки	Poltavska	Kozelshchynskyi	49.235	33.6481
39108	Бутоярівка	Poltavska	Kozelshchynskyi	49.1533	33.8163
39109	Велика Безуглівка	Poltavska	Kozelshchynskyi	49.1628	33.7615
39110	Говтва	Poltavska	Kozelshchynskyi	49.4202	33.8542
39111	Приліпка	Poltavska	Kozelshchynskyi	49.3994	33.8402
39112	Хорішки	Poltavska	Kozelshchynskyi	49.3807	33.8269
39113	Юрки	Poltavska	Kozelshchynskyi	49.3825	33.7791
39114	Верхня Жужманівка	Poltavska	Kozelshchynskyi	49.1658	33.8033
39115	Винники	Poltavska	Kozelshchynskyi	49.1665	33.9793
39116	Вишняки	Poltavska	Kozelshchynskyi	49.2679	33.6852
39117	Вільне	Poltavska	Kozelshchynskyi	49.3512	33.782
39118	В'язівка	Poltavska	Kozelshchynskyi	49.3114	33.8071
39119	Гайове	Poltavska	Kozelshchynskyi	49.2685	33.7138
39120	Верхня Мануйлівка	Poltavska	Kozelshchynskyi	49.2824	33.8044
39121	Харченки	Poltavska	Kozelshchynskyi	49.2934	33.7481
39122	Піски	Poltavska	Kozelshchynskyi	49.3059	33.6686
39123	Василівка	Poltavska	Kozelshchynskyi	49.2268	33.7592
39124	Трудовик	Poltavska	Kozelshchynskyi	49.2538	33.6833
39125	Ганнівка	Poltavska	Kozelshchynskyi	49.2551	33.9054
39126	Глибока Долина	Poltavska	Kozelshchynskyi	49.4237	33.7575
39127	Горбані	Poltavska	Kozelshchynskyi	49.1901	33.7626
39128	Дзюбанівка	Poltavska	Kozelshchynskyi	49.2862	34.0131
39129	Довге	Poltavska	Kozelshchynskyi	49.307	33.9422
39130	Висока Вакулівка	Poltavska	Kozelshchynskyi	49.3495	33.9367
39131	Мар'янівка	Poltavska	Kozelshchynskyi	49.2818	33.8721
39132	Лутовинівка	Poltavska	Kozelshchynskyi	49.2373	33.9051
39133	Оленівка	Poltavska	Kozelshchynskyi	49.242	33.9935
39134	Рибалки	Poltavska	Kozelshchynskyi	49.1847	33.9929
39135	Дяченки	Poltavska	Kozelshchynskyi	49.3123	33.7437
39136	Кащівка	Poltavska	Kozelshchynskyi	49.2818	33.8721
39137	Загребелля	Poltavska	Kozelshchynskyi	49.4043	33.8664
39138	Задовга	Poltavska	Kozelshchynskyi	49.2788	33.9114
39139	Йосипівка	Poltavska	Kozelshchynskyi	49.2453	33.6276
39140	Нова Галещина	Poltavska	Kozelshchynskyi	49.167	33.7543
39141	Солониця	Poltavska	Kozelshchynskyi	49.9737	33.0394
39142	Пригарівка	Poltavska	Kozelshchynskyi	49.1559	33.8955
39143	Пашківка	Poltavska	Kozelshchynskyi	49.1496	33.8599
39144	Калашники	Poltavska	Kozelshchynskyi	49.0919	33.8558
39145	Калинівка	Poltavska	Kozelshchynskyi	49.6553	32.9796
39146	Квіти	Poltavska	Kozelshchynskyi	49.2461	33.8661
39147	Киселівка	Poltavska	Kozelshchynskyi	49.3994	33.8402
39148	Книшівка	Poltavska	Kozelshchynskyi	49.27	33.6141
39149	Павлики	Poltavska	Kozelshchynskyi	49.3454	33.6339
39150	Бреусівка	Poltavska	Kozelshchynskyi	49.1458	34.0043
39151	Мальці	Poltavska	Kozelshchynskyi	49.8937	33.4601
39152	Сушки	Poltavska	Kozelshchynskyi	49.1077	33.9308
39153	Костівка	Poltavska	Kozelshchynskyi	49.34	33.8653
39154	Красносілля	Poltavska	Kozelshchynskyi	49.14	33.9581
39155	Лозки	Poltavska	Kozelshchynskyi	49.1887	33.87
39156	Майорщина	Poltavska	Kozelshchynskyi	49.2199	33.9607
39157	Миргородщина	Poltavska	Kozelshchynskyi	49.194	33.9638
39158	Нижня Жужманівка	Poltavska	Kozelshchynskyi	49.1438	33.7635
39159	Нижня Мануйлівка	Poltavska	Kozelshchynskyi	49.2637	33.8641
39160	Нова Україна	Poltavska	Kozelshchynskyi	49.2091	34.0194
39161	Новоселівка	Poltavska	Kozelshchynskyi	49.1652	34.0355
39162	Олександрівка	Poltavska	Kozelshchynskyi	49.2523	33.7664
39163	Олександрівка Друга	Poltavska	Kozelshchynskyi	49.1667	34.0833
39164	Ольгівка	Poltavska	Kozelshchynskyi	49.2465	33.9039
39165	Павлівка	Poltavska	Kozelshchynskyi	49.2576	33.8176
39166	Панасівка	Poltavska	Kozelshchynskyi	49.1745	33.9153
39167	Пашенівка	Poltavska	Kozelshchynskyi	49.3737	33.8721
39168	Підгорівка	Poltavska	Kozelshchynskyi	49.187	33.8134
39169	Плавні	Poltavska	Kozelshchynskyi	49.4322	33.8118
39170	Сухий Кобелячок	Poltavska	Kozelshchynskyi	49.2165	33.9279
39171	Улинівка	Poltavska	Kozelshchynskyi	49.0913	34.0146
39172	Хмарине	Poltavska	Kozelshchynskyi	49.1564	34.0895
39173	Цибівка	Poltavska	Kozelshchynskyi	49.2809	33.7182
39174	Чечужине	Poltavska	Kozelshchynskyi	49.1775	34.0531
39175	Чорноглазівка	Poltavska	Kozelshchynskyi	49.229	34.0168
39176	Шевченки	Poltavska	Kozelshchynskyi	49.124	33.7666
39177	Юрівка	Poltavska	Kozelshchynskyi	49.3513	33.907
39178	Юрочки	Poltavska	Kozelshchynskyi	49.3216	33.8579
39200	Кобеляки	Poltavska	Kobeliatskyi	49.1489	34.1965
39201	Богданівка (Бутенківська)	Poltavska	Kobeliatskyi	49.0866	34.2136
39202	Брачківка	Poltavska	Kobeliatskyi	48.9284	34.0436
39203	Бринзи	Poltavska	Kobeliatskyi	48.9774	34.3285
39204	Вібли	Poltavska	Kobeliatskyi	49.0416	34.0594
39205	Водолагівка	Poltavska	Kobeliatskyi	49.1335	34.4417
39206	Гаймарівка	Poltavska	Kobeliatskyi	49.0291	34.2357
39207	Гайове	Poltavska	Kobeliatskyi	49.1021	34.2203
39208	Галагурівка	Poltavska	Kobeliatskyi	49.2014	34.1562
39209	Галі	Poltavska	Kobeliatskyi	49.2171	34.2406
39210	Марківка	Poltavska	Kobeliatskyi	49.3053	34.0739
39211	Свічкареве	Poltavska	Kobeliatskyi	49.3265	34.0162
39212	Дрижина Гребля	Poltavska	Kobeliatskyi	49.2967	34.1581
39213	Бутенки	Poltavska	Kobeliatskyi	49.2328	34.1064
39214	Вітрова Балка	Poltavska	Kobeliatskyi	49.1783	34.1644
39215	Золотарівка	Poltavska	Kobeliatskyi	49.2153	34.1765
39216	Ганжівка	Poltavska	Kobeliatskyi	49.1777	34.1751
39217	Гарбузівка	Poltavska	Kobeliatskyi	49.0869	34.1656
39218	Григорівка	Poltavska	Kobeliatskyi	48.8924	34.3012
39219	Грицаївка	Poltavska	Kobeliatskyi	49.0709	34.3071
39220	Білики	Poltavska	Kobeliatskyi	49.253	34.2742
39221	Білики	Poltavska	Kobeliatskyi	49.253	34.2742
39222	Жуки	Poltavska	Kobeliatskyi	49.293	34.2533
39223	Дабинівка	Poltavska	Kobeliatskyi	49.0627	33.92
39224	Яблунівка	Poltavska	Kobeliatskyi	49.1919	34.1933
39224	Кунівка	Poltavska	Kobeliatskyi	49.1814	34.2274
39225	Жирки	Poltavska	Kobeliatskyi	49.2845	34.3131
39226	Панське	Poltavska	Kobeliatskyi	49.1835	34.178
39227	Зелене	Poltavska	Kobeliatskyi	49.2377	34.0401
39228	Білоконівка	Poltavska	Kobeliatskyi	49.1835	34.178
39229	Кишеньки	Poltavska	Kobeliatskyi	48.8939	34.106
39230	Чорбівка	Poltavska	Kobeliatskyi	49.2086	34.3287
39231	Червоні Квіти	Poltavska	Kobeliatskyi	49.2333	34.3667
39232	Комарівка	Poltavska	Kobeliatskyi	49.1901	34.2652
39233	Іванівка	Poltavska	Kobeliatskyi	49.1393	34.3695
39234	Сухинівка	Poltavska	Kobeliatskyi	49.1164	34.3022
39235	Канави	Poltavska	Kobeliatskyi	49.0935	34.4685
39236	Красне	Poltavska	Kobeliatskyi	49.0818	34.2589
39237	Бродщина	Poltavska	Kobeliatskyi	49.0388	34.3485
39238	Павлівка	Poltavska	Kobeliatskyi	49.0793	34.3461
39239	Бережнівка	Poltavska	Kobeliatskyi	49.2199	34.1081
39240	Комендантівка	Poltavska	Kobeliatskyi	49.0643	33.8672
39241	Криничне	Poltavska	Kobeliatskyi	49.0758	33.9482
39242	Колісники	Poltavska	Kobeliatskyi	49.0215	33.8827
39243	Григоро-Бригадирівка	Poltavska	Kobeliatskyi	48.9677	33.8922
39244	Мотрине	Poltavska	Kobeliatskyi	49.0022	33.8361
39245	Солошине	Poltavska	Kobeliatskyi	48.9476	33.9534
39246	Колісниківка	Poltavska	Kobeliatskyi	49.2203	34.2003
39247	Колодяжне	Poltavska	Kobeliatskyi	49.2118	34.068
39248	Куст-Кущі	Poltavska	Kobeliatskyi	49.0638	34.0027
39249	Леваневське	Poltavska	Kobeliatskyi	49.0627	34.3763
39250	Лебедине	Poltavska	Kobeliatskyi	50.5852	34.4849
39251	Перегонівка	Poltavska	Kobeliatskyi	49.0623	34.1617
39252	Шенгури	Poltavska	Kobeliatskyi	49.0568	34.0681
39253	Коваленківка	Poltavska	Kobeliatskyi	49.0473	34.0187
39254	Правобережна Сокілка	Poltavska	Kobeliatskyi	49.0285	34.1433
39255	Лучки	Poltavska	Kobeliatskyi	48.9954	34.1072
39256	Лесинки	Poltavska	Kobeliatskyi	49.0333	34.2833
39257	Литвини	Poltavska	Kobeliatskyi	49.0074	34.2973
39258	Лісне	Poltavska	Kobeliatskyi	49.1271	34.2688
39259	Ліщинівка	Poltavska	Kobeliatskyi	49.1978	34.2268
39260	Озера	Poltavska	Kobeliatskyi	48.99	33.9532
39261	Морози	Poltavska	Kobeliatskyi	48.9843	34.0252
39262	Світлогірське	Poltavska	Kobeliatskyi	49.0457	34.0599
39263	Просяниківка	Poltavska	Kobeliatskyi	48.9516	34.0081
39264	Миколаївка	Poltavska	Kobeliatskyi	49.0287	34.3121
39265	Мідянівка	Poltavska	Kobeliatskyi	49.197	34.1779
39266	Олександрія	Poltavska	Kobeliatskyi	49.0853	33.8873
39267	Пилипенки	Poltavska	Kobeliatskyi	49.0344	33.9614
39268	Підгора	Poltavska	Kobeliatskyi	49.1347	34.1647
39269	Поводи	Poltavska	Kobeliatskyi	49.0052	34.0488
39270	Василівка	Poltavska	Kobeliatskyi	49.0118	34.2461
39271	Мартинівка	Poltavska	Kobeliatskyi	48.989	34.3028
39272	Вільховатка	Poltavska	Kobeliatskyi	48.9466	34.1922
39273	Лівобережна Сокілка	Poltavska	Kobeliatskyi	49.0211	34.2027
39274	Деменки	Poltavska	Kobeliatskyi	48.9478	34.2544
39275	Порубаї	Poltavska	Kobeliatskyi	49.0409	33.926
39276	Прогрес	Poltavska	Kobeliatskyi	49.2553	34.3828
39277	Проскури	Poltavska	Kobeliatskyi	48.9877	34.2126
39278	Прощуради	Poltavska	Kobeliatskyi	49.0036	33.9876
39279	Ревущено	Poltavska	Kobeliatskyi	49.0226	34.1897
39280	Дашківка	Poltavska	Kobeliatskyi	48.9202	34.2901
39280	Шевченки	Poltavska	Kobeliatskyi	48.9121	34.2293
39281	Орлик	Poltavska	Kobeliatskyi	48.86	34.2351
39282	Придніпрянське	Poltavska	Kobeliatskyi	48.3901	35.2269
39283	Рубани	Poltavska	Kobeliatskyi	49.3114	34.2353
39284	Самарщина	Poltavska	Kobeliatskyi	49.1	34.3667
39285	Вишневе	Poltavska	Kobeliatskyi	49.8436	34.0277
39286	Сінне	Poltavska	Kobeliatskyi	48.9618	34.3053
39287	Славнівка (Бутенківська сільська рада)	Poltavska	Kobeliatskyi	49.0452	34.3192
39288	Соснівка	Poltavska	Kobeliatskyi	49.0667	34.2
39289	Сухе	Poltavska	Kobeliatskyi	49.0863	34.0755
39290	Твердохліби	Poltavska	Kobeliatskyi	48.8718	34.2787
39291	Трояни	Poltavska	Kobeliatskyi	49.2859	34.0437
39292	Мирне	Poltavska	Kobeliatskyi	49.4835	34.1359
39293	Степове	Poltavska	Kobeliatskyi	49.4318	33.4269
39294	Червоне	Poltavska	Kobeliatskyi	49.1764	34.3396
39295	Черемушки	Poltavska	Kobeliatskyi	49.0394	33.8363
39296	Чкалово	Poltavska	Kobeliatskyi	47.6967	34.3221
39297	Чумаки	Poltavska	Kobeliatskyi	49.2652	34.0738
39298	Шабельники (Кіровська сільська рада)	Poltavska	Kobeliatskyi	49.0587	34.0634
39299	Шапки	Poltavska	Kobeliatskyi	49.2775	34.1139
39300	Нові Санжари	Poltavska	Novosanzharskyi	49.344	34.3108
39301	Балівка	Poltavska	Novosanzharskyi	49.3858	34.4253
39302	Бечеве	Poltavska	Novosanzharskyi	49.3679	34.0799
39303	Бондури	Poltavska	Novosanzharskyi	49.4435	34.3502
39304	Бридуни	Poltavska	Novosanzharskyi	49.4119	34.2891
39305	Бурти	Poltavska	Novosanzharskyi	49.1453	34.6448
39306	Варварівка	Poltavska	Novosanzharskyi	49.321	34.5336
39307	Велике Болото	Poltavska	Novosanzharskyi	49.3567	34.5377
39308	Веселка	Poltavska	Novosanzharskyi	49.3009	34.5942
39309	Вільний Степ	Poltavska	Novosanzharskyi	49.3396	34.7284
39310	Полузір'я	Poltavska	Novosanzharskyi	49.3668	34.3808
39311	Судівка	Poltavska	Novosanzharskyi	49.3933	34.3024
39312	Стовбина Долина	Poltavska	Novosanzharskyi	49.4237	34.2311
39313	Старі Санжари	Poltavska	Novosanzharskyi	49.4288	34.4637
39314	Кунцеве	Poltavska	Novosanzharskyi	49.381	34.3752
39315	Вісичі	Poltavska	Novosanzharskyi	49.4067	34.334
39316	Вовківка	Poltavska	Novosanzharskyi	49.255	34.5711
39317	Ганжі	Poltavska	Novosanzharskyi	49.4074	34.4055
39318	Грекопавлівка	Poltavska	Novosanzharskyi	49.4526	34.2561
39319	Губарівка	Poltavska	Novosanzharskyi	49.1526	34.4878
39320	Мала Перещепина	Poltavska	Novosanzharskyi	49.3904	34.5745
39321	Писарівка	Poltavska	Novosanzharskyi	49.4236	34.613
39322	Пристанційне	Poltavska	Novosanzharskyi	49.3921	34.4945
39323	Руденківка	Poltavska	Novosanzharskyi	49.3212	34.4006
39324	Давидівка	Poltavska	Novosanzharskyi	49.4428	34.1603
39325	Дмитренки	Poltavska	Novosanzharskyi	49.4342	34.2977
39326	Довга Пустош	Poltavska	Novosanzharskyi	49.2296	34.5417
39327	Дудкин Гай	Poltavska	Novosanzharskyi	49.2843	34.6716
39328	Ємцева Долина	Poltavska	Novosanzharskyi	49.3833	34.1833
39329	Забрідки	Poltavska	Novosanzharskyi	49.3271	34.2845
39330	Супротивна Балка	Poltavska	Novosanzharskyi	49.3958	34.0918
39331	Великий Кобелячок	Poltavska	Novosanzharskyi	49.3664	34.1157
39332	Попове	Poltavska	Novosanzharskyi	49.3578	34.0354
39333	Малий Кобелячок	Poltavska	Novosanzharskyi	49.342	34.222
39334	Горобці	Poltavska	Novosanzharskyi	49.401	34.1568
39335	Кальницьке	Poltavska	Novosanzharskyi	49.3886	34.0702
39336	Коби	Poltavska	Novosanzharskyi	49.4083	34.2148
39337	Козуби	Poltavska	Novosanzharskyi	49.3273	34.1806
39338	Кустолове Перше (Малоперещепинська)	Poltavska	Novosanzharskyi	49.3724	34.1469
39339	Лахни	Poltavska	Novosanzharskyi	49.3647	34.2352
39340	Кустолове	Poltavska	Novosanzharskyi	49.3059	34.5187
39341	Богданівка	Poltavska	Novosanzharskyi	49.3294	34.5744
39342	Великі Солонці	Poltavska	Novosanzharskyi	49.2807	34.4283
39343	Суха Маячка	Poltavska	Novosanzharskyi	49.2196	34.4553
39344	Галущина Гребля	Poltavska	Novosanzharskyi	49.2789	34.4772
39345	Лугове	Poltavska	Novosanzharskyi	49.7016	33.7696
39346	Ливенське	Poltavska	Novosanzharskyi	49.1286	34.5221
39347	Лисівка	Poltavska	Novosanzharskyi	49.3735	34.6735
39348	Малі Солонці	Poltavska	Novosanzharskyi	49.3026	34.4763
39349	Маньківка	Poltavska	Novosanzharskyi	49.3686	34.4862
39350	Крута Балка	Poltavska	Novosanzharskyi	49.3254	34.6874
39351	Драбинівка	Poltavska	Novosanzharskyi	49.2703	34.6042
39352	Соколова Балка	Poltavska	Novosanzharskyi	49.1992	34.6182
39353	Андріївка	Poltavska	Novosanzharskyi	49.1902	34.5843
39354	Нехвороща	Poltavska	Novosanzharskyi	49.1445	34.715
39355	Мар'янівка	Poltavska	Novosanzharskyi	49.2601	34.5208
39356	Мушина Гребля	Poltavska	Novosanzharskyi	49.2525	34.4567
39357	Назаренки	Poltavska	Novosanzharskyi	49.3729	34.2857
39358	Райдужне	Poltavska	Novosanzharskyi	49.2601	34.5208
39359	Олійники	Poltavska	Novosanzharskyi	49.3254	34.2152
39360	Пасічне	Poltavska	Novosanzharskyi	49.4274	34.1272
39361	Шедієве	Poltavska	Novosanzharskyi	49.1367	34.6113
39362	Маячка	Poltavska	Novosanzharskyi	49.1146	34.5209
39363	Лелюхівка	Poltavska	Novosanzharskyi	49.3522	34.2973
39364	Пологи	Poltavska	Novosanzharskyi	49.3965	34.6196
39365	Пологи - Низ	Poltavska	Novosanzharskyi	49.2941	34.3879
39366	Пудлівка	Poltavska	Novosanzharskyi	49.3378	34.4383
39367	Рекунівка	Poltavska	Novosanzharskyi	49.1835	34.4777
39368	Світлівщина	Poltavska	Novosanzharskyi	49.2027	34.5514
39369	Собківка	Poltavska	Novosanzharskyi	49.3688	34.4564
39370	Стрижівщина	Poltavska	Novosanzharskyi	49.3498	34.6521
39371	Дубина	Poltavska	Novosanzharskyi	49.3492	34.3885
39372	Зачепилівка	Poltavska	Novosanzharskyi	49.3103	34.3269
39373	Клюсівка	Poltavska	Novosanzharskyi	49.3411	34.3655
39374	Сулими	Poltavska	Novosanzharskyi	49.3299	34.1255
39375	Шовкопляси	Poltavska	Novosanzharskyi	49.3447	34.138
39376	Шпортьки	Poltavska	Novosanzharskyi	49.411	34.2682
39400	Машівка	Poltavska	Mashivskyi	49.4431	34.8669
39401	Богданівка	Poltavska	Mashivskyi	49.4983	34.9507
39402	Вільне	Poltavska	Mashivskyi	49.4528	34.7469
39403	Вовча Балка	Poltavska	Mashivskyi	49.4077	34.8827
39404	Грабівщина	Poltavska	Mashivskyi	49.2367	34.8772
39405	Жирківка	Poltavska	Mashivskyi	49.2875	34.8337
39406	Зоря	Poltavska	Mashivskyi	49.5667	34.95
39407	Калинівка	Poltavska	Mashivskyi	49.4343	34.9635
39408	Козельщина	Poltavska	Mashivskyi	49.4077	34.8827
39409	Красногірка	Poltavska	Mashivskyi	49.3418	34.8728
39410	Старицьківка	Poltavska	Mashivskyi	49.5908	34.9331
39410	Сонячне	Poltavska	Mashivskyi	49.5755	34.9923
39411	Кошманівка	Poltavska	Mashivskyi	49.5247	34.9739
39412	Латишківка	Poltavska	Mashivskyi	49.4946	34.8491
39413	Любимівка	Poltavska	Mashivskyi	49.2627	34.8354
39414	Миронівка	Poltavska	Mashivskyi	49.4993	34.9392
39415	Ново-Павлівка	Poltavska	Mashivskyi	49.4946	34.8491
39416	Огуївка	Poltavska	Mashivskyi	49.4346	34.7345
39417	Олексіївка	Poltavska	Mashivskyi	49.5582	34.8819
39418	Первомайське	Poltavska	Mashivskyi	49.3078	34.7735
39419	Петрівка	Poltavska	Mashivskyi	49.6981	34.5779
39420	Базилівщина	Poltavska	Mashivskyi	49.4773	34.8824
39421	Сахнівщина	Poltavska	Mashivskyi	49.4557	34.9786
39422	Григорівка	Poltavska	Mashivskyi	49.4769	34.992
39423	Рубанівка	Poltavska	Mashivskyi	49.5916	34.9847
39424	Свистунівка	Poltavska	Mashivskyi	49.2563	34.7546
39425	Сонячне	Poltavska	Mashivskyi	49.5755	34.9923
39426	Сухоносівка	Poltavska	Mashivskyi	49.47	34.8108
39427	Тимченківка	Poltavska	Mashivskyi	49.4504	34.78
39428	Усть-Лип'янка	Poltavska	Mashivskyi	49.1966	34.819
39430	Селещина	Poltavska	Mashivskyi	49.4634	34.8412
39432	Новий Тагамлик	Poltavska	Mashivskyi	49.443	34.7049
39433	Кустолово-Суходілка	Poltavska	Mashivskyi	49.3812	34.7276
39440	Дмитрівка	Poltavska	Mashivskyi	49.3897	34.9624
39441	Абрамівка	Poltavska	Mashivskyi	49.3319	34.9671
39442	Андріївка	Poltavska	Mashivskyi	49.3712	34.8853
39443	Михайлівка	Poltavska	Mashivskyi	49.3047	34.8663
39450	Павлівка	Poltavska	Mashivskyi	49.2537	34.9138
39451	Мала Нехвороща	Poltavska	Mashivskyi	49.2292	34.7289
39452	Коновалівка	Poltavska	Mashivskyi	49.2142	34.81
39453	Ряське	Poltavska	Mashivskyi	49.1825	34.9097
39500	Карлівка	Poltavska	Karlivskyi	49.4572	35.1298
39501	Карлівка	Poltavska	Karlivskyi	49.4572	35.1298
39502	Бабайкове	Poltavska	Karlivskyi	49.3667	34.9841
39504	Карлівка	Poltavska	Karlivskyi	49.4572	35.1298
39505	Вакулиха	Poltavska	Karlivskyi	49.5459	35.3799
39506	Володимирівка	Poltavska	Karlivskyi	49.5902	35.1756
39507	Давидівка	Poltavska	Karlivskyi	49.5988	35.0797
39508	Голобородьківське	Poltavska	Karlivskyi	49.489	35.0935
39509	Іванівка	Poltavska	Karlivskyi	49.4011	35.0472
39510	Максимівка	Poltavska	Karlivskyi	49.5779	35.0967
39511	Білухівка	Poltavska	Karlivskyi	49.5865	35.2943
39512	Варварівка	Poltavska	Karlivskyi	49.5379	35.2009
39513	Короленківка	Poltavska	Karlivskyi	49.5437	35.0994
39514	Красне	Poltavska	Karlivskyi	49.5099	35.4044
39515	Куми	Poltavska	Karlivskyi	49.3442	35.2544
39516	Львівське	Poltavska	Karlivskyi	49.3209	35.2367
39517	Михайлівське	Poltavska	Karlivskyi	49.4903	35.223
39518	Павлівщина	Poltavska	Karlivskyi	49.5997	35.1633
39519	Редути	Poltavska	Karlivskyi	49.392	35.2571
39520	Мартинівка	Poltavska	Karlivskyi	48.989	34.3028
39521	Тишенківка	Poltavska	Karlivskyi	49.4829	35.3658
39522	Мар'янівка	Poltavska	Karlivskyi	49.4077	35.0448
39523	Попівка	Poltavska	Karlivskyi	49.4669	35.189
39524	Попівка	Poltavska	Karlivskyi	49.4669	35.189
39525	Розумівка	Poltavska	Karlivskyi	49.3498	35.0291
39526	Солона Балка	Poltavska	Karlivskyi	49.4225	35.0955
39527	Тагамлицьке	Poltavska	Karlivskyi	49.5184	35.0365
39528	Тарасівка	Poltavska	Karlivskyi	49.5652	35.1505
39529	Холодиха	Poltavska	Karlivskyi	49.4077	35.0448
39530	Лип'янка	Poltavska	Karlivskyi	49.4083	35.0317
39531	Федорівка	Poltavska	Karlivskyi	49.3799	35.1217
39532	Климівка	Poltavska	Karlivskyi	49.3194	35.1239
39533	Чалівка	Poltavska	Karlivskyi	49.3902	35.3353
39534	Знаменка	Poltavska	Karlivskyi	49.45	34.15
39535	Шевченка	Poltavska	Karlivskyi	49.5041	35.4511
39536	Ясне	Poltavska	Karlivskyi	49.4064	35.0078
39540	Верхня Ланна	Poltavska	Karlivskyi	49.413	35.2947
39541	Ланна	Poltavska	Karlivskyi	49.35	35.2584
39542	Нижня Ланна	Poltavska	Karlivskyi	49.3758	35.2098
39543	Коржиха	Poltavska	Karlivskyi	49.3697	35.316
39600	Кременчук	Poltavska	Kremenchutskyi	49.068	33.4204
39601	Кременчук	Poltavska	Kremenchutskyi	49.068	33.4204
39603	Кременчук	Poltavska	Kremenchutskyi	49.068	33.4204
39605	Кременчук	Poltavska	Kremenchutskyi	49.068	33.4204
39610	Кременчук	Poltavska	Kremenchutskyi	49.068	33.4204
39611	Кременчук	Poltavska	Kremenchutskyi	49.068	33.4204
39617	Кременчук	Poltavska	Kremenchutskyi	49.068	33.4204
39618	Кременчук	Poltavska	Kremenchutskyi	49.068	33.4204
39619	Кременчук	Poltavska	Kremenchutskyi	49.068	33.4204
39621	Кременчук	Poltavska	Kremenchutskyi	49.068	33.4204
39622	Кременчук	Poltavska	Kremenchutskyi	49.068	33.4204
39623	Кременчук	Poltavska	Kremenchutskyi	49.068	33.4204
39625	Кременчук	Poltavska	Kremenchutskyi	49.068	33.4204
39627	Кременчук	Poltavska	Kremenchutskyi	49.068	33.4204
39628	Кременчук	Poltavska	Kremenchutskyi	49.068	33.4204
39630	Кременчук	Poltavska	Kremenchutskyi	49.068	33.4204
39631	Кременчук	Poltavska	Kremenchutskyi	49.068	33.4204
39701	Піщане	Poltavska	Kremenchutskyi	49.129	33.3941
39702	Кривуші	Poltavska	Kremenchutskyi	49.097	33.3387
39703	Гориславці	Poltavska	Kremenchutskyi	49.2032	33.3351
39704	Нова Знам'янка	Poltavska	Kremenchutskyi	49.1738	33.796
39705	Василенки	Poltavska	Kremenchutskyi	49.1868	33.7151
39706	Вільна Терешківка	Poltavska	Kremenchutskyi	49.1811	33.4048
39707	Воскобійники	Poltavska	Kremenchutskyi	50.0292	34.1573
39708	Гуньки	Poltavska	Kremenchutskyi	49.1738	33.796
39709	Придніпрянське	Poltavska	Kremenchutskyi	48.3901	35.2269
39710	Демидівка	Poltavska	Kremenchutskyi	49.2519	33.5269
39711	Варакути	Poltavska	Kremenchutskyi	49.235	33.4729
39712	Майбородівка	Poltavska	Kremenchutskyi	49.2474	33.3843
39713	Омельник	Poltavska	Kremenchutskyi	49.1851	33.4932
39714	Заруддя	Poltavska	Kremenchutskyi	49.2031	33.7236
39715	Карпівка	Poltavska	Kremenchutskyi	48.9846	33.782
39716	Кіндрівка	Poltavska	Kremenchutskyi	49.1248	33.3246
39717	Ковалі	Poltavska	Kremenchutskyi	49.297	33.5141
39718	Ковалівка	Poltavska	Kremenchutskyi	49.1063	33.3714
39719	Коржівка	Poltavska	Kremenchutskyi	49.216	33.3393
39720	Максимівка	Poltavska	Kremenchutskyi	49.1845	33.1737
39721	Ялинці	Poltavska	Kremenchutskyi	49.1674	33.3099
39722	Недогарки	Poltavska	Kremenchutskyi	49.172	33.2515
39723	Крамаренки	Poltavska	Kremenchutskyi	49.1792	33.6012
39725	Литвиненки	Poltavska	Kremenchutskyi	49.1766	33.5196
39726	Мала Кохнівка	Poltavska	Kremenchutskyi	49.0803	33.4765
39727	Маламівка	Poltavska	Kremenchutskyi	49.0027	33.385
39728	Малики	Poltavska	Kremenchutskyi	49.0967	33.7809
39729	Махнівка	Poltavska	Kremenchutskyi	49.3179	33.4201
39730	Бондарі	Poltavska	Kremenchutskyi	49.1771	33.6974
39731	Запсілля	Poltavska	Kremenchutskyi	49.212	33.5803
39732	Миловидівка	Poltavska	Kremenchutskyi	49.2007	33.3465
39733	Мирне	Poltavska	Kremenchutskyi	49.2284	33.3789
39734	Михайленки	Poltavska	Kremenchutskyi	49.1125	33.3258
39735	Найденівка	Poltavska	Kremenchutskyi	49.2687	33.4876
39736	Новоселівка	Poltavska	Kremenchutskyi	49.0152	33.3268
39737	Олефірівка	Poltavska	Kremenchutskyi	50.0756	33.9711
39738	Онищенки	Poltavska	Kremenchutskyi	49.1421	33.5855
39739	Остапці	Poltavska	Kremenchutskyi	49.1864	33.6694
39740	Рокитне	Poltavska	Kremenchutskyi	49.1477	33.5347
39741	Потоки	Poltavska	Kremenchutskyi	49.0996	33.5807
39742	Панівка	Poltavska	Kremenchutskyi	49.199	33.2986
39743	Пащенівка	Poltavska	Kremenchutskyi	49.8802	35.208
39744	Петрашівка	Poltavska	Kremenchutskyi	49.0052	33.7596
39745	Писарщина	Poltavska	Kremenchutskyi	49.244	33.4446
39746	Підгірне	Poltavska	Kremenchutskyi	48.9894	33.3877
39747	Пустовіти	Poltavska	Kremenchutskyi	49.2289	33.4599
39748	Пухальщина	Poltavska	Kremenchutskyi	49.1371	33.3299
39749	П'ятихатки	Poltavska	Kremenchutskyi	49.2146	33.6671
39750	Пришиб	Poltavska	Kremenchutskyi	49.0518	33.7281
39751	Єристівка	Poltavska	Kremenchutskyi	49.0884	33.7049
39752	Салівка	Poltavska	Kremenchutskyi	48.9998	33.7853
39753	Кобелячок	Poltavska	Kremenchutskyi	49.0688	33.7989
39754	Келеберда	Poltavska	Kremenchutskyi	48.9656	33.7081
39755	Радочини	Poltavska	Kremenchutskyi	49.2551	33.5034
39756	Ревівка	Poltavska	Kremenchutskyi	49.1777	33.7441
39758	Роботівка	Poltavska	Kremenchutskyi	49.0344	33.7592
39759	Ройове	Poltavska	Kremenchutskyi	48.933	33.5893
39760	Новоселівка	Poltavska	Kremenchutskyi	49.0152	33.3268
39760	Білецьківка	Poltavska	Kremenchutskyi	49.0152	33.3268
39761	Чечелеве	Poltavska	Kremenchutskyi	49.0161	33.4031
39762	Бурти	Poltavska	Kremenchutskyi	48.966	33.3291
39763	Кам'яні Потоки	Poltavska	Kremenchutskyi	48.9797	33.5264
39764	Садки	Poltavska	Kremenchutskyi	49.0123	33.4672
39765	Чикалівка	Poltavska	Kremenchutskyi	48.9865	33.5965
39766	Рокитне-Донівка	Poltavska	Kremenchutskyi	49.2032	33.2974
39767	Романки	Poltavska	Kremenchutskyi	49.1508	33.5765
39768	Самусіївка	Poltavska	Kremenchutskyi	49.0937	33.306
39769	Соснівка	Poltavska	Kremenchutskyi	49.1052	33.5098
39770	Стара Білецьківка	Poltavska	Kremenchutskyi	49.0204	33.3472
39771	Степівка	Poltavska	Kremenchutskyi	49.2088	33.6464
39772	Федоренки	Poltavska	Kremenchutskyi	49.1664	33.5691
39773	Щербаки	Poltavska	Kremenchutskyi	49.1302	33.5829
39774	Щербухи	Poltavska	Kremenchutskyi	49.3079	33.5115
39775	Яремівка (Демидівська)	Poltavska	Kremenchutskyi	49.1668	33.5314
39801	Горішні Плавні	Poltavska	Gorihni Plavni	49.0333	33.65
39802	Горішні Плавні	Poltavska	Gorihni Plavni	49.0333	33.65
39803	Горішні Плавні	Poltavska	Gorihni Plavni	49.0333	33.65
39891	Дмитрівка (Дмитрівська)	Poltavska	Gorihni Plavni	49.0333	33.65
39892	Базалуки (Дмитрівська)	Poltavska	Gorihni Plavni	49.0333	33.65
39893	Кияшки (Дмитрівська)	Poltavska	Gorihni Plavni	49.0333	33.65
39894	Гора (Дмитрівська)	Poltavska	Gorihni Plavni	49.0333	33.65
39895	Кузьменки (Дмитрівська)	Poltavska	Gorihni Plavni	49.0333	33.65
39896	Солонці (Дмитрівська)	Poltavska	Gorihni Plavni	49.0333	33.65
33000	Рівне	Rivnenska	Rivnenska	50.6231	26.2274
33001	Рівне	Rivnenska	Rivnenska	50.6231	26.2274
33002	Рівне	Rivnenska	Rivnenska	50.6231	26.2274
33003	Рівне	Rivnenska	Rivnenska	50.6231	26.2274
33004	Рівне	Rivnenska	Rivnenska	50.6231	26.2274
33005	Рівне	Rivnenska	Rivnenska	50.6231	26.2274
33007	Рівне	Rivnenska	Rivnenska	50.6231	26.2274
33009	Рівне	Rivnenska	Rivnenska	50.6231	26.2274
33010	Рівне	Rivnenska	Rivnenska	50.6231	26.2274
33011	Рівне	Rivnenska	Rivnenska	50.6231	26.2274
33013	Рівне	Rivnenska	Rivnenska	50.6231	26.2274
33014	Рівне	Rivnenska	Rivnenska	50.6231	26.2274
33016	Рівне	Rivnenska	Rivnenska	50.6231	26.2274
33017	Рівне	Rivnenska	Rivnenska	50.6231	26.2274
33018	Рівне	Rivnenska	Rivnenska	50.6231	26.2274
33022	Рівне	Rivnenska	Rivnenska	50.6231	26.2274
33023	Рівне	Rivnenska	Rivnenska	50.6231	26.2274
33024	Рівне	Rivnenska	Rivnenska	50.6231	26.2274
33025	Рівне	Rivnenska	Rivnenska	50.6231	26.2274
33027	Рівне	Rivnenska	Rivnenska	50.6231	26.2274
33028	Рівне	Rivnenska	Rivnenska	50.6231	26.2274
34000	Зарічне	Rivnenska	Zarichnenskyi	51.8126	26.129
34009	Іванчиці	Rivnenska	Zarichnenskyi	51.839	26.168
34010	Омит	Rivnenska	Zarichnenskyi	51.91	25.7692
34011	Сенчиці	Rivnenska	Zarichnenskyi	51.8855	25.843
34012	Прикладники	Rivnenska	Zarichnenskyi	51.9162	25.8443
34013	Нобель	Rivnenska	Zarichnenskyi	51.8669	25.7657
34014	Дідівка	Rivnenska	Zarichnenskyi	51.8494	25.7465
34015	Котира	Rivnenska	Zarichnenskyi	51.8486	25.7853
34016	Млин	Rivnenska	Zarichnenskyi	51.8779	25.724
34017	Голубне	Rivnenska	Zarichnenskyi	51.791	25.9567
34018	Гориничі	Rivnenska	Zarichnenskyi	51.9262	25.8004
34019	Ниговищі	Rivnenska	Zarichnenskyi	51.91	25.6609
34020	Неньковичі	Rivnenska	Zarichnenskyi	51.8768	26.0822
34021	Комори	Rivnenska	Zarichnenskyi	51.9116	25.9696
34022	Морочне	Rivnenska	Zarichnenskyi	51.8474	25.9229
34023	Мутвиця	Rivnenska	Zarichnenskyi	51.848	26.0039
34024	Олександрове	Rivnenska	Zarichnenskyi	51.7841	26.2606
34025	Соломир	Rivnenska	Zarichnenskyi	51.8602	26.2576
34026	Зелена Діброва	Rivnenska	Zarichnenskyi	51.7598	26.125
34027	Заозер'я	Rivnenska	Zarichnenskyi	51.8243	25.7211
34028	Кутинок	Rivnenska	Zarichnenskyi	51.7887	25.7221
34029	Любинь	Rivnenska	Zarichnenskyi	51.8269	25.782
34030	Локниця	Rivnenska	Zarichnenskyi	51.81	25.8429
34031	Храпин	Rivnenska	Zarichnenskyi	51.8007	25.7795
34032	Кутин	Rivnenska	Zarichnenskyi	51.8138	25.7534
34033	Задовже	Rivnenska	Zarichnenskyi	51.797	25.7012
34034	Кухче	Rivnenska	Zarichnenskyi	51.7658	25.7332
34035	Кухітська Воля	Rivnenska	Zarichnenskyi	51.6715	25.7022
34036	Острівськ	Rivnenska	Zarichnenskyi	51.7059	25.7747
34037	Ждань	Rivnenska	Zarichnenskyi	51.6444	25.7382
34038	Новосілля	Rivnenska	Zarichnenskyi	51.7659	25.7599
34039	Лисичин	Rivnenska	Zarichnenskyi	51.637	25.8079
34040	Новорічиця	Rivnenska	Zarichnenskyi	51.7667	25.9333
34041	Дібрівськ	Rivnenska	Zarichnenskyi	51.6898	26.1456
34042	Вовчиці	Rivnenska	Zarichnenskyi	51.7626	26.0872
34043	Річиця	Rivnenska	Zarichnenskyi	51.7002	25.9481
34044	Привітівка	Rivnenska	Zarichnenskyi	51.7469	26.039
34045	Річки	Rivnenska	Zarichnenskyi	51.6723	25.7534
34046	Тиховиж	Rivnenska	Zarichnenskyi	51.6694	25.8
34047	Коник	Rivnenska	Zarichnenskyi	51.7639	26.0517
34048	Бір	Rivnenska	Zarichnenskyi	51.7921	26.1951
34049	Чернин	Rivnenska	Zarichnenskyi	51.8174	26.053
34050	Вичівка	Rivnenska	Zarichnenskyi	51.8274	26.3029
34051	Бродниця	Rivnenska	Zarichnenskyi	51.7583	26.3107
34052	Серники	Rivnenska	Zarichnenskyi	51.8149	26.2295
34060	Перекалля	Rivnenska	Zarichnenskyi	51.6561	25.8771
34061	Борове	Rivnenska	Zarichnenskyi	51.6245	25.866
34062	Млинок	Rivnenska	Zarichnenskyi	51.6149	25.9261
34071	Бутове	Rivnenska	Zarichnenskyi	51.7995	26.3777
34072	Радове	Rivnenska	Zarichnenskyi	51.7485	25.7059
34075	Дубчиці	Rivnenska	Zarichnenskyi	51.8907	25.8752
34100	Дубровиця	Rivnenska	Dubrovytskyi	51.5744	26.565
34109	Берестя	Rivnenska	Dubrovytskyi	51.5279	26.5454
34110	Тумень	Rivnenska	Dubrovytskyi	51.7875	26.6518
34111	Висоцьк	Rivnenska	Dubrovytskyi	51.6537	26.505
34112	Вербівка	Rivnenska	Dubrovytskyi	51.7667	26.55
34113	Удрицьк	Rivnenska	Dubrovytskyi	51.7462	26.7378
34114	Смородськ	Rivnenska	Dubrovytskyi	51.7902	26.7279
34116	Літвиця	Rivnenska	Dubrovytskyi	51.5685	26.3565
34117	Партизанське	Rivnenska	Dubrovytskyi	51.6759	26.5432
34118	Острівці	Rivnenska	Dubrovytskyi	51.3706	26.0571
34119	Грицьки	Rivnenska	Dubrovytskyi	51.5244	26.4153
34120	Сварицевичі	Rivnenska	Dubrovytskyi	51.7084	26.263
34121	Лісове	Rivnenska	Dubrovytskyi	51.6667	26.4
34122	Озерськ	Rivnenska	Dubrovytskyi	51.7195	26.414
34123	Людинь	Rivnenska	Dubrovytskyi	51.6874	26.5701
34124	Золоте	Rivnenska	Dubrovytskyi	51.6726	26.4804
34125	Грані	Rivnenska	Dubrovytskyi	51.5296	26.347
34126	Бродець	Rivnenska	Dubrovytskyi	51.6554	26.4909
34127	Хилін	Rivnenska	Dubrovytskyi	51.7185	26.7132
34128	Хочин	Rivnenska	Dubrovytskyi	51.7322	26.7782
34129	Білаші	Rivnenska	Dubrovytskyi	51.4637	26.4518
34130	Переброди	Rivnenska	Dubrovytskyi	51.7257	26.9884
34131	Будимля	Rivnenska	Dubrovytskyi	51.6685	26.9733
34132	Жадень	Rivnenska	Dubrovytskyi	51.717	26.8274
34133	Миляч	Rivnenska	Dubrovytskyi	51.6746	26.7434
34134	Велюнь	Rivnenska	Dubrovytskyi	51.6563	26.6617
34135	Біле	Rivnenska	Dubrovytskyi	51.6478	26.717
34136	Лугове	Rivnenska	Dubrovytskyi	51.6682	26.7217
34137	Великий Черемель	Rivnenska	Dubrovytskyi	51.5376	26.9867
34138	Різки	Rivnenska	Dubrovytskyi	51.5608	26.7923
34139	Шахи	Rivnenska	Dubrovytskyi	51.6073	26.892
34140	Лютинськ	Rivnenska	Dubrovytskyi	51.6582	26.6182
34141	Селець	Rivnenska	Dubrovytskyi	51.59	26.6209
34142	Ясинець	Rivnenska	Dubrovytskyi	51.64	26.583
34143	Мочулище	Rivnenska	Dubrovytskyi	51.5871	26.4794
34144	Колки	Rivnenska	Dubrovytskyi	51.589	26.6202
34145	Залужжя	Rivnenska	Dubrovytskyi	51.5573	26.669
34146	Великі Озера	Rivnenska	Dubrovytskyi	51.5635	26.9063
34147	Узлісся	Rivnenska	Dubrovytskyi	51.5187	26.6667
34148	Загребля	Rivnenska	Dubrovytskyi	51.644	26.6841
34149	Вільне	Rivnenska	Dubrovytskyi	51.5519	26.361
34150	Трипутня	Rivnenska	Dubrovytskyi	51.5469	26.3183
34151	Кривиця	Rivnenska	Dubrovytskyi	51.557	26.3838
34152	Нивецьк	Rivnenska	Dubrovytskyi	51.5139	26.4387
34153	Осова	Rivnenska	Dubrovytskyi	51.4716	26.3597
34154	Порубка	Rivnenska	Dubrovytskyi	51.562	26.6141
34155	Працюки	Rivnenska	Dubrovytskyi	51.4907	26.4558
34156	Залішани	Rivnenska	Dubrovytskyi	51.5437	26.4136
34160	Бережки	Rivnenska	Dubrovytskyi	51.531	26.6132
34161	Соломіївка	Rivnenska	Dubrovytskyi	51.4714	26.5354
34162	Кураш	Rivnenska	Dubrovytskyi	51.4469	26.5248
34163	Орв'яниця	Rivnenska	Dubrovytskyi	51.4977	26.5419
34164	Бережниця	Rivnenska	Dubrovytskyi	51.4388	26.4698
34165	Підлісне	Rivnenska	Dubrovytskyi	51.45	26.4167
34185	Городище	Rivnenska	Dubrovytskyi	51.7977	26.6994
34186	Заслуччя	Rivnenska	Dubrovytskyi	51.5948	26.6659
34187	Зелень	Rivnenska	Dubrovytskyi	51.6919	26.206
34188	Крупове	Rivnenska	Dubrovytskyi	51.5633	26.4843
34189	Рудня	Rivnenska	Dubrovytskyi	51.687	26.5872
34200	Рокитне (Рокитнівська селищна рада)	Rivnenska	Rokytnivskyi	51.2836	27.1381
34208	Рокитне (Рокитнівська сільська рада)	Rivnenska	Rokytnivskyi	51.2836	27.1381
34209	Осницьк	Rivnenska	Rokytnivskyi	51.2836	27.1381
34210	Старе Село	Rivnenska	Rokytnivskyi	51.6133	27.1334
34211	Дроздинь	Rivnenska	Rokytnivskyi	51.6477	27.2299
34212	Березове	Rivnenska	Rokytnivskyi	51.5835	27.3446
34213	Вежиця	Rivnenska	Rokytnivskyi	51.568	27.0952
34214	Переходичі	Rivnenska	Rokytnivskyi	51.6176	27.0114
34215	Грабунь	Rivnenska	Rokytnivskyi	51.5538	27.2365
34216	Заболоття	Rivnenska	Rokytnivskyi	51.6004	27.2858
34217	Мушні	Rivnenska	Rokytnivskyi	51.4381	27.4853
34218	Будки-Кам'янські	Rivnenska	Rokytnivskyi	51.5759	27.2637
34219	Обсіч	Rivnenska	Rokytnivskyi	51.5605	27.5513
34220	Кам'яне	Rivnenska	Rokytnivskyi	51.3749	27.3726
34221	Глинне	Rivnenska	Rokytnivskyi	51.5264	27.4128
34222	Біловіж	Rivnenska	Rokytnivskyi	51.3846	27.4711
34223	Купель	Rivnenska	Rokytnivskyi	51.4413	27.5658
34224	Лісове	Rivnenska	Rokytnivskyi	51.2809	27.3089
34225	Старики	Rivnenska	Rokytnivskyi	51.2413	27.1043
34230	Блажове	Rivnenska	Rokytnivskyi	51.4294	27.345
34231	Більськ	Rivnenska	Rokytnivskyi	51.4502	27.2457
34232	Залав'я	Rivnenska	Rokytnivskyi	51.4398	27.2953
34240	Томашгород (Томашгородська селищна рада)	Rivnenska	Rokytnivskyi	51.3916	27.3042
34241	Томашгород (Томашгородська селищна рада)	Rivnenska	Rokytnivskyi	51.3916	27.3042
34244	Томашгород (Томашгородська сільська рада)	Rivnenska	Rokytnivskyi	51.3916	27.3042
34250	Сновидовичі	Rivnenska	Rokytnivskyi	51.291	27.399
34251	Будки-Сновидовицькі	Rivnenska	Rokytnivskyi	51.2464	27.4553
34252	Остки	Rivnenska	Rokytnivskyi	51.2635	27.3744
34253	Масевичі	Rivnenska	Rokytnivskyi	51.2387	27.2248
34260	Кисоричі	Rivnenska	Rokytnivskyi	51.1981	27.2593
34261	Дерть	Rivnenska	Rokytnivskyi	51.2087	27.3338
34262	Карпилівка	Rivnenska	Rokytnivskyi	51.1541	27.2047
34263	Борове	Rivnenska	Rokytnivskyi	51.1007	27.2234
34264	Нетреба	Rivnenska	Rokytnivskyi	51.114	27.3165
34271	Буда	Rivnenska	Rokytnivskyi	51.242	27.2781
34272	Дубно	Rivnenska	Rokytnivskyi	51.5239	27.5114
34273	Єльне	Rivnenska	Rokytnivskyi	51.4532	27.134
34274	Олександрівка	Rivnenska	Rokytnivskyi	51.2026	27.2309
34275	Познань	Rivnenska	Rokytnivskyi	51.5931	27.4715
34276	Хміль	Rivnenska	Rokytnivskyi	51.4788	27.3527
34300	Володимирець	Rivnenska	Volodymyretskyi	51.4213	26.1447
34310	Біле	Rivnenska	Volodymyretskyi	51.647	26.0174
34311	Новосілки	Rivnenska	Volodymyretskyi	51.6751	25.9699
34312	Великі Телковичі	Rivnenska	Volodymyretskyi	51.5888	25.9569
34313	Хиночі	Rivnenska	Volodymyretskyi	51.5777	26.1458
34314	Степангород	Rivnenska	Volodymyretskyi	51.6315	26.1768
34316	Зелене	Rivnenska	Volodymyretskyi	51.4982	26.1051
34317	Кошмаки	Rivnenska	Volodymyretskyi	51.3264	26.0307
34318	Суховоля	Rivnenska	Volodymyretskyi	51.3388	25.9737
34319	Журавлине	Rivnenska	Volodymyretskyi	51.54	25.8467
34320	Мульчиці	Rivnenska	Volodymyretskyi	51.5418	25.8893
34321	Озерці	Rivnenska	Volodymyretskyi	51.5398	25.6556
34322	Кримне	Rivnenska	Volodymyretskyi	51.5118	25.88
34323	Уріччя	Rivnenska	Volodymyretskyi	51.5808	25.9176
34324	Городок	Rivnenska	Volodymyretskyi	51.55	25.6167
34325	Зелениця	Rivnenska	Volodymyretskyi	51.4533	26.0066
34326	Діброва	Rivnenska	Volodymyretskyi	51.4462	25.886
34327	Щоків	Rivnenska	Volodymyretskyi	51.4637	25.9016
34328	Радижеве	Rivnenska	Volodymyretskyi	51.5424	26.1472
34329	Березина	Rivnenska	Volodymyretskyi	51.4353	25.6926
34330	Воронки	Rivnenska	Volodymyretskyi	51.5555	26.0998
34331	Озеро	Rivnenska	Volodymyretskyi	51.5007	26.2179
34332	Красносілля	Rivnenska	Volodymyretskyi	51.4773	26.0832
34333	Каноничі	Rivnenska	Volodymyretskyi	51.4434	26.2251
34334	Новаки	Rivnenska	Volodymyretskyi	51.4774	26.1915
34335	Дубівка	Rivnenska	Volodymyretskyi	51.4237	26.2281
34336	Кругле	Rivnenska	Volodymyretskyi	51.4404	25.7939
34337	Рудка	Rivnenska	Volodymyretskyi	51.4921	25.8013
34338	Мостище	Rivnenska	Volodymyretskyi	51.3168	26.0853
34339	Чучеве	Rivnenska	Volodymyretskyi	51.3256	26.0978
34340	Кідри	Rivnenska	Volodymyretskyi	51.4516	26.3356
34341	Великі Цепцевичі	Rivnenska	Volodymyretskyi	51.3866	26.3939
34342	Бишляк	Rivnenska	Volodymyretskyi	51.5632	25.9346
34343	Бабка	Rivnenska	Volodymyretskyi	51.3874	25.8832
34344	Луко	Rivnenska	Volodymyretskyi	51.6071	26.0366
34345	Маюничі	Rivnenska	Volodymyretskyi	51.2529	25.9593
34346	Острів	Rivnenska	Volodymyretskyi	51.2894	25.9228
34350	Більська Воля	Rivnenska	Volodymyretskyi	51.4568	25.812
34351	Половлі	Rivnenska	Volodymyretskyi	51.4476	25.977
34352	Сопачів	Rivnenska	Volodymyretskyi	51.4176	25.8901
34353	Собіщиці	Rivnenska	Volodymyretskyi	51.4041	25.8513
34354	Стара Рафалівка	Rivnenska	Volodymyretskyi	51.3713	25.8611
34360	Довговоля	Rivnenska	Volodymyretskyi	51.4059	26.076
34361	Берестівка	Rivnenska	Volodymyretskyi	51.4	26.0333
34362	Любахи	Rivnenska	Volodymyretskyi	51.3781	26.0276
34363	Жовкині	Rivnenska	Volodymyretskyi	51.356	26.1499
34364	Великий Жолудськ	Rivnenska	Volodymyretskyi	51.3202	26.1069
34366	Велихів	Rivnenska	Volodymyretskyi	51.2528	26.287
34367	Веретено	Rivnenska	Volodymyretskyi	51.258	26.0251
34368	Липне	Rivnenska	Volodymyretskyi	51.4899	26.0514
34369	Малий Жолудськ	Rivnenska	Volodymyretskyi	51.3049	26.1007
34370	Лозки	Rivnenska	Volodymyretskyi	51.3383	26.0234
34371	Рафалівка	Rivnenska	Volodymyretskyi	51.3114	25.9956
34372	Заболоття	Rivnenska	Volodymyretskyi	51.3071	25.9367
34373	Балаховичі	Rivnenska	Volodymyretskyi	51.2818	25.9461
34374	Полиці	Rivnenska	Volodymyretskyi	51.2651	26.0588
34375	Іванчі	Rivnenska	Volodymyretskyi	51.2423	26.0349
34376	Малі Телковичі	Rivnenska	Volodymyretskyi	51.6928	25.9748
34377	Нетреба	Rivnenska	Volodymyretskyi	51.3578	26.3448
34378	Острівці	Rivnenska	Volodymyretskyi	51.3706	26.0571
34380	Антонівка	Rivnenska	Volodymyretskyi	51.3149	26.301
34381	Городець	Rivnenska	Volodymyretskyi	51.2968	26.1919
34382	Ромейки	Rivnenska	Volodymyretskyi	51.2606	26.2137
34384	Сварині	Rivnenska	Volodymyretskyi	51.2774	26.2543
34385	Сошники	Rivnenska	Volodymyretskyi	51.2333	26.1
34386	Чаква	Rivnenska	Volodymyretskyi	51.3222	26.3271
34387	Чудля	Rivnenska	Volodymyretskyi	51.3724	25.9553
34401	Вараш	Rivnenska	Varash	51.35	25.8333
34402	Вараш	Rivnenska	Varash	51.35	25.8333
34403	Вараш	Rivnenska	Varash	51.35	25.8333
34500	Сарни	Rivnenska	Sarnenskyi	51.3379	26.6019
34501	Сарни	Rivnenska	Sarnenskyi	51.3379	26.6019
34502	Сарни	Rivnenska	Sarnenskyi	51.3379	26.6019
34503	Сарни	Rivnenska	Sarnenskyi	51.3379	26.6019
34508	Люхча	Rivnenska	Sarnenskyi	51.3724	26.6278
34509	Костянтинівка	Rivnenska	Sarnenskyi	51.2903	26.5449
34510	Любиковичі	Rivnenska	Sarnenskyi	51.4799	26.6095
34511	Карасин	Rivnenska	Sarnenskyi	51.476	26.8425
34512	Стрільськ	Rivnenska	Sarnenskyi	51.4309	26.6515
34513	Карпилівка	Rivnenska	Sarnenskyi	51.407	26.706
34514	Убереж	Rivnenska	Sarnenskyi	51.2403	26.5383
34516	Волоша	Rivnenska	Sarnenskyi	51.127	26.4142
34517	Підгірник	Rivnenska	Sarnenskyi	51.0858	26.4469
34518	Білятичі	Rivnenska	Sarnenskyi	51.4648	26.566
34519	Мар'янівка	Rivnenska	Sarnenskyi	51.339	26.5969
34520	Ремчиці	Rivnenska	Sarnenskyi	51.4216	26.4839
34521	Тріскині	Rivnenska	Sarnenskyi	51.388	26.4503
34522	Тутовичі	Rivnenska	Sarnenskyi	51.3506	26.3622
34523	Довге	Rivnenska	Sarnenskyi	51.3255	26.4446
34524	Чемерне	Rivnenska	Sarnenskyi	51.3272	26.5027
34525	Дубки	Rivnenska	Sarnenskyi	51.363	26.5535
34526	Обірки	Rivnenska	Sarnenskyi	51.3556	26.6646
34527	Маслопуща	Rivnenska	Sarnenskyi	51.4142	26.5542
34528	Орлівка	Rivnenska	Sarnenskyi	51.3195	26.5837
34529	Грушівка	Rivnenska	Sarnenskyi	51.15	26.3833
34530	Кричильськ	Rivnenska	Sarnenskyi	51.2354	26.3631
34531	Велике Вербче	Rivnenska	Sarnenskyi	51.2118	26.2545
34532	Корост	Rivnenska	Sarnenskyi	51.2089	26.3375
34533	Мале Вербче	Rivnenska	Sarnenskyi	51.2129	26.3009
34534	Двірець	Rivnenska	Sarnenskyi	51.2525	26.3862
34535	Мельниця	Rivnenska	Sarnenskyi	51.2525	26.3862
34536	Труди	Rivnenska	Sarnenskyi	51.1665	26.2531
34537	Копище	Rivnenska	Sarnenskyi	51.3688	26.4807
34538	Висове	Rivnenska	Sarnenskyi	51.3554	26.4115
34539	Дубняки	Rivnenska	Sarnenskyi	51.2602	26.6885
34540	Немовичі	Rivnenska	Sarnenskyi	51.263	26.6329
34541	Катеринівка	Rivnenska	Sarnenskyi	51.2167	26.6167
34542	Чудель	Rivnenska	Sarnenskyi	51.2484	26.7248
34543	Кам'яне-Случанське	Rivnenska	Sarnenskyi	51.2167	26.7833
34544	Тинне	Rivnenska	Sarnenskyi	51.1677	26.77
34545	Зносичі	Rivnenska	Sarnenskyi	51.2148	26.6975
34546	Клесів	Rivnenska	Sarnenskyi	51.3167	26.9
34547	Іванівка	Rivnenska	Sarnenskyi	51.2888	26.5029
34548	Поляна	Rivnenska	Sarnenskyi	51.2371	26.3854
34549	Зарів'я	Rivnenska	Sarnenskyi	51.241	26.7179
34550	Клесів (Клесівська селищна рада)	Rivnenska	Sarnenskyi	51.2657	26.7206
34551	Вири	Rivnenska	Sarnenskyi	51.2423	26.9463
34552	Селище	Rivnenska	Sarnenskyi	51.1953	26.9041
34553	Ясногірка	Rivnenska	Sarnenskyi	51.202	26.945
34554	Олексіївка	Rivnenska	Sarnenskyi	51.2427	26.8909
34555	Вирка	Rivnenska	Sarnenskyi	51.2077	26.1214
34556	Рудня-Карпилівська	Rivnenska	Sarnenskyi	51.3942	26.7801
34557	Страшеве	Rivnenska	Sarnenskyi	51.3314	26.7345
34558	Гута-Перейма	Rivnenska	Sarnenskyi	51.2109	26.5806
34559	Глушицьке	Rivnenska	Sarnenskyi	51.3646	26.5822
34560	Степань	Rivnenska	Sarnenskyi	51.1296	26.3005
34561	Кузьмівка	Rivnenska	Sarnenskyi	51.1136	26.4586
34562	Яблунька	Rivnenska	Sarnenskyi	51.154	26.4176
34563	Немовичі (Немовицька сільська рада)	Rivnenska	Sarnenskyi	51.154	26.4176
34564	Угли	Rivnenska	Sarnenskyi	51.2189	26.4937
34571	Бутейки	Rivnenska	Sarnenskyi	51.1885	26.2361
34572	Глушиця	Rivnenska	Sarnenskyi	51.3979	26.6415
34573	Гранітне	Rivnenska	Sarnenskyi	51.2672	26.9477
34574	Калинівка	Rivnenska	Sarnenskyi	51.1248	26.3239
34575	Одринки	Rivnenska	Sarnenskyi	51.1953	26.3719
34576	Пугач	Rivnenska	Sarnenskyi	51.3396	26.8936
34577	Федорівка	Rivnenska	Sarnenskyi	51.2678	26.8916
34578	Цепцевичі	Rivnenska	Sarnenskyi	51.3718	26.4072
34579	Чабель	Rivnenska	Sarnenskyi	51.1606	26.9313
34580	Яринівка	Rivnenska	Sarnenskyi	51.3831	26.529
34600	Березне	Rivnenska	Bereznivskyi	51.0009	26.7511
34607	Городище	Rivnenska	Bereznivskyi	51.021	26.7383
34608	Орлівка	Rivnenska	Bereznivskyi	51.0643	26.7212
34609	Зірне	Rivnenska	Bereznivskyi	50.9745	26.7221
34610	Малинськ	Rivnenska	Bereznivskyi	51.0962	26.5518
34611	Бронне	Rivnenska	Bereznivskyi	51.0839	26.6333
34612	Поляни	Rivnenska	Bereznivskyi	51.0537	26.6468
34613	Яринівка	Rivnenska	Bereznivskyi	51.0229	26.549
34614	Ялинівка	Rivnenska	Bereznivskyi	50.7772	26.7848
34615	Мочулянка	Rivnenska	Bereznivskyi	50.8895	27.1114
34616	Антонівка	Rivnenska	Bereznivskyi	50.9841	26.5672
34617	Грушівська Гута	Rivnenska	Bereznivskyi	50.7994	26.8458
34618	Карачун	Rivnenska	Bereznivskyi	51.1301	26.5435
34619	Більчаки	Rivnenska	Bereznivskyi	50.8074	27.1534
34620	Тишиця	Rivnenska	Bereznivskyi	51.0869	26.7295
34621	Богуші	Rivnenska	Bereznivskyi	51.1088	26.7435
34622	Вітковичі	Rivnenska	Bereznivskyi	51.0502	26.7693
34623	Іванівка	Rivnenska	Bereznivskyi	50.8548	26.9284
34624	Вілля	Rivnenska	Bereznivskyi	50.8644	26.9624
34625	Сівки	Rivnenska	Bereznivskyi	50.9755	27.2051
34626	Підгало	Rivnenska	Bereznivskyi	50.9244	26.7392
34627	Велика Купля	Rivnenska	Bereznivskyi	50.892	26.5936
34628	Замостище	Rivnenska	Bereznivskyi	50.9268	26.6171
34629	Ведмедівка	Rivnenska	Bereznivskyi	50.8001	26.8856
34630	Кам'янка	Rivnenska	Bereznivskyi	50.879	26.8092
34631	Велике Поле	Rivnenska	Bereznivskyi	50.9073	26.6097
34632	Голубне	Rivnenska	Bereznivskyi	50.8928	26.6925
34633	Білка	Rivnenska	Bereznivskyi	50.94	26.7486
34634	Моквин	Rivnenska	Bereznivskyi	50.9583	26.8044
34635	Новий Моквин	Rivnenska	Bereznivskyi	50.9277	26.7828
34636	Вільхівка	Rivnenska	Bereznivskyi	50.8131	26.7821
34637	Озірці	Rivnenska	Bereznivskyi	50.8516	26.8655
34638	Адамівка	Rivnenska	Bereznivskyi	50.8403	26.9434
34639	Глибочок	Rivnenska	Bereznivskyi	50.7795	27.0539
34640	Балашівка	Rivnenska	Bereznivskyi	50.9971	26.9541
34641	Яцьковичі	Rivnenska	Bereznivskyi	50.9574	26.9681
34642	Прислуч	Rivnenska	Bereznivskyi	50.9333	26.8667
34643	Друхів	Rivnenska	Bereznivskyi	50.8956	26.801
34644	Бистричі	Rivnenska	Bereznivskyi	50.8861	26.9128
34650	Поліське	Rivnenska	Bereznivskyi	50.8446	26.8099
34651	Грушівка	Rivnenska	Bereznivskyi	50.8178	26.8246
34652	Соснове	Rivnenska	Bereznivskyi	50.8254	26.9987
34653	Великі Селища	Rivnenska	Bereznivskyi	50.8288	26.9792
34654	Губків	Rivnenska	Bereznivskyi	50.828	27.0457
34655	Маринин	Rivnenska	Bereznivskyi	50.8084	27.1133
34656	Хмелівка	Rivnenska	Bereznivskyi	50.7773	26.9893
34657	Совпа	Rivnenska	Bereznivskyi	50.7743	26.9427
34661	Колодязне	Rivnenska	Bereznivskyi	50.9167	26.8833
34662	Князівка	Rivnenska	Bereznivskyi	51.1167	26.7837
34663	Кургани	Rivnenska	Bereznivskyi	51.0071	26.6455
34664	Лінчин	Rivnenska	Bereznivskyi	51.1045	26.9574
34665	Малушка	Rivnenska	Bereznivskyi	51.1567	26.5959
34666	Михалин	Rivnenska	Bereznivskyi	51.0328	26.9353
34667	Хотин	Rivnenska	Bereznivskyi	50.941	26.8381
34668	Яблунне	Rivnenska	Bereznivskyi	50.9554	26.6339
34700	Корець	Rivnenska	Koretskyi	50.6165	27.1606
34705	Новий Корець	Rivnenska	Koretskyi	50.6148	27.1416
34706	Гвіздів	Rivnenska	Koretskyi	50.6349	27.1462
34707	Жадківка	Rivnenska	Koretskyi	50.6018	27.1538
34708	Старий Корець	Rivnenska	Koretskyi	50.5822	27.1903
34709	Морозівка	Rivnenska	Koretskyi	50.6629	27.1932
34710	Устя	Rivnenska	Koretskyi	50.7956	27.2084
34711	Велика Клецька	Rivnenska	Koretskyi	50.7424	27.0824
34712	Топча	Rivnenska	Koretskyi	50.7249	27.0539
34713	Весняне	Rivnenska	Koretskyi	50.6837	27.2253
34714	Сторожів	Rivnenska	Koretskyi	50.7249	27.2692
34715	Новини	Rivnenska	Koretskyi	50.607	26.9658
34716	Жорнівка	Rivnenska	Koretskyi	50.7487	26.8184
34717	Ганнівка	Rivnenska	Koretskyi	50.6505	27.0683
34718	Козак	Rivnenska	Koretskyi	50.6766	27.1384
34719	Копитів	Rivnenska	Koretskyi	50.6611	27.0742
34720	Щекичин	Rivnenska	Koretskyi	50.7107	26.8854
34721	Невірків	Rivnenska	Koretskyi	50.7088	26.83
34722	Коловерти	Rivnenska	Koretskyi	50.6925	26.9463
34723	Харалуг	Rivnenska	Koretskyi	50.7122	27.0112
34724	Залізниця	Rivnenska	Koretskyi	50.6815	26.9725
34725	Великі Межирічі	Rivnenska	Koretskyi	50.6543	26.8663
34726	Дивень	Rivnenska	Koretskyi	50.6783	26.8554
34727	Городище	Rivnenska	Koretskyi	50.6323	26.877
34728	Бокшин	Rivnenska	Koretskyi	50.616	26.859
34729	Бранів	Rivnenska	Koretskyi	50.6023	26.8481
34730	Світанок	Rivnenska	Koretskyi	50.6286	26.8287
34731	Стовпин	Rivnenska	Koretskyi	50.6365	26.9059
34732	Самостріли	Rivnenska	Koretskyi	50.6148	26.9141
34733	Сапожин	Rivnenska	Koretskyi	50.5831	26.8805
34734	Іванівка	Rivnenska	Koretskyi	50.6667	26.9167
34735	Мала Клецька	Rivnenska	Koretskyi	50.7697	27.0349
34736	Річечина	Rivnenska	Koretskyi	50.6983	27.0705
34737	Дерманка	Rivnenska	Koretskyi	50.7923	27.1533
34738	Франкопіль	Rivnenska	Koretskyi	50.757	27.2519
34739	Колодіївка	Rivnenska	Koretskyi	50.6767	26.8859
34740	Користь	Rivnenska	Koretskyi	50.6134	27.0389
34741	Даничів	Rivnenska	Koretskyi	50.6673	26.9946
34742	Головниця	Rivnenska	Koretskyi	50.6255	27.0864
34743	Бриків	Rivnenska	Koretskyi	50.5839	27.0235
34744	Богданівка	Rivnenska	Koretskyi	50.5761	27.051
34745	Річки	Rivnenska	Koretskyi	50.6691	27.1016
34746	Крилів	Rivnenska	Koretskyi	50.5519	26.9653
34747	Забара	Rivnenska	Koretskyi	50.6009	27.0822
34748	Калинівка	Rivnenska	Koretskyi	50.5944	27.1094
34749	Березівка	Rivnenska	Koretskyi	50.6512	26.9364
34751	Голичівка	Rivnenska	Koretskyi	50.6668	27.1728
34752	Застав'я	Rivnenska	Koretskyi	50.6575	27.0192
34753	Мала Совпа	Rivnenska	Koretskyi	50.7418	26.8852
34754	Черниця	Rivnenska	Koretskyi	50.5639	26.9995
35000	Костопіль	Rivnenska	Kostopilskyi	50.8784	26.4519
35001	Костопіль	Rivnenska	Kostopilskyi	50.8784	26.4519
35009	Мала Любаша	Rivnenska	Kostopilskyi	50.8386	26.5193
35010	Гута	Rivnenska	Kostopilskyi	51.15	26.15
35011	Осова	Rivnenska	Kostopilskyi	51.4716	26.3597
35012	Великий Мидськ	Rivnenska	Kostopilskyi	51.0845	26.1484
35013	Малий Мидськ	Rivnenska	Kostopilskyi	51.0935	26.1839
35014	Малий Стидин	Rivnenska	Kostopilskyi	51.0169	26.1649
35015	Великий Стидин	Rivnenska	Kostopilskyi	51.0472	26.1711
35016	Золотолин	Rivnenska	Kostopilskyi	51.0753	26.3117
35018	Тростянець	Rivnenska	Kostopilskyi	51.1255	26.2128
35019	Ледне	Rivnenska	Kostopilskyi	51.0652	26.2131
35020	Пеньків	Rivnenska	Kostopilskyi	51.0281	26.4573
35021	Яполоть	Rivnenska	Kostopilskyi	50.9874	26.2674
35022	Жалин	Rivnenska	Kostopilskyi	50.9604	26.3003
35023	Підлужне	Rivnenska	Kostopilskyi	50.9495	26.3446
35024	Велика Любаша	Rivnenska	Kostopilskyi	50.9525	26.3656
35025	Майдан	Rivnenska	Kostopilskyi	50.9838	26.1311
35026	Новий Берестовець	Rivnenska	Kostopilskyi	50.8488	26.3459
35027	Моквинські Хутори	Rivnenska	Kostopilskyi	50.9747	26.5051
35028	Тихе	Rivnenska	Kostopilskyi	50.9646	26.5499
35029	Яснобір	Rivnenska	Kostopilskyi	50.987	26.484
35030	Мирне	Rivnenska	Kostopilskyi	50.9333	26.55
35031	Моквин	Rivnenska	Kostopilskyi	50.9886	26.5192
35032	Пісків	Rivnenska	Kostopilskyi	50.9482	26.4732
35033	Рокитне	Rivnenska	Kostopilskyi	50.9168	26.4817
35034	Брюшків	Rivnenska	Kostopilskyi	51.0394	26.4256
35035	Мар'янівка	Rivnenska	Kostopilskyi	50.9644	26.3628
35036	Олександрівка	Rivnenska	Kostopilskyi	51.009	26.446
35037	Ганнівка	Rivnenska	Kostopilskyi	50.9051	26.0734
35038	Перелисянка	Rivnenska	Kostopilskyi	50.9685	26.0543
35039	Волиця	Rivnenska	Kostopilskyi	50.9706	26.242
35040	Злазне	Rivnenska	Kostopilskyi	50.9319	26.2158
35041	Головин	Rivnenska	Kostopilskyi	50.8946	26.2872
35042	Базальтове	Rivnenska	Kostopilskyi	50.9265	26.2403
35043	Берестовець	Rivnenska	Kostopilskyi	50.8985	26.2453
35044	Маща	Rivnenska	Kostopilskyi	50.8403	26.3933
35045	Глажева	Rivnenska	Kostopilskyi	50.8216	26.3284
35046	Корчин	Rivnenska	Kostopilskyi	50.8833	26.1944
35047	Вигін	Rivnenska	Kostopilskyi	50.9463	26.1798
35048	Перетоки	Rivnenska	Kostopilskyi	50.9668	26.2143
35049	Чудви	Rivnenska	Kostopilskyi	50.8751	26.154
35050	Постійне	Rivnenska	Kostopilskyi	50.9192	26.1078
35051	Звіздівка	Rivnenska	Kostopilskyi	50.8901	26.1832
35052	Ставок	Rivnenska	Kostopilskyi	50.9119	26.1994
35053	Деражне	Rivnenska	Kostopilskyi	50.8644	26.0484
35054	Бичаль	Rivnenska	Kostopilskyi	50.8791	26.1182
35055	Дюксин	Rivnenska	Kostopilskyi	50.8318	26.0937
35056	Космачів	Rivnenska	Kostopilskyi	51.0097	26.3388
35057	Трубиці	Rivnenska	Kostopilskyi	50.9279	26.3074
35058	Кам'яна Гора	Rivnenska	Kostopilskyi	50.8953	26.181
35059	Соломка	Rivnenska	Kostopilskyi	50.8237	26.2321
35060	Садки	Rivnenska	Kostopilskyi	50.8909	26.3334
35061	Борщівка	Rivnenska	Kostopilskyi	50.8637	26.5405
35062	Данчиміст	Rivnenska	Kostopilskyi	50.9164	26.5438
35063	Іваничі	Rivnenska	Kostopilskyi	50.8923	26.376
35064	Корчів'я	Rivnenska	Kostopilskyi	50.9147	26.4146
35065	Лісопіль	Rivnenska	Kostopilskyi	50.8405	26.4446
35066	Жильжа	Rivnenska	Kostopilskyi	50.8357	26.2088
35067	Суськ	Rivnenska	Kostopilskyi	50.7783	26.1285
35068	Збуж	Rivnenska	Kostopilskyi	50.9825	26.3155
35069	Рудня	Rivnenska	Kostopilskyi	51.116	26.1878
35070	Комарівка	Rivnenska	Kostopilskyi	51.07	26.3342
35100	Млинів	Rivnenska	Mlynivskyi	50.509	25.6168
35101	Млинів	Rivnenska	Mlynivskyi	50.509	25.6168
35108	Малі Дорогостаї	Rivnenska	Mlynivskyi	50.5482	25.5863
35109	Береги	Rivnenska	Mlynivskyi	50.5052	25.5489
35109	Перевередів	Rivnenska	Mlynivskyi	50.4921	25.5205
35110	Новосілки	Rivnenska	Mlynivskyi	50.6985	25.6264
35111	Певжа	Rivnenska	Mlynivskyi	50.6791	25.6904
35112	Ярославичі	Rivnenska	Mlynivskyi	50.6421	25.4298
35113	Острожець	Rivnenska	Mlynivskyi	50.6586	25.5519
35114	Малин	Rivnenska	Mlynivskyi	50.6553	25.6468
35115	Уїздці	Rivnenska	Mlynivskyi	50.6572	25.6631
35116	Баболоки	Rivnenska	Mlynivskyi	50.5253	25.4562
35117	Козирщина	Rivnenska	Mlynivskyi	50.4489	25.4441
35118	Красне	Rivnenska	Mlynivskyi	50.5354	25.3479
35119	Рудливе	Rivnenska	Mlynivskyi	50.5324	25.4415
35120	Пітушків	Rivnenska	Mlynivskyi	50.6495	25.7915
35121	Довгошиї	Rivnenska	Mlynivskyi	50.6211	25.7685
35122	Посників	Rivnenska	Mlynivskyi	50.6309	25.7288
35123	Привітне	Rivnenska	Mlynivskyi	50.6167	25.6667
35124	Перемилівка	Rivnenska	Mlynivskyi	50.5818	25.8111
35125	Новина-Добрятинська	Rivnenska	Mlynivskyi	50.586	25.6522
35126	Остріїв	Rivnenska	Mlynivskyi	50.5197	25.4793
35127	Травневе	Rivnenska	Mlynivskyi	50.5505	25.4709
35128	Брищі	Rivnenska	Mlynivskyi	50.5716	25.553
35129	Мантин	Rivnenska	Mlynivskyi	50.5321	25.5996
35130	Новоукраїнка	Rivnenska	Mlynivskyi	50.6135	25.5132
35131	Мальоване	Rivnenska	Mlynivskyi	50.5825	25.4864
35132	Підлозці	Rivnenska	Mlynivskyi	50.5853	25.3696
35133	Торговиця	Rivnenska	Mlynivskyi	50.555	25.3953
35134	Пугачівка	Rivnenska	Mlynivskyi	50.5666	25.6218
35135	Вовничі	Rivnenska	Mlynivskyi	50.537	25.3967
35136	Добрятин	Rivnenska	Mlynivskyi	50.5078	25.5158
35137	Війниця	Rivnenska	Mlynivskyi	50.5048	25.4795
35138	Стоморги	Rivnenska	Mlynivskyi	50.5536	25.5597
35139	Буди	Rivnenska	Mlynivskyi	50.3321	25.4847
35140	Гнатівка	Rivnenska	Mlynivskyi	50.4127	25.5895
35141	Яблунівка	Rivnenska	Mlynivskyi	50.3536	25.4342
35142	Гончариха	Rivnenska	Mlynivskyi	50.5145	25.7907
35143	Іванівка	Rivnenska	Mlynivskyi	50.5201	25.7527
35144	Косареве	Rivnenska	Mlynivskyi	50.5557	25.78
35145	Улянівка	Rivnenska	Mlynivskyi	50.551	25.73
35146	Долина	Rivnenska	Mlynivskyi	50.5595	25.5138
35148	Зоряне	Rivnenska	Mlynivskyi	50.6359	25.5028
35149	Надчиці	Rivnenska	Mlynivskyi	50.6056	25.483
35150	Кораблище	Rivnenska	Mlynivskyi	50.5272	25.847
35151	Радів	Rivnenska	Mlynivskyi	50.5415	25.8449
35152	Владиславівка	Rivnenska	Mlynivskyi	50.5332	25.738
35153	Новоселівка	Rivnenska	Mlynivskyi	50.5333	25.7833
35154	Підгайці	Rivnenska	Mlynivskyi	50.4929	25.6972
35155	Свищів	Rivnenska	Mlynivskyi	50.6317	25.5363
35156	Зборів	Rivnenska	Mlynivskyi	50.637	25.5925
35157	Іванківці	Rivnenska	Mlynivskyi	50.559	25.8019
35158	Лукарівка	Rivnenska	Mlynivskyi	50.577	25.8184
35159	Мошків	Rivnenska	Mlynivskyi	50.5678	25.7988
35160	Смордва	Rivnenska	Mlynivskyi	50.4741	25.5403
35161	Хорупань	Rivnenska	Mlynivskyi	50.463	25.621
35162	Бокійма	Rivnenska	Mlynivskyi	50.4813	25.469
35163	Коблин	Rivnenska	Mlynivskyi	50.4696	25.6822
35164	Озліїв	Rivnenska	Mlynivskyi	50.5033	25.6612
35165	Велике	Rivnenska	Mlynivskyi	50.6116	25.3047
35166	Завалля	Rivnenska	Mlynivskyi	50.5685	25.4563
35167	Загатинці	Rivnenska	Mlynivskyi	50.6134	25.2812
35168	Лихачівка	Rivnenska	Mlynivskyi	50.5517	25.374
35169	Нове	Rivnenska	Mlynivskyi	50.5701	25.4077
35170	Підбрусинь	Rivnenska	Mlynivskyi	50.3797	25.4772
35171	Миколаївка	Rivnenska	Mlynivskyi	50.3959	25.5026
35172	Ставрів	Rivnenska	Mlynivskyi	50.5613	25.3549
35173	Топілля	Rivnenska	Mlynivskyi	50.6016	25.3756
35174	Річище	Rivnenska	Mlynivskyi	50.6281	25.8006
35175	Тушебин	Rivnenska	Mlynivskyi	50.5954	25.8639
35176	Богушівка	Rivnenska	Mlynivskyi	50.5838	25.7231
35177	Терешів	Rivnenska	Mlynivskyi	50.6238	25.6794
35178	Московщина	Rivnenska	Mlynivskyi	50.5912	25.5943
35179	Новини	Rivnenska	Mlynivskyi	50.5837	25.6814
35180	Клин	Rivnenska	Mlynivskyi	50.4334	25.5059
35181	Аршичин	Rivnenska	Mlynivskyi	50.4869	25.6579
35182	Борбин	Rivnenska	Mlynivskyi	50.6544	25.7416
35183	Велика Городниця	Rivnenska	Mlynivskyi	50.649	25.4769
35184	Залав'я	Rivnenska	Mlynivskyi	50.5778	25.6174
35185	Маслянка	Rivnenska	Mlynivskyi	50.536	25.6182
35186	П'яннє	Rivnenska	Mlynivskyi	50.5778	25.6174
35187	Ужинець	Rivnenska	Mlynivskyi	50.5274	25.6608
35188	Підгай	Rivnenska	Mlynivskyi	50.6676	25.6169
35189	Ставище	Rivnenska	Mlynivskyi	50.6676	25.661
35190	Головчиці	Rivnenska	Mlynivskyi	50.4467	25.6005
35191	Мятин	Rivnenska	Mlynivskyi	50.6144	25.5278
35192	Пекалів	Rivnenska	Mlynivskyi	50.4903	25.6257
35193	Боремець	Rivnenska	Mlynivskyi	50.6053	25.4037
35194	Підлісці	Rivnenska	Mlynivskyi	50.6158	25.4034
35195	Чекно	Rivnenska	Mlynivskyi	50.65	25.3833
35196	Яловичі	Rivnenska	Mlynivskyi	50.6528	25.391
35197	Бакорин	Rivnenska	Mlynivskyi	50.7004	25.6786
35198	Заболотинці	Rivnenska	Mlynivskyi	50.6786	25.6433
35199	Заболоття	Rivnenska	Mlynivskyi	50.6899	25.621
35200	Демидівка	Rivnenska	Demydivskyi	50.4281	25.3362
35210	Боремель	Rivnenska	Demydivskyi	50.471	25.1934
35211	Золочівка	Rivnenska	Demydivskyi	50.5182	25.2177
35212	Малеве	Rivnenska	Demydivskyi	50.5089	25.2998
35213	Перекалі	Rivnenska	Demydivskyi	50.4838	25.3351
35213	Княгинине	Rivnenska	Demydivskyi	50.4753	25.3606
35214	Набережне	Rivnenska	Demydivskyi	50.4689	25.2236
35215	Новий Тік	Rivnenska	Demydivskyi	50.4975	25.1911
35216	Смиків	Rivnenska	Demydivskyi	50.461	25.1648
35217	Шибин	Rivnenska	Demydivskyi	50.4517	25.1718
35218	Копань	Rivnenska	Demydivskyi	50.3836	25.2871
35219	Дубляни	Rivnenska	Demydivskyi	50.4411	25.3439
35220	Хрінники	Rivnenska	Demydivskyi	50.4402	25.2515
35221	Рудка	Rivnenska	Demydivskyi	50.4204	25.3965
35222	Рогізне	Rivnenska	Demydivskyi	50.393	25.3493
35223	Глибока Долина	Rivnenska	Demydivskyi	50.3699	25.2944
35224	Вовковиї	Rivnenska	Demydivskyi	50.3701	25.3816
35225	Вербень	Rivnenska	Demydivskyi	50.3903	25.2183
35226	Лішня	Rivnenska	Demydivskyi	50.4324	25.3531
35227	Ниви-Золочівські	Rivnenska	Demydivskyi	50.5347	25.1627
35228	Вишневе	Rivnenska	Demydivskyi	50.4542	25.3447
35229	Охматків	Rivnenska	Demydivskyi	50.4985	25.3377
35230	Перекалі	Rivnenska	Demydivskyi	50.4838	25.3351
35231	Берестечко	Rivnenska	Demydivskyi	50.4896	25.2665
35232	Більче	Rivnenska	Demydivskyi	50.5335	25.3102
35233	Пашева	Rivnenska	Demydivskyi	50.5196	25.2525
35234	Ільпибоки	Rivnenska	Demydivskyi	50.4086	25.3728
35235	Калинівка	Rivnenska	Demydivskyi	50.4091	25.4362
35236	Вичавки	Rivnenska	Demydivskyi	50.4673	25.2527
35237	Лисин	Rivnenska	Demydivskyi	50.4719	25.279
35238	Лопавше	Rivnenska	Demydivskyi	50.4532	25.2816
35239	Товпижин	Rivnenska	Demydivskyi	50.4377	25.2026
35301	Шпанів	Rivnenska	Rivnenskyi	50.6633	26.2586
35302	Великий Олексин	Rivnenska	Rivnenskyi	50.6667	26.2333
35303	Хотин	Rivnenska	Rivnenskyi	50.7082	26.2243
35304	Корнин	Rivnenska	Rivnenskyi	50.5597	26.2868
35305	Загороща	Rivnenska	Rivnenskyi	50.5319	26.2792
35306	Колоденка	Rivnenska	Rivnenskyi	50.5856	26.316
35307	Обарів	Rivnenska	Rivnenskyi	50.6527	26.1696
35308	Глинки	Rivnenska	Rivnenskyi	50.5798	26.4123
35309	Білівські Хутори	Rivnenska	Rivnenskyi	50.6835	26.028
35310	Жобрин	Rivnenska	Rivnenskyi	50.8213	26.0607
35311	Клевань	Rivnenska	Rivnenskyi	50.7431	25.9763
35312	Клевань	Rivnenska	Rivnenskyi	50.7431	25.9763
35313	Оржів	Rivnenska	Rivnenskyi	50.7523	26.1191
35314	Зоря	Rivnenska	Rivnenskyi	50.729	26.0247
35315	Голишів	Rivnenska	Rivnenskyi	50.7181	25.9512
35316	Грабів	Rivnenska	Rivnenskyi	50.7225	26.1015
35317	Старожуків	Rivnenska	Rivnenskyi	50.6919	25.9588
35318	Жобрин	Rivnenska	Rivnenskyi	50.8213	26.0607
35319	Рогачів	Rivnenska	Rivnenskyi	50.7009	26.1322
35320	Олександрія	Rivnenska	Rivnenskyi	50.7352	26.3442
35321	Нова Любомирка	Rivnenska	Rivnenskyi	50.7723	26.3813
35322	Кустин	Rivnenska	Rivnenskyi	50.7048	26.3162
35323	Нова Українка	Rivnenska	Rivnenskyi	50.689	26.4157
35324	Забороль	Rivnenska	Rivnenskyi	50.6978	26.3463
35325	Шубків	Rivnenska	Rivnenskyi	50.6995	26.5232
35326	Гориньград Перший	Rivnenska	Rivnenskyi	50.6586	26.5067
35327	Радиславка	Rivnenska	Rivnenskyi	50.6554	26.4034
35328	Зозів	Rivnenska	Rivnenskyi	50.6766	26.211
35329	Кривичі	Rivnenska	Rivnenskyi	50.6331	26.0631
35330	Бронники	Rivnenska	Rivnenskyi	50.7059	26.0899
35331	Городок	Rivnenska	Rivnenskyi	50.6871	26.1801
35332	Карпилівка	Rivnenska	Rivnenskyi	50.6767	26.1236
35333	Радухівка	Rivnenska	Rivnenskyi	50.6737	25.9121
35334	Новожуків	Rivnenska	Rivnenskyi	50.6614	26.042
35335	Сухівці	Rivnenska	Rivnenskyi	50.6578	25.8628
35336	Верхівськ	Rivnenska	Rivnenskyi	50.6203	26.0669
35337	Макотерти	Rivnenska	Rivnenskyi	50.6473	26.0138
35338	Ясининичі	Rivnenska	Rivnenskyi	50.6228	26.0867
35339	Застав'я	Rivnenska	Rivnenskyi	50.6614	26.042
35340	Великий Житин	Rivnenska	Rivnenskyi	50.6586	26.3427
35341	Городище	Rivnenska	Rivnenskyi	50.6397	26.3657
35342	Біла Криниця	Rivnenska	Rivnenskyi	50.6044	26.3869
35343	Гориньград Другий	Rivnenska	Rivnenskyi	50.6438	26.4328
35344	Рисв'янка	Rivnenska	Rivnenskyi	50.6662	26.4693
35345	Кругле	Rivnenska	Rivnenskyi	50.6091	26.3552
35346	Караєвичі	Rivnenska	Rivnenskyi	50.7023	26.1588
35347	Грушвиця Перша	Rivnenska	Rivnenskyi	50.5493	26.0279
35348	Дібрівка	Rivnenska	Rivnenskyi	50.5246	26.002
35349	Мартинівка	Rivnenska	Rivnenskyi	50.5487	25.982
35350	Квасилів	Rivnenska	Rivnenskyi	50.5623	26.2594
35351	Тайкури	Rivnenska	Rivnenskyi	50.5338	26.369
35352	Милостів	Rivnenska	Rivnenskyi	50.6367	25.9846
35353	Углище	Rivnenska	Rivnenskyi	50.827	26.0488
35354	Боянівка	Rivnenska	Rivnenskyi	50.7087	26.3533
35355	Дворовичі	Rivnenska	Rivnenskyi	50.5709	25.9681
35356	Переділи	Rivnenska	Rivnenskyi	50.5548	25.9258
35357	Новостав-Дальній	Rivnenska	Rivnenskyi	50.65	25.9667
35358	Михайлівка	Rivnenska	Rivnenskyi	50.6791	26.081
35359	Понебель	Rivnenska	Rivnenskyi	50.6784	26.1442
35360	Велика Омеляна	Rivnenska	Rivnenskyi	50.5886	26.147
35361	Дядьковичі	Rivnenska	Rivnenskyi	50.6017	26.0676
35362	Малий Шпаків	Rivnenska	Rivnenskyi	50.5917	25.9796
35363	Іваничі	Rivnenska	Rivnenskyi	50.5798	25.9316
35364	Грушвиця Друга	Rivnenska	Rivnenskyi	50.5341	26.0508
35365	Руда Красна	Rivnenska	Rivnenskyi	50.7928	25.9962
35366	Сморжів	Rivnenska	Rivnenskyi	50.7317	25.9831
35367	Решуцьк	Rivnenska	Rivnenskyi	50.7158	26.2773
35368	Сергіївка	Rivnenska	Rivnenskyi	50.7177	26.3017
35369	Пересопниця	Rivnenska	Rivnenskyi	50.6681	25.9655
35370	Шостаків	Rivnenska	Rivnenskyi	50.6463	25.9912
35371	Антопіль	Rivnenska	Rivnenskyi	50.6027	26.4306
35372	Бармаки	Rivnenska	Rivnenskyi	50.6357	26.3041
35373	Дерев'яне	Rivnenska	Rivnenskyi	50.7432	25.9278
35374	Козлин	Rivnenska	Rivnenskyi	50.7219	26.4291
35375	Котів	Rivnenska	Rivnenskyi	50.69	26.4465
35376	Малий Житин	Rivnenska	Rivnenskyi	50.6743	26.34
35377	Малий Олексин	Rivnenska	Rivnenskyi	50.6607	26.2132
35378	Новостав	Rivnenska	Rivnenskyi	50.7651	25.9741
35379	Підгірці	Rivnenska	Rivnenskyi	50.619	25.9346
35380	Гуменники	Rivnenska	Rivnenskyi	50.6303	25.9411
35381	Заріцьк	Rivnenska	Rivnenskyi	50.6094	25.92
35382	Плоска	Rivnenska	Rivnenskyi	50.6136	25.9561
35383	Три Копці	Rivnenska	Rivnenskyi	50.7828	26.4224
35384	Ремель	Rivnenska	Rivnenskyi	50.7245	26.3924
35385	Ставки	Rivnenska	Rivnenskyi	50.6584	26.1407
35386	Волошки	Rivnenska	Rivnenskyi	50.73	26.2727
35387	Пухова	Rivnenska	Rivnenskyi	50.74	26.3853
35388	Свяття	Rivnenska	Rivnenskyi	50.7308	26.3063
35389	Білів	Rivnenska	Rivnenskyi	50.6921	25.9777
35390	Диків	Rivnenska	Rivnenskyi	50.707	25.978
35391	Порозове	Rivnenska	Rivnenskyi	50.55	26.348
35392	Ходоси	Rivnenska	Rivnenskyi	50.7044	26.2486
35393	Дуби	Rivnenska	Rivnenskyi	50.6924	26.4858
35394	Мочулки	Rivnenska	Rivnenskyi	50.8222	25.9633
35395	Олишва	Rivnenska	Rivnenskyi	50.7697	25.9541
35396	Великий Шпаків	Rivnenska	Rivnenskyi	50.6064	25.9353
35397	Вересневе	Rivnenska	Rivnenskyi	50.5935	26.1634
35398	Метків	Rivnenska	Rivnenskyi	50.7265	26.1773
35399	Рубче	Rivnenska	Rivnenskyi	50.7415	26.1695
35400	Гоща	Rivnenska	Hoshchanskyi	50.6003	26.6743
35408	Симонів	Rivnenska	Hoshchanskyi	50.574	26.6296
35409	Бочаниця	Rivnenska	Hoshchanskyi	50.5313	26.7073
35410	Кринички	Rivnenska	Hoshchanskyi	50.7197	26.5804
35411	Садове	Rivnenska	Hoshchanskyi	50.7094	26.6435
35412	Вовкошів	Rivnenska	Hoshchanskyi	50.6906	26.7953
35413	Малятин	Rivnenska	Hoshchanskyi	50.7109	26.7481
35414	Пустомити	Rivnenska	Hoshchanskyi	50.7183	26.7159
35415	Тучин	Rivnenska	Hoshchanskyi	50.7037	26.5727
35416	Дроздів	Rivnenska	Hoshchanskyi	50.6495	26.5586
35417	Жалянка	Rivnenska	Hoshchanskyi	50.7459	26.65
35418	Воронів	Rivnenska	Hoshchanskyi	50.6893	26.691
35419	М'ятин	Rivnenska	Hoshchanskyi	50.7041	26.6617
35420	Липки	Rivnenska	Hoshchanskyi	50.6791	26.7685
35421	Андрусіїв	Rivnenska	Hoshchanskyi	50.6576	26.7777
35422	Малинівка	Rivnenska	Hoshchanskyi	50.6667	26.6833
35423	Воскодави	Rivnenska	Hoshchanskyi	50.6505	26.6445
35424	Красносілля	Rivnenska	Hoshchanskyi	50.6361	26.6984
35425	Чудниця	Rivnenska	Hoshchanskyi	50.629	26.6536
35426	Синів	Rivnenska	Hoshchanskyi	50.6177	26.7471
35427	Олексіївка	Rivnenska	Hoshchanskyi	50.5519	26.3919
35428	Сергіївка	Rivnenska	Hoshchanskyi	50.543	26.4578
35429	Ясне	Rivnenska	Hoshchanskyi	50.5453	26.472
35430	Рясники	Rivnenska	Hoshchanskyi	50.635	26.5307
35431	Бабин	Rivnenska	Hoshchanskyi	50.6016	26.525
35432	Підліски	Rivnenska	Hoshchanskyi	50.5784	26.4597
35433	Горбаків	Rivnenska	Hoshchanskyi	50.6026	26.6268
35434	Дорогобуж	Rivnenska	Hoshchanskyi	50.621	26.5681
35435	Томахів	Rivnenska	Hoshchanskyi	50.575	26.5911
35436	Мичів	Rivnenska	Hoshchanskyi	50.7378	26.7843
35437	Мощони	Rivnenska	Hoshchanskyi	50.6999	26.7326
35438	Пашуки	Rivnenska	Hoshchanskyi	50.5413	26.8539
35439	Франівка	Rivnenska	Hoshchanskyi	50.568	26.6727
35440	Посягва	Rivnenska	Hoshchanskyi	50.5488	26.4401
35441	Полівці	Rivnenska	Hoshchanskyi	50.6855	26.602
35442	Бугрин	Rivnenska	Hoshchanskyi	50.5447	26.5345
35443	Новоставці	Rivnenska	Hoshchanskyi	50.5306	26.4947
35444	Вільгір	Rivnenska	Hoshchanskyi	50.5078	26.5246
35445	Ючин	Rivnenska	Hoshchanskyi	50.711	26.6175
35446	Башине	Rivnenska	Hoshchanskyi	50.5298	26.57
35447	Зарічне	Rivnenska	Hoshchanskyi	50.556	26.5409
35448	Угільці	Rivnenska	Hoshchanskyi	50.5252	26.5575
35449	Колесники	Rivnenska	Hoshchanskyi	50.496	26.5126
35450	Федорівка	Rivnenska	Hoshchanskyi	50.5915	26.7907
35451	Курозвани	Rivnenska	Hoshchanskyi	50.5749	26.7381
35452	Русивель	Rivnenska	Hoshchanskyi	50.5527	26.8163
35453	Майків	Rivnenska	Hoshchanskyi	50.5239	26.7898
35454	Жаврів	Rivnenska	Hoshchanskyi	50.5095	26.7189
35455	Подоляни	Rivnenska	Hoshchanskyi	50.643	26.583
35456	Горбів	Rivnenska	Hoshchanskyi	50.6599	26.5858
35457	Глибочок	Rivnenska	Hoshchanskyi	50.5001	26.7194
35458	Матіївка	Rivnenska	Hoshchanskyi	50.7492	26.7531
35461	Витків	Rivnenska	Hoshchanskyi	50.6304	26.7167
35462	Дмитрівка	Rivnenska	Hoshchanskyi	50.6163	26.4679
35463	Дуліби	Rivnenska	Hoshchanskyi	50.5389	26.7458
35464	Дружне	Rivnenska	Hoshchanskyi	50.65	26.75
35465	Іллін	Rivnenska	Hoshchanskyi	50.5808	26.5489
35466	Люцинів	Rivnenska	Hoshchanskyi	50.7213	26.6802
35471	Микулин	Rivnenska	Hoshchanskyi	50.6671	26.5232
35472	Мнишин	Rivnenska	Hoshchanskyi	50.635	26.629
35473	Річиця	Rivnenska	Hoshchanskyi	50.7329	26.5183
35474	Терентіїв	Rivnenska	Hoshchanskyi	50.6071	26.7203
35475	Шкарів	Rivnenska	Hoshchanskyi	50.5891	26.6167
35500	Радивилів	Rivnenska	Radyvylivskyi	50.1299	25.2558
35507	Довгалівка	Rivnenska	Radyvylivskyi	50.2887	25.364
35508	Малі Гайки	Rivnenska	Radyvylivskyi	50.2093	25.3099
35509	Батьків	Rivnenska	Radyvylivskyi	50.2093	25.3099
35510	Пляшева	Rivnenska	Radyvylivskyi	50.3573	25.1956
35511	Острів	Rivnenska	Radyvylivskyi	50.3339	25.2153
35512	Теслугів	Rivnenska	Radyvylivskyi	50.3055	25.3151
35513	Коритне	Rivnenska	Radyvylivskyi	50.3097	25.2578
35514	Митниця	Rivnenska	Radyvylivskyi	50.2904	25.1314
35515	Новоукраїнське	Rivnenska	Radyvylivskyi	50.2978	25.3086
35517	Білогорівка	Rivnenska	Radyvylivskyi	50.2496	25.3945
35518	Дубини	Rivnenska	Radyvylivskyi	50.2765	25.4998
35519	Зарічне	Rivnenska	Radyvylivskyi	50.2596	25.4592
35520	Добривода	Rivnenska	Radyvylivskyi	50.2981	25.3575
35521	Березини	Rivnenska	Radyvylivskyi	50.2922	25.4124
35522	Боратин	Rivnenska	Radyvylivskyi	50.2894	25.3363
35523	Козин	Rivnenska	Radyvylivskyi	50.2677	25.4623
35524	Хотин	Rivnenska	Radyvylivskyi	50.7082	26.2243
35525	Курсики	Rivnenska	Radyvylivskyi	50.2813	25.4347
35526	Пасіки	Rivnenska	Radyvylivskyi	50.393	25.6735
35527	Савчуки	Rivnenska	Radyvylivskyi	50.2916	25.4608
35528	Середнє	Rivnenska	Radyvylivskyi	50.2678	25.4301
35529	Адамівка	Rivnenska	Radyvylivskyi	50.8403	26.9434
35530	Іващуки	Rivnenska	Radyvylivskyi	50.3444	25.2294
35531	Бригадирівка	Rivnenska	Radyvylivskyi	50.2748	25.4045
35532	Пустоіванне	Rivnenska	Radyvylivskyi	50.3444	25.2294
35533	Рудня	Rivnenska	Radyvylivskyi	51.116	26.1878
35534	Нова Пляшева	Rivnenska	Radyvylivskyi	50.3444	25.2294
35535	Баранне	Rivnenska	Radyvylivskyi	50.3444	25.2294
35536	Гайки	Rivnenska	Radyvylivskyi	51.0266	24.3012
35537	Гнильче	Rivnenska	Radyvylivskyi	49.1984	24.9313
35538	Нова Митниця	Rivnenska	Radyvylivskyi	50.3143	25.1543
35539	Засув	Rivnenska	Radyvylivskyi	50.1363	25.3976
35540	Сестрятин	Rivnenska	Radyvylivskyi	50.7181	28.7806
35541	Крупець	Rivnenska	Radyvylivskyi	50.7181	28.7806
35542	Срібне	Rivnenska	Radyvylivskyi	50.6638	32.9187
35543	Ситне	Rivnenska	Radyvylivskyi	52.0917	33.9843
35544	Михайлівка	Rivnenska	Radyvylivskyi	50.3833	26.4
35545	Казмірі	Rivnenska	Radyvylivskyi	50.7181	28.7806
35546	Круки	Rivnenska	Radyvylivskyi	50.0818	25.4389
35547	Підлипки	Rivnenska	Radyvylivskyi	50.7181	28.7806
35548	Стоянівка	Rivnenska	Radyvylivskyi	50.7181	28.7806
35549	Солонів	Rivnenska	Radyvylivskyi	50.37	25.1613
35550	Башарівка	Rivnenska	Radyvylivskyi	50.6642	28.3824
35551	Перенятин	Rivnenska	Radyvylivskyi	50.6642	28.3824
35552	Підзамче	Rivnenska	Radyvylivskyi	50.6642	28.3824
35553	Копані	Rivnenska	Radyvylivskyi	50.4947	26.0469
35554	Дружба	Rivnenska	Radyvylivskyi	50.6642	28.3824
35555	Лев'ятин	Rivnenska	Radyvylivskyi	50.6642	28.3824
35556	Гай	Rivnenska	Radyvylivskyi	50.4336	26.345
35557	Гусари	Rivnenska	Radyvylivskyi	50.6642	28.3824
35558	Іванівка	Rivnenska	Radyvylivskyi	50.8548	26.9284
35559	Безодня	Rivnenska	Radyvylivskyi	50.8739	34.2092
35560	Гайки-Ситенські	Rivnenska	Radyvylivskyi	50.4139	25.996
35561	Бугаївка	Rivnenska	Radyvylivskyi	50.4139	25.996
35562	Гранівка	Rivnenska	Radyvylivskyi	50.2485	25.5154
35563	Немирівка	Rivnenska	Radyvylivskyi	50.9907	28.7183
35564	Опарипси	Rivnenska	Radyvylivskyi	50.4139	25.996
35565	Рідків	Rivnenska	Radyvylivskyi	50.296	25.2152
35566	Табачуки	Rivnenska	Radyvylivskyi	50.4139	25.996
35567	Заміщина	Rivnenska	Radyvylivskyi	50.4139	25.996
35568	Веселе	Rivnenska	Radyvylivskyi	50.2754	25.2139
35569	Гоноратка	Rivnenska	Radyvylivskyi	50.2589	25.3172
35570	Полуничне	Rivnenska	Radyvylivskyi	50.2527	25.2192
35571	Карпилівка	Rivnenska	Radyvylivskyi	50.6767	26.1236
35572	Коти	Rivnenska	Radyvylivskyi	50.5145	25.7744
35573	Балки	Rivnenska	Radyvylivskyi	50.5145	25.7744
35574	Гаї-Лев'ятинські	Rivnenska	Radyvylivskyi	50.5145	25.7744
35575	Приски	Rivnenska	Radyvylivskyi	50.5145	25.7744
35576	Старики	Rivnenska	Radyvylivskyi	51.2413	27.1043
35577	Підвисоке	Rivnenska	Radyvylivskyi	50.3229	25.4124
35578	Радихівщина	Rivnenska	Radyvylivskyi	50.2882	25.3878
35579	Станіслави	Rivnenska	Radyvylivskyi	50.3055	25.3991
35580	Пляшівка	Rivnenska	Radyvylivskyi	50.3269	25.249
35600	Дубно	Rivnenska	Dubenskyi	50.4169	25.7343
35601	Дубно	Rivnenska	Dubenskyi	50.4169	25.7343
35602	Дубно	Rivnenska	Dubenskyi	50.4169	25.7343
35603	Дубно	Rivnenska	Dubenskyi	50.4169	25.7343
35604	Дубно	Rivnenska	Dubenskyi	50.4169	25.7343
35609	Рачин	Rivnenska	Dubenskyi	50.4246	25.7976
35610	Сатиїв	Rivnenska	Dubenskyi	50.5619	25.8919
35611	Жорнів	Rivnenska	Dubenskyi	50.5232	25.9501
35612	Зелений Гай	Rivnenska	Dubenskyi	50.4952	25.9851
35612	Крилів	Rivnenska	Dubenskyi	50.492	25.9571
35612	Варковичі	Rivnenska	Dubenskyi	50.4759	25.9709
35613	Озеряни	Rivnenska	Dubenskyi	50.4673	26.0322
35614	Нагірне	Rivnenska	Dubenskyi	50.5	26.0833
35616	Кліщиха	Rivnenska	Dubenskyi	50.4575	25.9117
35617	Дитиничі	Rivnenska	Dubenskyi	50.3343	25.7395
35618	Довге Поле	Rivnenska	Dubenskyi	50.3176	25.8238
35619	Кривуха	Rivnenska	Dubenskyi	50.4076	25.6826
35620	Зелене	Rivnenska	Dubenskyi	50.461	25.7923
35620	Іваннє	Rivnenska	Dubenskyi	50.4543	25.7527
35621	Бортниця	Rivnenska	Dubenskyi	50.4804	25.7658
35622	Привільне	Rivnenska	Dubenskyi	50.4568	25.8406
35623	Мирогоща Перша	Rivnenska	Dubenskyi	50.432	25.8613
35624	Мирогоща Друга	Rivnenska	Dubenskyi	50.4217	25.8595
35625	Мокре	Rivnenska	Dubenskyi	50.4363	25.9363
35626	Молодаво Перше	Rivnenska	Dubenskyi	50.4507	25.8615
35627	Панталія	Rivnenska	Dubenskyi	50.4386	25.7628
35628	Заруддя	Rivnenska	Dubenskyi	50.443	25.9775
35629	Квітневе	Rivnenska	Dubenskyi	50.4833	26.0667
35630	Княгинин	Rivnenska	Dubenskyi	50.4295	25.9843
35631	Білоберіжжя	Rivnenska	Dubenskyi	50.4295	25.9843
35632	Нараїв	Rivnenska	Dubenskyi	50.3959	26.0184
35633	Молодаво Друге	Rivnenska	Dubenskyi	50.4295	25.9843
35634	Костянець	Rivnenska	Dubenskyi	50.426	25.9494
35635	Липа	Rivnenska	Dubenskyi	50.417	25.8943
35636	Листвин	Rivnenska	Dubenskyi	50.4015	25.9844
35637	Молодаво Третє	Rivnenska	Dubenskyi	50.4295	25.9843
35638	Копани	Rivnenska	Dubenskyi	50.4947	26.0469
35639	Молодіжне	Rivnenska	Dubenskyi	50.4419	26.0125
35640	Малі Сади	Rivnenska	Dubenskyi	50.4061	25.6089
35641	Тараканів	Rivnenska	Dubenskyi	50.3796	25.7084
35642	Мильча	Rivnenska	Dubenskyi	50.35	25.55
35643	Пирятин	Rivnenska	Dubenskyi	50.3424	25.5996
35644	Повча	Rivnenska	Dubenskyi	50.375	25.508
35645	Птича	Rivnenska	Dubenskyi	50.3	25.6167
35646	Підлужжя	Rivnenska	Dubenskyi	50.3453	25.6931
35647	Травневе	Rivnenska	Dubenskyi	50.4188	26.0762
35648	Острів	Rivnenska	Dubenskyi	50.4181	26.0197
35649	Клюки	Rivnenska	Dubenskyi	50.3244	25.71
35650	Семидуби	Rivnenska	Dubenskyi	50.3451	25.8078
35651	Плоска	Rivnenska	Dubenskyi	50.3276	25.7945
35652	Здовбиця	Rivnenska	Dubenskyi	50.366	25.8231
35652	Збитин	Rivnenska	Dubenskyi	50.3812	25.8776
35652	Клинці	Rivnenska	Dubenskyi	50.3777	25.9157
35652	Злинець	Rivnenska	Dubenskyi	50.3768	25.8597
35652	Гірники	Rivnenska	Dubenskyi	50.3821	25.8226
35653	Переросля	Rivnenska	Dubenskyi	50.302	25.777
35654	Будераж	Rivnenska	Dubenskyi	50.3603	25.5297
35655	Стара Миколаївка	Rivnenska	Dubenskyi	50.3152	25.5827
35656	Турковичі	Rivnenska	Dubenskyi	50.3307	25.648
35657	Дубрівка	Rivnenska	Dubenskyi	49.5139	23.1151
35658	Черешнівка	Rivnenska	Dubenskyi	50.4945	25.8138
35659	Дядьковичі	Rivnenska	Dubenskyi	50.6017	26.0676
35660	Соснівка	Rivnenska	Dubenskyi	50.3167	25.9333
35661	Майдан	Rivnenska	Dubenskyi	50.2509	26.0133
35662	Маяки	Rivnenska	Dubenskyi	50.5626	25.8599
35663	Олибів	Rivnenska	Dubenskyi	50.5316	25.9078
35664	Грядки	Rivnenska	Dubenskyi	50.3114	25.8767
35665	Залужжя	Rivnenska	Dubenskyi	50.328	25.8786
35666	Буща	Rivnenska	Dubenskyi	50.3136	26.2375
35667	Мартинівка	Rivnenska	Dubenskyi	50.5487	25.982
35668	Бондарі	Rivnenska	Dubenskyi	50.3405	25.9648
35669	Іваниничі	Rivnenska	Dubenskyi	50.3545	25.871
35670	Софіївка Друга	Rivnenska	Dubenskyi	50.2877	25.5435
35670	Верба	Rivnenska	Dubenskyi	50.2804	25.6028
35670	Софіївка Перша	Rivnenska	Dubenskyi	50.2916	25.5765
35671	Білогородка	Rivnenska	Dubenskyi	50.3167	25.55
35672	Стовпець	Rivnenska	Dubenskyi	50.2995	25.7067
35673	Кліпець	Rivnenska	Dubenskyi	50.3206	25.9753
35674	Нагоряни	Rivnenska	Dubenskyi	50.3305	25.9303
35675	Тростянець	Rivnenska	Dubenskyi	50.2995	25.7067
35676	Ясинівка	Rivnenska	Dubenskyi	50.3586	25.9202
35677	Дубовиця	Rivnenska	Dubenskyi	50.2995	25.7067
35678	Забірки	Rivnenska	Dubenskyi	50.2095	25.5548
35679	Кам'яна Верба	Rivnenska	Dubenskyi	50.2995	25.7067
35680	Смига	Rivnenska	Dubenskyi	50.2391	25.7658
35681	Студянка	Rivnenska	Dubenskyi	50.2531	25.6947
35682	Шепетин	Rivnenska	Dubenskyi	50.1908	25.6047
35683	Онишківці	Rivnenska	Dubenskyi	49.9557	27.2307
35683	Берег	Rivnenska	Dubenskyi	50.2102	25.6659
35683	Комарівка	Rivnenska	Dubenskyi	51.07	26.3342
35683	Тур'я	Rivnenska	Dubenskyi	50.412	26.4103
35683	Миньківці	Rivnenska	Dubenskyi	50.412	26.4103
35683	Сапанівчик	Rivnenska	Dubenskyi	50.412	26.4103
35684	Рідкодуби	Rivnenska	Dubenskyi	50.1908	25.6047
35685	Великі Загірці	Rivnenska	Dubenskyi	50.366	25.6595
35686	Малі Загірці	Rivnenska	Dubenskyi	50.363	25.6722
35687	Боцянівка	Rivnenska	Dubenskyi	50.4165	25.9748
35688	Микитичі	Rivnenska	Dubenskyi	50.3408	25.6536
35689	Кам'яниця	Rivnenska	Dubenskyi	48.6934	22.3957
35690	Замчисько	Rivnenska	Dubenskyi	50.3093	25.6938
35691	Судобичі	Rivnenska	Dubenskyi	50.2955	25.7432
35692	Бірки	Rivnenska	Dubenskyi	48.9432	32.2811
35693	Голуби	Rivnenska	Dubenskyi	50.7049	34.0192
35694	Нова Миколаївка	Rivnenska	Dubenskyi	50.1882	27.795
35695	Стара Носовиця	Rivnenska	Dubenskyi	50.2922	25.661
35696	Придорожне	Rivnenska	Dubenskyi	50.381	25.5684
35697	Великі Сади	Rivnenska	Dubenskyi	50.3912	25.5984
35698	Нова Носовиця	Rivnenska	Dubenskyi	50.1882	27.795
35701	Здолбунів	Rivnenska	Zdolbunivskyi	50.5206	26.2425
35702	Здолбунів	Rivnenska	Zdolbunivskyi	50.5206	26.2425
35705	Здолбунів	Rivnenska	Zdolbunivskyi	50.5206	26.2425
35707	Богдашів	Rivnenska	Zdolbunivskyi	50.5182	26.2371
35708	Ільпінь	Rivnenska	Zdolbunivskyi	50.5333	26.2167
35709	Здовбиця	Rivnenska	Zdolbunivskyi	50.4961	26.2411
35710	Глинськ	Rivnenska	Zdolbunivskyi	50.5017	26.1518
35711	Уїздці	Rivnenska	Zdolbunivskyi	50.4587	26.1908
35712	Кунин	Rivnenska	Zdolbunivskyi	50.4372	26.1582
35713	Спасів	Rivnenska	Zdolbunivskyi	50.4502	26.0987
35714	Мости	Rivnenska	Zdolbunivskyi	50.3007	26.1897
35715	Урвенна	Rivnenska	Zdolbunivskyi	50.4442	26.2455
35716	Новий Світ	Rivnenska	Zdolbunivskyi	50.3373	26.1657
35717	Святе	Rivnenska	Zdolbunivskyi	50.3119	26.13
35718	Борщівка Друга	Rivnenska	Zdolbunivskyi	50.3333	26.2256
35719	Борщівка Перша	Rivnenska	Zdolbunivskyi	50.3454	26.1901
35720	Копиткове	Rivnenska	Zdolbunivskyi	50.4772	26.3695
35721	Миротин	Rivnenska	Zdolbunivskyi	50.4404	26.3238
35722	Івачків	Rivnenska	Zdolbunivskyi	50.4915	26.28
35723	Новосілки	Rivnenska	Zdolbunivskyi	50.4989	26.4352
35724	Загора	Rivnenska	Zdolbunivskyi	50.4931	26.1418
35725	Підцурків	Rivnenska	Zdolbunivskyi	50.4844	26.1092
35726	Лідаво	Rivnenska	Zdolbunivskyi	50.4915	26.28
35727	Кошатів	Rivnenska	Zdolbunivskyi	50.5383	26.2284
35728	Мар'янівка	Rivnenska	Zdolbunivskyi	50.4915	26.28
35729	Степанівка	Rivnenska	Zdolbunivskyi	50.5081	26.3522
35730	Мала Мощаниця	Rivnenska	Zdolbunivskyi	50.3727	25.9858
35731	Ступно	Rivnenska	Zdolbunivskyi	50.3297	26.0068
35732	Залібівка	Rivnenska	Zdolbunivskyi	50.3651	25.9492
35733	В'юнівщина	Rivnenska	Zdolbunivskyi	50.4191	26.3027
35734	Клопіт	Rivnenska	Zdolbunivskyi	50.3925	26.1932
35735	Мізочок	Rivnenska	Zdolbunivskyi	50.3839	26.1534
35736	Озерко	Rivnenska	Zdolbunivskyi	50.3684	26.1673
35737	Орестів	Rivnenska	Zdolbunivskyi	50.5383	26.1811
35738	Цурків	Rivnenska	Zdolbunivskyi	50.4707	26.0983
35739	Коршів	Rivnenska	Zdolbunivskyi	50.4575	26.2202
35740	Мізоч	Rivnenska	Zdolbunivskyi	50.4	26.15
35741	Білашів	Rivnenska	Zdolbunivskyi	50.3771	26.1018
35742	Стара Мощаниця	Rivnenska	Zdolbunivskyi	50.354	26.0585
35743	Півче	Rivnenska	Zdolbunivskyi	50.3516	26.1277
35744	Нова Мощаниця	Rivnenska	Zdolbunivskyi	50.331	26.074
35745	Загребля	Rivnenska	Zdolbunivskyi	50.4488	26.275
35746	Залісся	Rivnenska	Zdolbunivskyi	50.4159	26.1896
35747	Замлинок	Rivnenska	Zdolbunivskyi	50.4128	26.2508
35748	Йосипівка	Rivnenska	Zdolbunivskyi	50.4177	26.2395
35749	Зелений Дуб	Rivnenska	Zdolbunivskyi	50.3899	26.163
35750	Дермань Перша	Rivnenska	Zdolbunivskyi	50.3863	26.2135
35751	Дермань Друга	Rivnenska	Zdolbunivskyi	50.3635	26.2426
35752	Будераж	Rivnenska	Zdolbunivskyi	50.324	26.1539
35753	Буща	Rivnenska	Zdolbunivskyi	50.3136	26.2375
35754	Підгайне	Rivnenska	Zdolbunivskyi	50.3469	26.2118
35761	Гільча Перша	Rivnenska	Zdolbunivskyi	50.4271	26.2766
35762	Гільча Друга	Rivnenska	Zdolbunivskyi	50.4329	26.2531
35763	Новомильськ	Rivnenska	Zdolbunivskyi	50.5067	26.2972
35764	П'ятигори	Rivnenska	Zdolbunivskyi	50.5279	26.1651
35765	Стеблівка	Rivnenska	Zdolbunivskyi	50.4008	26.1155
35766	Суйми	Rivnenska	Zdolbunivskyi	50.3432	26.1083
35800	Острог	Rivnenska	Ostrozkyi	50.3294	26.5143
35801	Острог	Rivnenska	Ostrozkyi	50.3294	26.5143
35808	Межиріч	Rivnenska	Ostrozkyi	50.3059	26.4846
35809	Вельбівно	Rivnenska	Ostrozkyi	50.3216	26.5044
35810	Тесів	Rivnenska	Ostrozkyi	50.5089	26.6377
35811	Бухарів	Rivnenska	Ostrozkyi	50.512	26.5697
35812	Сіянці	Rivnenska	Ostrozkyi	50.483	26.6347
35813	Шлях	Rivnenska	Ostrozkyi	50.391	26.348
35814	Теремне	Rivnenska	Ostrozkyi	50.2249	26.2323
35816	Лебеді	Rivnenska	Ostrozkyi	50.3959	26.267
35817	Батьківці	Rivnenska	Ostrozkyi	50.2857	26.258
35818	Данилівка	Rivnenska	Ostrozkyi	50.2618	26.2788
35819	Ілляшівка	Rivnenska	Ostrozkyi	50.2769	26.2963
35820	Оженин	Rivnenska	Ostrozkyi	50.4426	26.4883
35821	Оженин	Rivnenska	Ostrozkyi	50.4426	26.4883
35823	Країв	Rivnenska	Ostrozkyi	50.4743	26.4752
35824	Українка	Rivnenska	Ostrozkyi	50.443	26.3829
35825	Верхів	Rivnenska	Ostrozkyi	50.3856	26.316
35826	Плоске	Rivnenska	Ostrozkyi	50.4221	26.3854
35827	Волосківці	Rivnenska	Ostrozkyi	50.3959	26.5974
35828	Кургани	Rivnenska	Ostrozkyi	50.3927	26.5402
35829	Черняхів	Rivnenska	Ostrozkyi	50.4415	26.5606
35830	Почапки	Rivnenska	Ostrozkyi	50.4459	26.6517
35831	Бродів	Rivnenska	Ostrozkyi	50.427	26.5381
35832	Могиляни	Rivnenska	Ostrozkyi	50.426	26.5619
35833	Мощаниця	Rivnenska	Ostrozkyi	50.4117	26.643
35834	Завидів	Rivnenska	Ostrozkyi	50.4095	26.3282
35835	Кураж	Rivnenska	Ostrozkyi	50.4548	26.7146
35836	Садки	Rivnenska	Ostrozkyi	50.4763	26.6804
35837	Хрінів	Rivnenska	Ostrozkyi	50.5141	26.6487
35838	Бубнівка	Rivnenska	Ostrozkyi	50.4298	26.4079
35839	Вишеньки	Rivnenska	Ostrozkyi	50.4529	26.3979
35840	Хорів	Rivnenska	Ostrozkyi	50.396	26.4837
35841	Грем'яче	Rivnenska	Ostrozkyi	50.3745	26.4274
35842	Білашів	Rivnenska	Ostrozkyi	50.3406	26.4014
35843	Новомалин	Rivnenska	Ostrozkyi	50.3004	26.3677
35844	Дубини	Rivnenska	Ostrozkyi	50.4502	26.4238
35845	Дерев'янче	Rivnenska	Ostrozkyi	50.3323	26.3993
35846	Радужне	Rivnenska	Ostrozkyi	50.3351	26.4253
35847	Точевики	Rivnenska	Ostrozkyi	50.3504	26.3539
35848	Завизів	Rivnenska	Ostrozkyi	50.3745	26.4274
35849	Михалківці	Rivnenska	Ostrozkyi	50.491	26.5643
35850	Посива	Rivnenska	Ostrozkyi	50.3562	26.4689
35850	Кутянка	Rivnenska	Ostrozkyi	50.3562	26.4689
35851	Новородчиці	Rivnenska	Ostrozkyi	50.3562	26.4689
35852	Вілія	Rivnenska	Ostrozkyi	50.3562	26.4689
35853	Бадівка	Rivnenska	Ostrozkyi	50.3782	26.6076
35855	Прикордонне	Rivnenska	Ostrozkyi	50.279	26.4908
35856	Гай	Rivnenska	Ostrozkyi	50.4336	26.345
35857	Михайлівка	Rivnenska	Ostrozkyi	50.3833	26.4
35858	Слобідка	Rivnenska	Ostrozkyi	50.307	26.5009
35861	Болотківці	Rivnenska	Ostrozkyi	50.3884	26.4999
35862	Бродівське	Rivnenska	Ostrozkyi	50.3884	26.4999
35863	Грозів	Rivnenska	Ostrozkyi	50.3501	26.43
35864	Лючин	Rivnenska	Ostrozkyi	50.3029	26.4217
35865	Милятин	Rivnenska	Ostrozkyi	50.453	26.6161
35866	Розваж	Rivnenska	Ostrozkyi	50.3714	26.5127
35867	Стадники	Rivnenska	Ostrozkyi	50.4648	26.5188
40000	Суми	Sumska	Sumska	50.9216	34.8003
40002	Суми	Sumska	Sumska	50.9216	34.8003
40003	Суми	Sumska	Sumska	50.9216	34.8003
40004	Суми	Sumska	Sumska	50.9216	34.8003
40007	Суми	Sumska	Sumska	50.9216	34.8003
40009	Суми	Sumska	Sumska	50.9216	34.8003
40010	Хомине	Sumska	Sumy	50.9605	34.861
40010	Суми	Sumska	Sumska	50.9216	34.8003
40011	Суми	Sumska	Sumska	50.9216	34.8003
40013	Суми	Sumska	Sumska	50.9216	34.8003
40016	Суми	Sumska	Sumska	50.9216	34.8003
40018	Суми	Sumska	Sumska	50.9216	34.8003
40020	Суми	Sumska	Sumska	50.9216	34.8003
40021	Суми	Sumska	Sumska	50.9216	34.8003
40022	Суми	Sumska	Sumska	50.9216	34.8003
40030	Суми	Sumska	Sumska	50.9216	34.8003
40031	Суми	Sumska	Sumska	50.9216	34.8003
40034	Суми	Sumska	Sumska	50.9216	34.8003
40035	Суми	Sumska	Sumska	50.9216	34.8003
40490	Шевченкове (Стецьківська)	Sumska	Sumy	50.9741	34.7635
40490	Верхнє Піщане	Sumska	Sumy	50.9741	34.7635
40490	Гриценкове (Северинівська)	Sumska	Sumy	50.9741	34.7635
40490	Перехрестівка (Северинівська)	Sumska	Sumy	50.9741	34.7635
40490	Трохименкове (Піщанська)	Sumska	Sumy	50.9741	34.7635
40490	Загірське (Пыщанська)	Sumska	Sumy	50.9741	34.7635
40491	Кирияківщина	Sumska	Sumy	50.9913	34.8433
40491	Піщане	Sumska	Sumy	50.9861	34.8102
40491	Житейське	Sumska	Sumy	50.9887	34.8267
41000	Середина-Буда	Sumska	Seredyno-Budskyi	52.189	34.0364
41000	Прогрес (С -Буда)	Sumska	Seredyno-Budskyi	52.189	34.0364
41000	Рудак (С-Буда)	Sumska	Seredyno-Budskyi	52.189	34.0364
41000	Сорокине (С -Буда)	Sumska	Seredyno-Budskyi	52.189	34.0364
41000	Ситне (С-Буда)	Sumska	Seredyno-Budskyi	52.189	34.0364
41000	Шалимівка (С-Буда)	Sumska	Seredyno-Budskyi	52.189	34.0364
41000	Зарічне (С-Буда)	Sumska	Seredyno-Budskyi	52.189	34.0364
41000	Хлібороб (С-Буда)	Sumska	Seredyno-Budskyi	52.189	34.0364
41000	Винторівка (С-Буда)	Sumska	Seredyno-Budskyi	52.189	34.0364
41020	Нововасилівка	Sumska	Seredyno-Budskyi	52.331	33.4756
41021	Кудоярове	Sumska	Seredyno-Budskyi	52.2928	33.6018
41021	Зноб-Трубчевська	Sumska	Seredyno-Budskyi	52.2899	33.5741
41021	Улиця	Sumska	Seredyno-Budskyi	52.3107	33.6155
41021	Любахове	Sumska	Seredyno-Budskyi	52.2985	33.5934
41021	Карпеченкове	Sumska	Seredyno-Budskyi	52.3004	33.5823
41022	Зноб-Новгородське	Sumska	Seredyno-Budskyi	52.2626	33.6014
41022	Люте	Sumska	Seredyno-Budskyi	52.2616	33.6571
41022	Кустине	Sumska	Seredyno-Budskyi	52.2426	33.578
41023	Стягайлівка	Sumska	Seredyno-Budskyi	52.2695	33.662
41024	Кренидівка	Sumska	Seredyno-Budskyi	52.2396	33.4668
41024	Червоне	Sumska	Seredyno-Budskyi	52.2668	33.4526
41024	Українське	Sumska	Seredyno-Budskyi	52.2532	33.4597
41024	Василівське	Sumska	Seredyno-Budskyi	52.2532	33.4597
41025	Четвертакове	Sumska	Seredyno-Budskyi	52.2789	33.5698
41025	Мефедівка	Sumska	Seredyno-Budskyi	52.2789	33.5698
41030	Гаврилова Слобода	Sumska	Seredyno-Budskyi	52.2612	33.8769
41030	Василівка	Sumska	Seredyno-Budskyi	52.3048	33.7405
41030	Стара Гута	Sumska	Seredyno-Budskyi	52.3075	33.7978
41030	Нова Гута	Sumska	Seredyno-Budskyi	52.2743	33.8492
41032	Заріччя	Sumska	Seredyno-Budskyi	52.2473	33.788
41032	Ясна поляна	Sumska	Seredyno-Budskyi	52.228	33.812
41032	Лісне	Sumska	Seredyno-Budskyi	52.2555	33.7528
41032	Голубівка	Sumska	Seredyno-Budskyi	52.2409	33.7886
41032	Перемога	Sumska	Seredyno-Budskyi	52.2	33.8833
41032	Троїцьке	Sumska	Seredyno-Budskyi	52.2321	33.7941
41032	Поліське	Sumska	Seredyno-Budskyi	52.2208	33.7396
41032	Велика Берізка (Голубівука)	Sumska	Seredyno-Budskyi	52.2321	33.7941
41034	Гутко-Ожинка	Sumska	Seredyno-Budskyi	52.1773	33.706
41034	Красичка	Sumska	Seredyno-Budskyi	52.186	33.7638
41034	Жихове	Sumska	Seredyno-Budskyi	52.1651	33.6963
41034	Нова Спарта	Sumska	Seredyno-Budskyi	52.1336	33.6728
41036	Рудня	Sumska	Seredyno-Budskyi	52.1831	33.6245
41040	Очкине	Sumska	Seredyno-Budskyi	52.2247	33.373
41040	Красноярське	Sumska	Seredyno-Budskyi	52.2425	33.4122
41041	Журавка	Sumska	Seredyno-Budskyi	52.2022	33.4168
41042	Хильчичі	Sumska	Seredyno-Budskyi	52.1559	33.4746
41042	Боровичі	Sumska	Seredyno-Budskyi	52.1848	33.3635
41042	Таборище	Sumska	Seredyno-Budskyi	52.1655	33.4518
41042	Кривоносівка	Sumska	Seredyno-Budskyi	52.1549	33.437
41044	Чигин	Sumska	Seredyno-Budskyi	52.2017	33.5811
41044	Уралове	Sumska	Seredyno-Budskyi	52.1841	33.5583
41050	Чернацьке	Sumska	Seredyno-Budskyi	51.9956	33.3218
41051	Ромашкове	Sumska	Seredyno-Budskyi	52.1555	33.9615
41051	Демченкове	Sumska	Seredyno-Budskyi	52.1447	33.9547
41051	Лісова поляна	Sumska	Seredyno-Budskyi	52.1397	33.9166
41052	Луг (Пигарівська)	Sumska	Seredyno-Budskyi	52.1417	33.8321
41052	Пигарівка	Sumska	Seredyno-Budskyi	52.1417	33.8321
41052	Лукашенкове	Sumska	Seredyno-Budskyi	52.1417	33.8321
41052	Ріг (Пигарівська)	Sumska	Seredyno-Budskyi	52.1417	33.8321
41053	Кам'янка	Sumska	Seredyno-Budskyi	52.1156	33.9002
41054	Нововолодимирівка	Sumska	Seredyno-Budskyi	52.1135	34.0742
41054	Рожковичі	Sumska	Seredyno-Budskyi	52.1063	34.0702
41054	Порохонь	Sumska	Seredyno-Budskyi	52.1279	34.0705
41100	Шостка	Sumska	Shostkynskyi	51.863	33.4698
41101	Шостка	Sumska	Shostkynskyi	51.863	33.4698
41103	Шостка	Sumska	Shostkynskyi	51.863	33.4698
41104	Шостка	Sumska	Shostkynskyi	51.863	33.4698
41106	Шостка	Sumska	Shostkynskyi	51.863	33.4698
41107	Шостка	Sumska	Shostkynskyi	51.863	33.4698
41108	Шостка	Sumska	Shostkynskyi	51.863	33.4698
41109	Шостка	Sumska	Shostkynskyi	51.863	33.4698
41110	Глазове	Sumska	Shostkynskyi	52.129	33.4801
41111	Вовна	Sumska	Shostkynskyi	52.0935	33.6092
41111	Дібрівка (Вовнянська сільська  рада)	Sumska	Shostkynskyi	52.0935	33.6092
41112	Каліївка	Sumska	Shostkynskyi	52.0629	33.5444
41112	Гудівщина	Sumska	Shostkynskyi	52.0578	33.6014
41113	Івот	Sumska	Shostkynskyi	51.9841	33.4898
41114	Погребки	Sumska	Shostkynskyi	51.5187	33.5783
41114	Свірж	Sumska	Shostkynskyi	52.01	33.4083
41114	Остроушки (Коротченковська  сільська рада)	Sumska	Shostkynskyi	51.7643	33.4933
41120	Ображіївка	Sumska	Shostkynskyi	51.9111	33.413
41121	Богданівка	Sumska	Shostkynskyi	51.899	33.3326
41122	Чорні Лози (Ковтунівська)	Sumska	Shostkynskyi	51.8411	33.4098
41122	Ковтунове	Sumska	Shostkynskyi	51.8411	33.4098
41122	Богданка (Ковтунівської)	Sumska	Shostkynskyi	51.8411	33.4098
41123	Пирогівка	Sumska	Shostkynskyi	51.9135	33.2935
41124	Лісне (Собицької сільської ради)	Sumska	Shostkynskyi	51.8604	33.2621
41124	Собич	Sumska	Shostkynskyi	51.8604	33.2621
41130	Миронівка	Sumska	Shostkynskyi	51.9097	33.5681
41130	Шкирманівка (Миронівська)	Sumska	Shostkynskyi	51.9097	33.5681
41130	Крупець (Миронівська)	Sumska	Shostkynskyi	51.9097	33.5681
41131	Макове	Sumska	Shostkynskyi	51.8317	33.6192
41131	Гукове (Маковська)	Sumska	Shostkynskyi	51.8317	33.6192
41132	Гамаліївка	Sumska	Shostkynskyi	51.8447	33.567
41133	Собичеве	Sumska	Shostkynskyi	51.8165	33.6922
41140	Вороніж	Sumska	Shostkynskyi	51.7757	33.4594
41140	Курдюмівка (Воронізька)	Sumska	Shostkynskyi	51.7703	33.4284
41140	Масиків	Sumska	Shostkynskyi	51.7648	33.3974
41143	Лушники	Sumska	Shostkynskyi	51.699	33.1933
41143	Чапліївка	Sumska	Shostkynskyi	51.7185	33.2169
41144	Тиманівка	Sumska	Shostkynskyi	51.7681	33.1271
41144	Бензики (Тиманівська)	Sumska	Shostkynskyi	51.7681	33.1271
41145	Клишки	Sumska	Shostkynskyi	51.7684	33.2988
41145	Заболотне (Клишківська)	Sumska	Shostkynskyi	51.7684	33.2988
41145	Солотвине (Клишківська)	Sumska	Shostkynskyi	51.7684	33.2988
41145	Холодівщина (Клишківська)	Sumska	Shostkynskyi	51.7684	33.2988
41145	Московське (Клишківська)	Sumska	Shostkynskyi	51.7684	33.2988
41145	Великий ліс (Клишківська)	Sumska	Shostkynskyi	51.7684	33.2988
41200	Неплюєве (Ямпільська)	Sumska	Yampilskyi	51.9088	33.7846
41200	Прудище (Ямпіль)	Sumska	Yampilskyi	51.9088	33.7846
41200	Чижикове (Ямпіль)	Sumska	Yampilskyi	51.9088	33.7846
41200	Ольгине (Ямпіль)	Sumska	Yampilskyi	51.9088	33.7846
41200	Привокзальне (Ямпіль)	Sumska	Yampilskyi	51.9088	33.7846
41200	Івотка (Ямпільська)	Sumska	Yampilskyi	51.9088	33.7846
41200	Ямпіль	Sumska	Yampilskyi	51.9088	33.7846
41200	Ростов (Ямпіль)	Sumska	Yampilskyi	51.9088	33.7846
41209	Імшана	Sumska	Yampilskyi	51.9088	33.7846
41209	Діброва (Імшана)	Sumska	Yampilskyi	51.9088	33.7846
41209	Окіп (Імшана)	Sumska	Yampilskyi	51.9088	33.7846
41210	Степне	Sumska	Yampilskyi	52.0979	33.7355
41210	Феофілівка (Степне)	Sumska	Yampilskyi	52.0979	33.7355
41210	Майське (Степне)	Sumska	Yampilskyi	52.0979	33.7355
41211	Шатрище	Sumska	Yampilskyi	52.0222	33.6838
41211	Деражня (Шатрище)	Sumska	Yampilskyi	52.0222	33.6838
41211	Папірня (Шатрище)	Sumska	Yampilskyi	52.0222	33.6838
41211	Скобичівське (Шатрище)	Sumska	Yampilskyi	52.0222	33.6838
41212	Антонівка	Sumska	Yampilskyi	52.0026	33.5882
41212	Лісне (Антонівка)	Sumska	Yampilskyi	52.0026	33.5882
41213	Дорошівка	Sumska	Yampilskyi	52.0301	33.8597
41213	Косинське (Дорошівка)	Sumska	Yampilskyi	52.0301	33.8597
41213	Палащенкове (Дорошівка)	Sumska	Yampilskyi	52.0301	33.8597
41213	Василець (Дорошівка)	Sumska	Yampilskyi	52.0301	33.8597
41213	Романькове (Дорошівка)	Sumska	Yampilskyi	52.0301	33.8597
41213	Дорошенкове (Дорошівка)	Sumska	Yampilskyi	52.0301	33.8597
41214	Білиця	Sumska	Yampilskyi	52.0062	33.7652
41214	Базелівщина (Білицька)	Sumska	Yampilskyi	52.0062	33.7652
41214	Олександрівське (Білицька)	Sumska	Yampilskyi	52.0062	33.7652
41220	Дружба	Sumska	Yampilskyi	52.0454	33.9452
41220	Довжик (Дружба)	Sumska	Yampilskyi	52.0454	33.9452
41223	Чуйківка	Sumska	Yampilskyi	52.031	34.0019
41223	Об'єднане (Чуйківська)	Sumska	Yampilskyi	52.031	34.0019
41223	Микитське (Чуйківська)	Sumska	Yampilskyi	52.031	34.0019
41223	Бугор (Чуйківка)	Sumska	Yampilskyi	52.031	34.0019
41224	Марчихина Буда	Sumska	Yampilskyi	51.9601	34.0604
41224	Руденка (Мар -Буда)	Sumska	Yampilskyi	51.9601	34.0604
41224	Радіонівка (Мар -Буда)	Sumska	Yampilskyi	51.9601	34.0604
41224	Ломленка (Мар-Буда)	Sumska	Yampilskyi	51.9601	34.0604
41224	Дем'янівка (Мар.-Буда)	Sumska	Yampilskyi	51.9601	34.0604
41226	Свеса	Sumska	Yampilskyi	51.9523	33.9357
41230	Усок	Sumska	Yampilskyi	51.9087	33.6833
41231	Паліївка	Sumska	Yampilskyi	51.9198	33.6438
41240	Шевченкове (Орлівка)	Sumska	Yampilskyi	51.9403	33.8876
41240	Орлівка	Sumska	Yampilskyi	51.9403	33.8876
41240	Ржане (Орлівка)	Sumska	Yampilskyi	51.9403	33.8876
41241	Микитівка	Sumska	Yampilskyi	51.9089	33.9758
41241	Зелена Діброва (Микитівка)	Sumska	Yampilskyi	51.8958	33.9809
41241	Зорине	Sumska	Yampilskyi	51.8826	33.986
41242	Воздвиженське	Sumska	Yampilskyi	51.8667	33.861
41242	Сороковий клин (Воздвиженська)	Sumska	Yampilskyi	51.8667	33.861
41242	Рождественське (Воздвиженська)	Sumska	Yampilskyi	51.8667	33.861
41242	Говорунове (Воздвиженська)	Sumska	Yampilskyi	51.8667	33.861
41243	Грем'ячка	Sumska	Yampilskyi	51.8548	33.8078
41243	Туранівка (Гре'ячка)	Sumska	Yampilskyi	51.8548	33.8078
41243	Олине (Грем'ячка)	Sumska	Yampilskyi	51.8548	33.8078
41244	Орлів яр	Sumska	Yampilskyi	51.8378	34.0801
41244	Веселий гай (Княжичі)	Sumska	Yampilskyi	51.8722	34.0826
41244	Степанівка	Sumska	Yampilskyi	51.8941	34.1036
41244	Княжичі	Sumska	Yampilskyi	51.8846	34.0641
41244	Гирине (Княжичі)	Sumska	Yampilskyi	51.8722	34.0826
41300	Кролевець	Sumska	Krolevetskyi	51.5478	33.3848
41301	Срібровщина	Sumska	Krolevetskyi	51.536	33.4627
41301	Боцманів	Sumska	Krolevetskyi	51.5378	33.2945
41301	Безкровне	Sumska	Krolevetskyi	51.5163	33.4814
41301	Соломашине	Sumska	Krolevetskyi	51.5143	33.4913
41301	Кролевець	Sumska	Krolevetskyi	51.5478	33.3848
41304	Кролевець	Sumska	Krolevetskyi	51.5478	33.3848
41304	Артюхове	Sumska	Krolevetskyi	51.5944	33.3723
41304	Сажалки	Sumska	Krolevetskyi	51.6229	33.3598
41304	Ніжинське	Sumska	Krolevetskyi	51.5883	33.3723
41317	Заріччя	Sumska	Krolevetskyi	51.6839	33.3519
41317	Пиротчине	Sumska	Krolevetskyi	51.7161	33.4377
41317	Піонерське	Sumska	Krolevetskyi	51.6513	33.2832
41317	Гречкине	Sumska	Krolevetskyi	51.7026	33.3999
41317	Дідівщина	Sumska	Krolevetskyi	51.6566	33.3911
41320	Тулиголове	Sumska	Krolevetskyi	51.595	33.6595
41321	Дубовичі	Sumska	Krolevetskyi	51.6338	33.57
41323	Медведеве	Sumska	Krolevetskyi	51.6462	33.3378
41323	Перемога	Sumska	Krolevetskyi	51.7014	33.502
41323	Луч	Sumska	Krolevetskyi	51.6393	33.4295
41323	Хрещатик	Sumska	Krolevetskyi	51.6398	33.366
41323	Воронцове	Sumska	Krolevetskyi	51.6732	33.4607
41323	Пасіка	Sumska	Krolevetskyi	51.6453	33.4121
41323	Васильківщина	Sumska	Krolevetskyi	51.6906	33.4345
41323	Білогриве	Sumska	Krolevetskyi	51.6592	33.4361
41323	Шлях	Sumska	Krolevetskyi	51.6605	33.4578
41324	Мостище	Sumska	Krolevetskyi	51.5906	33.4055
41324	Грузьке	Sumska	Krolevetskyi	51.6096	33.4367
41324	Тарасівка	Sumska	Krolevetskyi	51.6285	33.4678
41330	Бистрик	Sumska	Krolevetskyi	51.5709	33.5449
41330	Папкине	Sumska	Krolevetskyi	51.5823	33.5162
41330	Ковбасине	Sumska	Krolevetskyi	51.5797	33.5534
41330	Марухи	Sumska	Krolevetskyi	51.5806	33.5303
41330	Ретик	Sumska	Krolevetskyi	51.5945	33.5091
41330	Прогрес	Sumska	Krolevetskyi	51.5453	33.5452
41330	Червона Гірка	Sumska	Krolevetskyi	51.5721	33.4791
41331	Ярославець	Sumska	Krolevetskyi	51.5428	33.6637
41331	Покровське	Sumska	Krolevetskyi	51.5221	33.694
41332	Новоселиця	Sumska	Krolevetskyi	51.5112	33.7482
41332	Зазірки	Sumska	Krolevetskyi	51.4821	33.6895
41332	Калашинівка	Sumska	Krolevetskyi	51.5085	33.6818
41334	Литвиновичі	Sumska	Krolevetskyi	51.413	33.6792
41334	Антонівка	Sumska	Krolevetskyi	51.426	33.7438
41335	Воргол	Sumska	Krolevetskyi	51.437	33.6987
41336	Локня	Sumska	Krolevetskyi	51.4825	33.5604
41337	Загорівка	Sumska	Krolevetskyi	51.5234	33.5079
41337	Ярове	Sumska	Krolevetskyi	51.5187	33.5783
41340	Губарівщина	Sumska	Krolevetskyi	51.6428	33.2685
41340	Погоріловка	Sumska	Krolevetskyi	51.6301	33.2391
41340	Обтове	Sumska	Krolevetskyi	51.6173	33.2098
41343	Реутинці	Sumska	Krolevetskyi	51.5851	33.2866
41343	Грибаньове	Sumska	Krolevetskyi	51.6187	33.3295
41344	Терехове	Sumska	Krolevetskyi	51.5062	33.2278
41344	Добротове	Sumska	Krolevetskyi	51.5406	33.2083
41346	Майорівка	Sumska	Krolevetskyi	51.485	33.2598
41346	Алтинівка	Sumska	Krolevetskyi	51.4539	33.1833
41350	Камінь	Sumska	Krolevetskyi	51.405	33.5825
41350	Морозівка	Sumska	Krolevetskyi	51.4247	33.578
41350	Заруддя	Sumska	Krolevetskyi	51.4444	33.5735
41351	Мутин	Sumska	Krolevetskyi	51.4225	33.484
41352	Веселі Гори	Sumska	Krolevetskyi	51.4707	33.3457
41352	Божок	Sumska	Krolevetskyi	51.4432	33.3541
41352	Заболотове	Sumska	Krolevetskyi	51.4157	33.3626
41353	Отрохове	Sumska	Krolevetskyi	51.4871	33.471
41353	Хоменкове	Sumska	Krolevetskyi	51.5046	33.4747
41353	Свидня	Sumska	Krolevetskyi	51.5037	33.4421
41353	Неровнине	Sumska	Krolevetskyi	51.4967	33.3935
41353	Горохове	Sumska	Krolevetskyi	51.4764	33.4927
41353	Кубахове	Sumska	Krolevetskyi	51.49	33.4911
41353	Буйвалове	Sumska	Krolevetskyi	51.4929	33.4169
41353	Кащенкове	Sumska	Krolevetskyi	51.4949	33.4874
41353	Миколаєнкове	Sumska	Krolevetskyi	51.4833	33.4214
41353	Жабкине	Sumska	Krolevetskyi	51.4827	33.4913
41353	Мирне	Sumska	Krolevetskyi	51.4829	33.3907
41354	Спаське	Sumska	Krolevetskyi	51.0819	34.65
41354	Лапшине	Sumska	Krolevetskyi	51.4932	33.3228
41355	Любитове	Sumska	Krolevetskyi	51.3822	33.249
41400	Годунівка	Sumska	Hlukhivskyi	51.7409	33.9503
41400	Сліпород	Sumska	Hlukhivskyi	51.7096	33.9333
41400	Глухів	Sumska	Hlukhivskyi	51.6782	33.9162
41404	Глухів	Sumska	Hlukhivskyi	51.6782	33.9162
41410	Баранівка	Sumska	Hlukhivskyi	51.9219	34.1846
41410	Муравейня	Sumska	Hlukhivskyi	51.9061	34.1975
41410	Фотовиж	Sumska	Hlukhivskyi	51.8889	34.1948
41411	Товстодубове	Sumska	Hlukhivskyi	51.8514	34.2451
41411	Бачівськ	Sumska	Hlukhivskyi	51.8449	34.2759
41412	Потапівка	Sumska	Hlukhivskyi	51.8241	34.4082
41412	Сопич	Sumska	Hlukhivskyi	51.8503	34.3608
41414	Пустогород	Sumska	Hlukhivskyi	51.8488	34.1318
41414	Смолине	Sumska	Hlukhivskyi	51.8713	34.1462
41414	Ходуня	Sumska	Hlukhivskyi	51.8532	34.0956
41414	Смикарівка	Sumska	Hlukhivskyi	51.8707	34.1204
41415	Мала Слобідка	Sumska	Hlukhivskyi	51.8233	34.2439
41415	Вільна Слобода	Sumska	Hlukhivskyi	51.8152	34.2141
41420	Суходіл	Sumska	Hlukhivskyi	51.7844	34.2557
41420	Кореньок	Sumska	Hlukhivskyi	51.7964	34.3205
41420	Тополя	Sumska	Hlukhivskyi	50.5331	32.4039
41421	Яструбщина	Sumska	Hlukhivskyi	51.7447	34.2606
41422	Сидорівка	Sumska	Hlukhivskyi	51.724	34.4195
41422	Уланове	Sumska	Hlukhivskyi	51.7554	34.3011
41422	Біла Береза	Sumska	Hlukhivskyi	51.7275	34.3462
41423	Комарівка	Sumska	Hlukhivskyi	51.717	34.2981
41426	Кучерівка	Sumska	Hlukhivskyi	51.7295	34.1866
41426	Вишеньки	Sumska	Hlukhivskyi	51.7365	34.203
41426	Харківка	Sumska	Hlukhivskyi	51.7024	34.2442
41430	Первомайське	Sumska	Hlukhivskyi	51.8194	34.0269
41431	Нарбутівка	Sumska	Hlukhivskyi	51.8653	34.0003
41431	Масензівка	Sumska	Hlukhivskyi	51.8501	34.025
41431	Есмань (Первомайська сільська рада)	Sumska	Hlukhivskyi	51.8577	34.0126
41431	1-Травня	Sumska	Hlukhivskyi	51.8577	34.0126
41432	Лужки	Sumska	Hlukhivskyi	51.7701	34.0673
41432	Хотминівка	Sumska	Hlukhivskyi	51.7431	33.9831
41432	Есмань (Есманська селищна рада)	Sumska	Hlukhivskyi	51.7566	34.0252
41435	Горіле	Sumska	Hlukhivskyi	51.8082	33.9453
41435	Клочківка	Sumska	Hlukhivskyi	51.782	33.9695
41436	Долина	Sumska	Hlukhivskyi	51.7897	33.7568
41436	Слоут	Sumska	Hlukhivskyi	51.7585	33.7931
41437	Шакутівщина	Sumska	Hlukhivskyi	51.811	33.8736
41437	Іващенкове	Sumska	Hlukhivskyi	51.8031	33.8412
41437	Береза	Sumska	Hlukhivskyi	51.7383	33.8681
41437	Кривенкове	Sumska	Hlukhivskyi	51.7816	33.8779
41440	Москаленки	Sumska	Hlukhivskyi	51.7205	34.01
41440	Привілля	Sumska	Hlukhivskyi	51.7064	34.0175
41441	Студенок	Sumska	Hlukhivskyi	51.692	34.1256
41442	Соснівка	Sumska	Hlukhivskyi	51.6285	34.0545
41443	Катеринівка	Sumska	Hlukhivskyi	51.6557	34.0911
41444	Старикове	Sumska	Hlukhivskyi	51.6192	34.1413
41445	Сваркове	Sumska	Hlukhivskyi	51.6206	34.0295
41446	Будівельне	Sumska	Hlukhivskyi	51.6813	34.0603
41446	Білокопитове	Sumska	Hlukhivskyi	51.6693	34.0659
41446	Заруцьке	Sumska	Hlukhivskyi	51.6568	34.0266
41450	Гута	Sumska	Hlukhivskyi	51.743	33.6286
41450	Кушкине	Sumska	Hlukhivskyi	51.7119	33.539
41450	Землянка	Sumska	Hlukhivskyi	51.6953	33.6255
41451	Шевченкове	Sumska	Hlukhivskyi	51.6827	33.6786
41452	Полошки	Sumska	Hlukhivskyi	51.6392	33.808
41453	Обложки	Sumska	Hlukhivskyi	51.6332	33.7566
41454	Калюжне	Sumska	Hlukhivskyi	51.5978	33.9425
41454	Кравченкове	Sumska	Hlukhivskyi	51.6099	33.948
41454	Іонине	Sumska	Hlukhivskyi	51.5722	33.9028
41454	Семенівка	Sumska	Hlukhivskyi	51.5942	33.8768
41455	Некрасове	Sumska	Hlukhivskyi	51.6236	33.8681
41456	Дунаєць	Sumska	Hlukhivskyi	51.5823	33.8094
41456	Сутиски	Sumska	Hlukhivskyi	51.5477	33.7688
41456	Щебри	Sumska	Hlukhivskyi	51.6074	33.7814
41460	Перемога	Sumska	Hlukhivskyi	51.7014	33.502
41461	Черневе	Sumska	Hlukhivskyi	51.5837	34.0115
41462	Будища	Sumska	Hlukhivskyi	51.5003	33.8987
41462	Вікторове	Sumska	Hlukhivskyi	51.5153	33.8895
41462	Мацкове	Sumska	Hlukhivskyi	51.4805	33.8958
41462	Баничі	Sumska	Hlukhivskyi	51.5052	33.9108
41463	Уздиця	Sumska	Hlukhivskyi	51.541	33.8284
41470	Шалигине	Sumska	Hlukhivskyi	51.5717	34.1217
41470	Ємадикине	Sumska	Hlukhivskyi	51.5286	34.1604
41476	Вовківка	Sumska	Hlukhivskyi	51.5144	34.2586
41476	Ходине	Sumska	Hlukhivskyi	51.5215	34.2189
41476	Гудове	Sumska	Hlukhivskyi	51.5363	34.1744
41500	Путивль	Sumska	Putyvlskyi	51.3374	33.8707
41501	Пруди	Sumska	Putyvlskyi	51.3266	33.7967
41501	Селезнівка	Sumska	Putyvlskyi	51.3362	33.8141
41503	Стара Шарпівка	Sumska	Putyvlskyi	51.4102	33.7196
41503	Іванівське	Sumska	Putyvlskyi	51.3964	33.7774
41503	Нова Шарпівка	Sumska	Putyvlskyi	51.394	33.7528
41503	Яцине	Sumska	Putyvlskyi	51.4192	33.7587
41506	Бобине	Sumska	Putyvlskyi	51.3554	33.8967
41506	Пищикове	Sumska	Putyvlskyi	51.3757	33.8722
41506	Плахівка	Sumska	Putyvlskyi	51.3738	33.9087
41506	Товченикове	Sumska	Putyvlskyi	51.3485	33.9174
41507	Спадщина	Sumska	Putyvlskyi	51.3427	33.7358
41507	Зозулине	Sumska	Putyvlskyi	51.3704	33.7877
41507	Кардаші	Sumska	Putyvlskyi	51.3525	33.7827
41507	Сафонівка	Sumska	Putyvlskyi	51.3277	33.7535
41507	Красне	Sumska	Putyvlskyi	51.3178	33.722
41508	Голубкове	Sumska	Putyvlskyi	51.3697	33.8113
41508	Суворове	Sumska	Putyvlskyi	51.3871	33.8369
41508	Плотникове	Sumska	Putyvlskyi	51.384	33.8541
41508	Іллінське	Sumska	Putyvlskyi	51.3768	33.8308
41508	Чорнобривкине	Sumska	Putyvlskyi	51.3555	33.8205
41508	Трудове	Sumska	Putyvlskyi	51.3826	33.8109
41510	Щербинівка	Sumska	Putyvlskyi	51.4416	33.7681
41510	Волокитине	Sumska	Putyvlskyi	51.4593	33.812
41511	Кубареве	Sumska	Putyvlskyi	51.4817	33.8791
41511	Кочерги	Sumska	Putyvlskyi	51.4666	33.8672
41512	Котівка	Sumska	Putyvlskyi	51.4093	33.9301
41512	Роща	Sumska	Putyvlskyi	51.4272	33.9584
41512	В'ятка	Sumska	Putyvlskyi	51.4588	33.9692
41512	Окіп	Sumska	Putyvlskyi	51.4666	33.9494
41512	В'язенка	Sumska	Putyvlskyi	51.4309	33.9111
41512	Ховзівка	Sumska	Putyvlskyi	51.4449	33.9819
41512	Вегерівка	Sumska	Putyvlskyi	51.4141	33.9515
41513	Кагань	Sumska	Putyvlskyi	51.4464	33.8198
41513	Стрільники	Sumska	Putyvlskyi	51.4479	33.8339
41513	Ротівка	Sumska	Putyvlskyi	51.4494	33.848
41520	Шулешівка	Sumska	Putyvlskyi	51.4654	33.9901
41520	Веселе	Sumska	Putyvlskyi	51.5017	34.0341
41521	Мишутине	Sumska	Putyvlskyi	51.5125	34.1744
41521	Рев'якине	Sumska	Putyvlskyi	51.4852	34.1048
41522	Малушине	Sumska	Putyvlskyi	51.4849	34.2229
41522	Козаче	Sumska	Putyvlskyi	51.4699	34.2039
41522	Сімейкине	Sumska	Putyvlskyi	51.4539	34.169
41525	Уцькове	Sumska	Putyvlskyi	51.4356	34.1333
41525	Мачулища	Sumska	Putyvlskyi	51.4294	34.1072
41525	Вощинине	Sumska	Putyvlskyi	51.4286	34.0614
41526	Руднєве	Sumska	Putyvlskyi	51.4229	34.0028
41530	Свобода	Sumska	Putyvlskyi	51.3731	34.1854
41530	Нова Слобода	Sumska	Putyvlskyi	51.3782	34.1333
41530	Партизанське	Sumska	Putyvlskyi	51.3272	34.1818
41531	Линове	Sumska	Putyvlskyi	51.3242	34.063
41532	Соловйове	Sumska	Putyvlskyi	51.3544	33.9777
41532	Новослобідське	Sumska	Putyvlskyi	51.3611	33.9369
41532	Воронівка	Sumska	Putyvlskyi	51.3829	34.0185
41532	Мазівка	Sumska	Putyvlskyi	51.3736	34.0039
41532	Почепці	Sumska	Putyvlskyi	51.3667	33.9667
41532	Оріхівка	Sumska	Putyvlskyi	51.3869	33.9687
41533	Гірки	Sumska	Putyvlskyi	51.3692	34.3045
41533	Бруски	Sumska	Putyvlskyi	51.4056	34.1993
41533	Бувалине	Sumska	Putyvlskyi	51.3998	34.153
41533	Бунякине	Sumska	Putyvlskyi	51.3625	34.2307
41540	Корольки	Sumska	Putyvlskyi	51.3121	33.8214
41540	Зарічне	Sumska	Putyvlskyi	51.0874	34.3268
41541	Скуносове	Sumska	Putyvlskyi	51.2969	33.8525
41543	Князівка	Sumska	Putyvlskyi	51.3235	33.9482
41543	Мінакове	Sumska	Putyvlskyi	51.3194	33.9156
41543	Сиром'ятникове	Sumska	Putyvlskyi	51.3417	33.9276
41543	Нові Гончари	Sumska	Putyvlskyi	51.3013	33.9671
41543	Сахарове	Sumska	Putyvlskyi	51.3148	33.9275
41544	Ширяєве	Sumska	Putyvlskyi	51.3122	33.9819
41544	Старі Гончари	Sumska	Putyvlskyi	51.2975	33.9876
41545	Харівка	Sumska	Putyvlskyi	51.2826	33.8941
41545	Латишівка	Sumska	Putyvlskyi	51.3069	33.902
41545	Сонцеве	Sumska	Putyvlskyi	51.2945	33.9304
41545	Білогалиця	Sumska	Putyvlskyi	51.2759	33.9451
41545	Зінове	Sumska	Putyvlskyi	51.2644	33.9123
41545	Пішкове	Sumska	Putyvlskyi	51.298	33.9183
41545	Курдюмове	Sumska	Putyvlskyi	51.2913	33.9476
41545	Пересипки	Sumska	Putyvlskyi	51.2375	33.922
41545	Щекино	Sumska	Putyvlskyi	51.2814	33.9215
41546	Чаплищі	Sumska	Putyvlskyi	51.2099	33.9863
41546	Червоне Озеро	Sumska	Putyvlskyi	51.25	33.95
41546	Козлівка	Sumska	Putyvlskyi	51.2329	34.0136
41546	Жари	Sumska	Putyvlskyi	51.2598	33.9744
41550	Юр'єве	Sumska	Putyvlskyi	51.2945	34.0916
41551	Волинцівське	Sumska	Putyvlskyi	51.274	34.0102
41551	Волинцеве	Sumska	Putyvlskyi	51.2586	34.0322
41552	Дорошівка	Sumska	Putyvlskyi	51.3089	34.2418
41552	Бояро-Лежачі	Sumska	Putyvlskyi	51.271	34.2089
41552	Рівне	Sumska	Putyvlskyi	51.3133	34.2246
41552	Кружок	Sumska	Putyvlskyi	51.3017	34.2021
41553	Іванівка	Sumska	Putyvlskyi	51.2603	34.1094
41553	Манухівка	Sumska	Putyvlskyi	51.2518	34.1586
41600	Конотоп	Sumska	Konotopskyi	51.2403	33.2026
41601	Конотоп	Sumska	Konotopskyi	51.2403	33.2026
41602	Конотоп	Sumska	Konotopskyi	51.2403	33.2026
41605	Конотоп	Sumska	Konotopskyi	51.2403	33.2026
41606	Конотоп	Sumska	Konotopskyi	51.2403	33.2026
41607	Конотоп	Sumska	Konotopskyi	51.2403	33.2026
41608	Конотоп	Sumska	Konotopskyi	51.2403	33.2026
41612	Конотоп	Sumska	Konotopskyi	51.2403	33.2026
41615	Сарнавщина	Sumska	Konotopskyi	51.2844	33.2135
41615	Конотоп	Sumska	Konotopskyi	51.2403	33.2026
41626	Лобківка	Sumska	Konotopskyi	51.2111	33.2845
41626	Підлипне	Sumska	Konotopskyi	51.198	33.2116
41627	Селище	Sumska	Konotopskyi	51.2868	33.1075
41627	Попівка	Sumska	Konotopskyi	51.2194	33.1155
41628	Тулушка	Sumska	Konotopskyi	51.194	32.9982
41630	Лисогубівка	Sumska	Konotopskyi	51.3191	33.1646
41630	Таранське	Sumska	Konotopskyi	51.3167	33.1244
41630	Вирівка	Sumska	Konotopskyi	51.276	33.1549
41630	Питомник	Sumska	Konotopskyi	51.2404	33.163
41631	Заводське	Sumska	Konotopskyi	50.3367	35.1522
41632	Новоселівка	Sumska	Konotopskyi	51.268	33.3024
41632	Раки	Sumska	Konotopskyi	51.2694	33.259
41632	Кузьки	Sumska	Konotopskyi	51.2913	33.2898
41633	Гути	Sumska	Konotopskyi	51.3099	33.327
41634	Жолдаки	Sumska	Konotopskyi	51.3911	33.3396
41635	Бочечки	Sumska	Konotopskyi	51.3004	33.4152
41636	Сахни	Sumska	Konotopskyi	51.268	33.3515
41636	Бондарі	Sumska	Konotopskyi	51.2791	33.3296
41636	Савойське	Sumska	Konotopskyi	51.2735	33.3405
41640	Мельня	Sumska	Konotopskyi	51.3477	33.0975
41640	Новомутин	Sumska	Konotopskyi	51.3952	33.4608
41642	Калишенкове	Sumska	Konotopskyi	51.4034	33.171
41642	Озаричі	Sumska	Konotopskyi	51.3486	33.2043
41642	Чорноплатове	Sumska	Konotopskyi	51.3798	33.1746
41642	Присеймів'я	Sumska	Konotopskyi	51.3728	33.1846
41642	Залізничне	Sumska	Konotopskyi	51.3682	33.1569
41642	Нове	Sumska	Konotopskyi	51.3638	33.2163
41642	Мар'янівка	Sumska	Konotopskyi	51.3728	33.1846
41643	Хижки	Sumska	Konotopskyi	51.3647	33.5865
41644	Анютине	Sumska	Konotopskyi	51.2537	33.614
41644	Щекінське	Sumska	Konotopskyi	51.3048	33.4576
41644	Козацьке	Sumska	Konotopskyi	51.2793	33.5358
41645	Прилужжя	Sumska	Konotopskyi	51.3895	33.5
41645	Вовчик	Sumska	Konotopskyi	51.353	33.4656
41646	Духанівка	Sumska	Konotopskyi	51.3185	33.6136
41647	Бережне	Sumska	Konotopskyi	51.2494	33.5651
41650	Совинка	Sumska	Konotopskyi	51.2223	33.3678
41650	Жигайлівка	Sumska	Konotopskyi	51.2116	33.3414
41650	Червоний Яр	Sumska	Konotopskyi	51.2272	33.4314
41650	В'язове	Sumska	Konotopskyi	51.2204	33.3802
41651	Грузьке	Sumska	Konotopskyi	51.1588	33.4103
41652	Дубинка	Sumska	Konotopskyi	51.2047	33.4672
41653	Землянка	Sumska	Konotopskyi	51.1813	33.5455
41654	Рокитне	Sumska	Konotopskyi	51.1278	33.4536
41654	Салтикове	Sumska	Konotopskyi	51.1544	33.467
41654	Білоусівка	Sumska	Konotopskyi	51.1659	33.4321
41655	Гамаліївка	Sumska	Konotopskyi	51.1112	33.374
41655	Полтавка	Sumska	Konotopskyi	51.0932	33.3653
41655	Білозерка	Sumska	Konotopskyi	51.1232	33.3231
41655	Тополине	Sumska	Konotopskyi	51.119	33.4092
41655	Дубов'язівка	Sumska	Konotopskyi	51.1382	33.3679
41656	Коханівка	Sumska	Konotopskyi	51.1725	33.2989
41656	Сім'янівка	Sumska	Konotopskyi	51.1606	33.3587
41657	Тернівка	Sumska	Konotopskyi	51.1282	33.562
41660	Шаповалівка	Sumska	Konotopskyi	51.1734	33.1245
41661	Привокзальне	Sumska	Konotopskyi	51.0902	33.1695
41662	Соснівка	Sumska	Konotopskyi	51.1505	33.1066
41662	Вільне	Sumska	Konotopskyi	51.134	33.1695
41663	Малий Самбір	Sumska	Konotopskyi	51.1016	33.0536
41664	Великий Самбір	Sumska	Konotopskyi	51.0581	33.1361
41664	Броди	Sumska	Konotopskyi	51.0789	33.0948
41665	Дептівка	Sumska	Konotopskyi	51.0249	33.124
41666	Андріівське	Sumska	Konotopskyi	51.0245	33.245
41666	Нечаївське	Sumska	Konotopskyi	51.032	33.2602
41666	Кошари	Sumska	Konotopskyi	51.0171	33.2297
41667	Шевченкове	Sumska	Konotopskyi	51.1179	33.2543
41667	Торговиця	Sumska	Konotopskyi	51.1035	33.3112
41668	Заводи	Sumska	Konotopskyi	51.0902	33.1695
41670	Красне	Sumska	Konotopskyi	51.1063	33.4403
41670	Вишневе	Sumska	Konotopskyi	51.0708	33.4954
41670	Лебедєве	Sumska	Konotopskyi	51.0886	33.4678
41671	Капітанівка	Sumska	Konotopskyi	51.0536	33.4022
41671	Курилівка	Sumska	Konotopskyi	50.5534	34.7181
41672	Нехаївка	Sumska	Konotopskyi	51.0371	33.4163
41672	Карабутове	Sumska	Konotopskyi	51.0647	33.3536
41673	Шпотівка	Sumska	Konotopskyi	51.0437	33.4352
41673	Першотравневе	Sumska	Konotopskyi	51.0283	33.4907
41673	Базилівка	Sumska	Konotopskyi	51.036	33.463
41674	Юрівка	Sumska	Konotopskyi	51.0032	33.3875
41675	Пекарі	Sumska	Konotopskyi	51.0099	33.4357
41676	Фесівка	Sumska	Konotopskyi	51.0555	33.306
41676	Михайло-Ганнівка	Sumska	Konotopskyi	51.022	33.3118
41676	Турутине	Sumska	Konotopskyi	51.0274	33.3154
41676	Улянівка	Sumska	Konotopskyi	51.0047	33.3283
41681	Калинівка	Sumska	Konotopskyi	50.823	33.4078
41700	Буринь	Sumska	Burynskyi	51.1991	33.8352
41709	Чумакове	Sumska	Burynskyi	51.224	33.894
41709	Дич	Sumska	Burynskyi	51.2539	33.8605
41709	Червона Слобода	Sumska	Burynskyi	51.2249	33.8512
41710	Гвинтове	Sumska	Burynskyi	51.28	33.6848
41710	Нечаївка	Sumska	Burynskyi	51.3078	33.671
41710	Шевченкове	Sumska	Burynskyi	51.2738	33.7388
41710	Коновалове	Sumska	Burynskyi	51.2467	33.692
41713	Олександрівка	Sumska	Burynskyi	51.2345	33.7449
41714	Слобода	Sumska	Burynskyi	51.1981	33.607
41715	Леонтіївка	Sumska	Burynskyi	51.1452	33.6316
41717	Степанівка	Sumska	Burynskyi	51.1853	33.726
41717	Чалищівка	Sumska	Burynskyi	51.1688	33.7372
41720	Піски	Sumska	Burynskyi	51.2184	34.0607
41720	Новий мир	Sumska	Burynskyi	51.1923	34.0959
41723	Клепали	Sumska	Burynskyi	51.1907	33.9545
41723	Ігорівка	Sumska	Burynskyi	51.2077	33.9239
41724	Кошарське	Sumska	Burynskyi	51.1478	34.0878
41724	Дяківка	Sumska	Burynskyi	51.1771	34.0247
41724	Сапушине	Sumska	Burynskyi	51.135	34.0661
41724	Гатка	Sumska	Burynskyi	51.1604	34.0768
41724	Копилове	Sumska	Burynskyi	51.1546	34.055
41724	Шпокалка	Sumska	Burynskyi	51.1525	34.0198
41730	Темне	Sumska	Burynskyi	51.1306	33.8682
41730	Нова Олександрівка	Sumska	Burynskyi	51.1247	33.9699
41730	Бондарі	Sumska	Burynskyi	51.1492	33.849
41730	Михайлівка	Sumska	Burynskyi	51.1454	33.8948
41732	Успенка	Sumska	Burynskyi	51.1241	33.7306
41733	Верхня Сагарівка	Sumska	Burynskyi	51.0751	33.7731
41734	Вікторинівка	Sumska	Burynskyi	51.1405	33.8299
41734	Воскресенка	Sumska	Burynskyi	51.1094	33.8045
41736	Миколаївка	Sumska	Burynskyi	51.0921	33.9021
41737	Бошівка	Sumska	Burynskyi	51.0726	33.9772
41740	Чернеча Слобода	Sumska	Burynskyi	51.0767	33.6101
41742	Коренівка	Sumska	Burynskyi	51.1091	33.6279
41742	Сорочинське	Sumska	Burynskyi	51.1261	33.6282
41742	Болотівка	Sumska	Burynskyi	51.0478	33.7305
41742	Сорока	Sumska	Burynskyi	51.0969	33.6358
41742	Вознесенка	Sumska	Burynskyi	51.0728	33.6916
41745	Бурики	Sumska	Burynskyi	51.0416	33.599
41745	Романчукове	Sumska	Burynskyi	51.0567	33.5397
41746	Шкуматове	Sumska	Burynskyi	50.9608	33.6274
41746	Харченки	Sumska	Burynskyi	51.016	33.5501
41746	Хустянка	Sumska	Burynskyi	50.996	33.6162
41746	Ярове	Sumska	Burynskyi	50.9824	33.5726
41750	Нотаріусівка	Sumska	Burynskyi	51.0637	33.787
41750	Жуківка	Sumska	Burynskyi	51.0542	33.8324
41750	Кубракове	Sumska	Burynskyi	51.0409	33.8682
41752	Нижня Сагарівка	Sumska	Burynskyi	51.0167	33.9
41752	Дмитрівка	Sumska	Burynskyi	51.031	33.8467
41752	Суховерхівка	Sumska	Burynskyi	51.0093	33.8727
41752	Атаманське	Sumska	Burynskyi	51.0056	33.8083
41753	Черепівка	Sumska	Burynskyi	51.0475	33.9029
41753	Карпенкове	Sumska	Burynskyi	51.0738	33.9135
41760	Пасьовини	Sumska	Burynskyi	50.981	33.7037
41760	Молодівка	Sumska	Burynskyi	50.9905	33.6908
41760	Вишневий Яр	Sumska	Burynskyi	51.0095	33.6587
41760	Сніжки	Sumska	Burynskyi	51.0243	33.677
41762	Голуби	Sumska	Burynskyi	50.9863	33.8223
41762	Біжівка	Sumska	Burynskyi	51.003	33.7635
41762	Тимофіївка	Sumska	Burynskyi	51.0181	33.788
41800	Коваленки	Sumska	Bilopilskyi	51.1112	34.3152
41800	Білопілля	Sumska	Bilopilskyi	51.1502	34.3129
41800	Перемога	Sumska	Bilopilskyi	51.1065	34.3767
41800	Сохани	Sumska	Bilopilskyi	51.1946	34.3236
41802	Білопілля	Sumska	Bilopilskyi	51.1502	34.3129
41811	Череватівка	Sumska	Bilopilskyi	51.1643	34.1657
41811	Бабаківка	Sumska	Bilopilskyi	51.18	34.1392
41811	Безсалівка	Sumska	Bilopilskyi	51.265	34.3926
41811	Ворожба	Sumska	Bilopilskyi	51.1733	34.2192
41816	Шкуратівка	Sumska	Bilopilskyi	51.1347	34.1735
41816	Нагірнівка	Sumska	Bilopilskyi	51.1152	34.1971
41816	Цимбалівка	Sumska	Bilopilskyi	51.1263	34.2285
41817	Нові Вирки	Sumska	Bilopilskyi	51.2219	34.1698
41817	Старі Вирки	Sumska	Bilopilskyi	51.2218	34.2166
41820	Рижівка	Sumska	Bilopilskyi	51.2527	34.2489
41820	Стукалівка	Sumska	Bilopilskyi	51.2093	34.2886
41820	Атинське	Sumska	Bilopilskyi	51.2188	34.2689
41821	Соляники	Sumska	Bilopilskyi	51.2148	34.3734
41821	Іскрисківщина	Sumska	Bilopilskyi	51.2388	34.3839
41821	Будки	Sumska	Bilopilskyi	51.2344	34.3333
41821	Голишівське	Sumska	Bilopilskyi	51.2311	34.3029
41821	Гиріне	Sumska	Bilopilskyi	51.1861	34.3461
41821	Новоіванівка	Sumska	Bilopilskyi	51.204	34.3794
41822	Мирлоги	Sumska	Bilopilskyi	51.1965	34.5326
41822	Катеринівка	Sumska	Bilopilskyi	51.2121	34.5637
41822	Мелячиха	Sumska	Bilopilskyi	51.2024	34.5293
41822	Павлівка	Sumska	Bilopilskyi	51.1987	34.4915
41823	Нескучне	Sumska	Bilopilskyi	51.2544	34.4239
41823	Рогізне	Sumska	Bilopilskyi	51.2556	34.4516
41823	Волфине	Sumska	Bilopilskyi	51.2414	34.4617
41823	Шпиль	Sumska	Bilopilskyi	51.2505	34.4457
41825	Макіївка	Sumska	Bilopilskyi	51.2353	34.5925
41825	Ободи	Sumska	Bilopilskyi	51.2224	34.6275
41825	Дігтярне	Sumska	Bilopilskyi	51.2087	34.649
41830	Гуринівка	Sumska	Bilopilskyi	51.1598	34.4172
41830	Степанівка	Sumska	Bilopilskyi	51.1514	34.4619
41830	Олексенки	Sumska	Bilopilskyi	51.1729	34.445
41830	Василівщина	Sumska	Bilopilskyi	51.1477	34.4051
41830	Мороча	Sumska	Bilopilskyi	51.1408	34.4459
41830	Мар'янівка	Sumska	Bilopilskyi	51.1658	34.4303
41830	Кисла Дубина	Sumska	Bilopilskyi	51.207	34.4289
41830	Бубликове	Sumska	Bilopilskyi	51.1711	34.4297
41830	Кандибине	Sumska	Bilopilskyi	51.1756	34.409
41832	Баїха	Sumska	Bilopilskyi	51.0977	34.5488
41832	Річки	Sumska	Bilopilskyi	51.1211	34.4815
41833	Горобівка	Sumska	Bilopilskyi	51.0839	34.3637
41833	Біловишневе	Sumska	Bilopilskyi	51.092	34.3501
41833	Безсокирне	Sumska	Bilopilskyi	51.0705	34.3483
41833	Максимовщина	Sumska	Bilopilskyi	51.0821	34.354
41833	Омельченки	Sumska	Bilopilskyi	51.0821	34.354
41835	Крижик	Sumska	Bilopilskyi	51.1245	34.1218
41835	Воронине	Sumska	Bilopilskyi	51.1014	34.1308
41835	Кальченки	Sumska	Bilopilskyi	51.0974	34.1481
41835	Червоне	Sumska	Bilopilskyi	51.108	34.0927
41840	Дудченки	Sumska	Bilopilskyi	51.0648	34.3194
41840	Зарічне	Sumska	Bilopilskyi	51.0874	34.3268
41840	Янченки	Sumska	Bilopilskyi	51.1091	34.2632
41840	Штанівка	Sumska	Bilopilskyi	51.0767	34.3102
41840	Воронівка	Sumska	Bilopilskyi	51.1002	34.2889
41842	Москаленки	Sumska	Bilopilskyi	51.0753	34.2745
41842	Куянівка	Sumska	Bilopilskyi	51.0688	34.19
41843	Павлівське	Sumska	Bilopilskyi	51.0739	34.1132
41843	Миколаївка Тернівська	Sumska	Bilopilskyi	51.0772	34.0417
41843	Новопетрівка	Sumska	Bilopilskyi	51.0663	34.1391
41843	Гезівка	Sumska	Bilopilskyi	51.061	34.0391
41843	Сергіївка	Sumska	Bilopilskyi	51.0582	34.0985
41843	Ганнівське	Sumska	Bilopilskyi	51.0442	34.0603
41846	Котенки	Sumska	Bilopilskyi	51.0416	34.3392
41846	Смоляниківка	Sumska	Bilopilskyi	51.0496	34.3056
41846	Ганнівка-Вирівська	Sumska	Bilopilskyi	51.0283	34.2944
41850	Кравченкове	Sumska	Bilopilskyi	51.0591	34.4083
41850	Головачі	Sumska	Bilopilskyi	51.0679	34.4153
41850	Вири	Sumska	Bilopilskyi	51.0345	34.414
41850	Барило	Sumska	Bilopilskyi	51.0652	34.4551
41851	Бутовщина	Sumska	Bilopilskyi	50.973	34.4409
41851	Амбари	Sumska	Bilopilskyi	51.0024	34.4563
41851	Білани	Sumska	Bilopilskyi	51.0158	34.3814
41852	Синяк	Sumska	Bilopilskyi	51.0539	34.5022
41852	Зелене	Sumska	Bilopilskyi	50.9083	33.9195
41852	Коршачина	Sumska	Bilopilskyi	51.0206	34.4747
41854	Пащенкове	Sumska	Bilopilskyi	50.9741	34.382
41854	Бутовщина	Sumska	Bilopilskyi	50.973	34.4409
41854	Аркавське	Sumska	Bilopilskyi	50.9681	34.4743
41854	Павленкове	Sumska	Bilopilskyi	50.7526	34.3338
41854	Зоряне	Sumska	Bilopilskyi	50.9485	34.4303
41854	Калинівка	Sumska	Bilopilskyi	50.9329	34.4699
41854	Шевченківка	Sumska	Bilopilskyi	50.9926	34.4403
41854	Жолобок	Sumska	Bilopilskyi	50.9329	34.4341
41854	Тімірязівка	Sumska	Bilopilskyi	50.9485	34.4303
41854	Стрільцеве	Sumska	Bilopilskyi	50.9835	34.3837
41854	Гостине	Sumska	Bilopilskyi	50.9485	34.4303
41854	Веселе	Sumska	Bilopilskyi	50.9222	34.3356
41854	Сушилине	Sumska	Bilopilskyi	50.914	34.4067
41854	Самара	Sumska	Bilopilskyi	50.9808	34.396
41854	Миколаївка	Sumska	Bilopilskyi	51.0553	34.6668
41856	Улянівка	Sumska	Bilopilskyi	50.9746	34.295
41856	Бакша	Sumska	Bilopilskyi	50.9366	34.2844
41857	Тучне	Sumska	Bilopilskyi	50.9568	34.2175
41857	Олександрівка	Sumska	Bilopilskyi	50.9346	34.2294
41858	Піщане	Sumska	Bilopilskyi	50.9523	34.0701
41858	Руда	Sumska	Bilopilskyi	50.7776	34.3264
41858	Бобрик	Sumska	Bilopilskyi	50.9636	34.1222
41860	Ганнівка-Тернівська	Sumska	Bilopilskyi	51.0252	34.0871
41860	Йосипове	Sumska	Bilopilskyi	51.0311	34.1369
41860	Біликівка	Sumska	Bilopilskyi	50.9907	34.1146
41860	Лідине	Sumska	Bilopilskyi	50.9884	34.1748
41860	Черванівка	Sumska	Bilopilskyi	51.0436	34.1496
41860	Супрунівка	Sumska	Bilopilskyi	51.0081	34.1257
41860	Першотравневе	Sumska	Bilopilskyi	50.9898	34.1548
41860	Садове	Sumska	Bilopilskyi	51.001	34.1819
41862	Новоандріївка	Sumska	Bilopilskyi	51.0094	34.2205
41862	Терещенки	Sumska	Bilopilskyi	51.0197	34.1944
41862	Руденкове	Sumska	Bilopilskyi	51.0244	34.1823
41870	Товста	Sumska	Bilopilskyi	50.9017	34.1383
41870	Комарицьке	Sumska	Bilopilskyi	50.9216	34.189
41872	Верхосулка	Sumska	Bilopilskyi	50.8459	34.2444
41872	Лохня	Sumska	Bilopilskyi	50.828	34.2353
41872	Машарі	Sumska	Bilopilskyi	50.8852	34.2648
41872	Валіївка	Sumska	Bilopilskyi	50.8358	34.2627
41872	Курасове	Sumska	Bilopilskyi	50.8933	34.2775
41872	Сульське	Sumska	Bilopilskyi	50.8594	34.2828
41872	Мукіївка	Sumska	Bilopilskyi	50.8243	34.2787
41874	Птиче	Sumska	Bilopilskyi	50.8556	34.3635
41874	Болотишине	Sumska	Bilopilskyi	50.8574	34.3533
41874	Луциківка	Sumska	Bilopilskyi	50.8592	34.3431
41875	Марківка	Sumska	Bilopilskyi	50.869	34.4039
41875	Перше Травня	Sumska	Bilopilskyi	50.8669	34.4481
41875	Рудка	Sumska	Bilopilskyi	50.7776	34.3264
42000	Олексіївка	Sumska	Romenskyi	50.6604	33.5972
42000	Ромни	Sumska	Romenskyi	50.751	33.4747
42000	Малярівщина	Sumska	Romenskyi	50.6658	33.5786
42000	Галенкове	Sumska	Romenskyi	50.7156	33.6148
42000	Левондівка	Sumska	Romenskyi	50.6441	33.5709
42000	Яковенкове	Sumska	Romenskyi	50.7222	33.6357
42000	Степурине	Sumska	Romenskyi	50.6873	33.682
42000	Колісникове	Sumska	Romenskyi	50.7109	33.584
42001	Ромни	Sumska	Romenskyi	50.751	33.4747
42004	Герасимівка	Sumska	Romenskyi	50.7543	33.5339
42004	Ромни	Sumska	Romenskyi	50.751	33.4747
42005	Лучки	Sumska	Romenskyi	50.7872	33.4832
42005	Борозенка	Sumska	Romenskyi	50.8043	33.4919
42005	Ромни	Sumska	Romenskyi	50.751	33.4747
42006	Ромни	Sumska	Romenskyi	50.751	33.4747
42007	Ромни	Sumska	Romenskyi	50.751	33.4747
42009	Ромни	Sumska	Romenskyi	50.751	33.4747
42010	Ромни	Sumska	Romenskyi	50.751	33.4747
42020	Шилівське	Sumska	Romenskyi	50.7363	33.6199
42020	Загребелля	Sumska	Romenskyi	50.7888	33.5608
42020	Пустовійтівка	Sumska	Romenskyi	50.7811	33.5734
42020	Скрипалі	Sumska	Romenskyi	50.7452	33.6404
42022	Вовківці	Sumska	Romenskyi	50.7933	33.6255
42023	Зінове	Sumska	Romenskyi	50.7593	33.6791
42023	Правдюки	Sumska	Romenskyi	50.7795	33.6737
42024	Сененкове	Sumska	Romenskyi	50.8048	33.5558
42024	Кононенкове	Sumska	Romenskyi	50.8068	33.538
42024	Плавинище	Sumska	Romenskyi	50.7731	33.5347
42025	Левченки	Sumska	Romenskyi	50.7419	33.3697
42025	Кропивинці	Sumska	Romenskyi	50.7291	33.3343
42026	Довгополівка	Sumska	Romenskyi	50.7609	33.3577
42027	Москівщина	Sumska	Romenskyi	50.7692	33.5433
42027	Овлаші	Sumska	Romenskyi	50.7692	33.5433
42030	Сулими	Sumska	Romenskyi	50.9517	33.4883
42031	Коновали	Sumska	Romenskyi	50.9762	33.4962
42032	Дзеркалька	Sumska	Romenskyi	50.9487	33.4417
42032	Хрещатик	Sumska	Romenskyi	50.9312	33.3251
42032	Федотове	Sumska	Romenskyi	50.9464	33.3563
42032	Діброва	Sumska	Romenskyi	50.9344	33.4112
42032	Косарівщина	Sumska	Romenskyi	50.9602	33.285
42032	Авраменкове	Sumska	Romenskyi	50.9129	33.389
42032	Володимирівка	Sumska	Romenskyi	50.954	33.3743
42033	Сміле	Sumska	Romenskyi	50.926	33.585
42033	Червоне	Sumska	Romenskyi	50.8674	33.5694
42034	Хмелів	Sumska	Romenskyi	50.8934	33.4828
42034	Заклимок	Sumska	Romenskyi	50.8722	33.5246
42035	Заріччя	Sumska	Romenskyi	50.8383	33.597
42035	Велика Бутівка	Sumska	Romenskyi	50.8513	33.549
42035	Пшінчине	Sumska	Romenskyi	50.8244	33.5763
42035	Басівка	Sumska	Romenskyi	50.842	33.5808
42035	Бесарабка	Sumska	Romenskyi	50.839	33.5758
42036	Гаї	Sumska	Romenskyi	50.8287	33.518
42037	Заїзд	Sumska	Romenskyi	50.8649	33.2886
42037	Великі Бубни	Sumska	Romenskyi	50.8456	33.2649
42038	Вощилиха	Sumska	Romenskyi	50.8217	33.6357
42040	Галка	Sumska	Romenskyi	50.9169	33.2321
42040	Плужникове	Sumska	Romenskyi	50.9599	33.2138
42041	Великі Будки	Sumska	Romenskyi	50.8079	33.6005
42041	Залуцьке	Sumska	Romenskyi	50.7919	33.5918
42042	Посад	Sumska	Romenskyi	50.8784	33.2308
42043	Матлахове	Sumska	Romenskyi	50.8186	33.2237
42044	Рогинці	Sumska	Romenskyi	50.8529	33.3572
42045	Ведмеже	Sumska	Romenskyi	50.8911	33.2686
42046	Миколаївка	Sumska	Romenskyi	50.8033	33.4276
42046	Горове	Sumska	Romenskyi	50.8341	33.4597
42047	Калинівка	Sumska	Romenskyi	50.823	33.4078
42048	Житне	Sumska	Romenskyi	50.7878	33.4237
42048	Погреби	Sumska	Romenskyi	50.8085	33.3966
42050	Ріпки	Sumska	Romenskyi	50.809	33.3219
42050	В'юнне	Sumska	Romenskyi	50.8275	33.3683
42051	Мокіївка	Sumska	Romenskyi	50.836	33.3149
42052	Чижикове	Sumska	Romenskyi	50.8002	33.2204
42052	Гаврилівка	Sumska	Romenskyi	50.8002	33.2204
42053	Салогубівка	Sumska	Romenskyi	50.7878	33.3319
42053	Ненадієвка	Sumska	Romenskyi	50.7878	33.3319
42054	Королівщина	Sumska	Romenskyi	50.7962	33.1912
42054	Миколаївське	Sumska	Romenskyi	50.7962	33.1912
42055	Малі Бубни	Sumska	Romenskyi	50.7272	33.2797
42056	Бацмани	Sumska	Romenskyi	50.7568	33.3015
42060	Хоминці	Sumska	Romenskyi	50.6403	33.2271
42061	Локня	Sumska	Romenskyi	50.7019	33.1847
42061	Дубина	Sumska	Romenskyi	51.2047	33.4672
42062	Шумське	Sumska	Romenskyi	50.6554	33.3602
42062	Артюхівка	Sumska	Romenskyi	50.6691	33.3014
42062	Лісківщина	Sumska	Romenskyi	50.6803	33.228
42063	Піски	Sumska	Romenskyi	50.6896	33.4698
42063	Зеленівщина	Sumska	Romenskyi	50.6942	33.4314
42063	Садове	Sumska	Romenskyi	50.6881	33.4228
42063	Коржі	Sumska	Romenskyi	50.7051	33.4015
42064	Ярмолинці	Sumska	Romenskyi	50.7022	33.3443
42065	Попівка	Sumska	Romenskyi	50.6767	33.4185
42065	Біловод	Sumska	Romenskyi	50.6699	33.4646
42066	Москалівка	Sumska	Romenskyi	50.6604	33.3856
42070	Лукашове	Sumska	Romenskyi	50.6232	33.5405
42070	Новокалинівка	Sumska	Romenskyi	50.6391	33.5459
42070	Бобрик	Sumska	Romenskyi	50.6779	33.5099
42070	Біловодське	Sumska	Romenskyi	50.6457	33.4723
42070	Веселий Степ	Sumska	Romenskyi	50.6236	33.5076
42070	Марківське	Sumska	Romenskyi	50.6325	33.482
42071	Погожа Криниця	Sumska	Romenskyi	50.7047	33.6745
42072	Велике	Sumska	Romenskyi	50.6838	33.7304
42072	Мале	Sumska	Romenskyi	50.7409	33.7072
42072	Червоногвардійське	Sumska	Romenskyi	50.7121	33.7271
42072	Заруддя	Sumska	Romenskyi	50.7117	33.7436
42073	Савойське	Sumska	Romenskyi	50.6753	33.5976
42073	Перехрестівка	Sumska	Romenskyi	50.6753	33.5976
42074	Кашпури	Sumska	Romenskyi	50.6517	33.664
42074	Бойкове	Sumska	Romenskyi	50.6472	33.641
42074	Кузьменкове	Sumska	Romenskyi	50.6716	33.6597
42074	Зюзюки	Sumska	Romenskyi	50.6697	33.677
42075	Анастасівка	Sumska	Romenskyi	50.582	33.5593
42075	Новопетрівка	Sumska	Romenskyi	50.5808	33.5198
42076	Закубанка	Sumska	Romenskyi	50.5992	33.6206
42076	Саханське	Sumska	Romenskyi	50.5839	33.6274
42076	Попівщина	Sumska	Romenskyi	50.6114	33.6053
42076	Якимовичі	Sumska	Romenskyi	50.6159	33.5585
42076	Світівщина	Sumska	Romenskyi	50.6319	33.5976
42077	Василівка	Sumska	Romenskyi	50.5165	33.4588
42077	Братське	Sumska	Romenskyi	50.5384	33.4557
42077	Чисте	Sumska	Romenskyi	50.5456	33.434
42078	Андріївка	Sumska	Romenskyi	50.5151	33.5185
42078	Холодник	Sumska	Romenskyi	50.533	33.5674
42080	Волошнівка	Sumska	Romenskyi	50.5995	33.1807
42081	Глинськ	Sumska	Romenskyi	50.6187	33.3198
42081	Сурмачівка	Sumska	Romenskyi	50.6281	33.3757
42082	Чеберяки	Sumska	Romenskyi	50.5812	33.2874
42083	Бурбине	Sumska	Romenskyi	50.5893	33.4518
42083	Перекопівка	Sumska	Romenskyi	50.6181	33.4167
42083	Губське	Sumska	Romenskyi	50.6037	33.4343
42084	Ярошівка	Sumska	Romenskyi	50.5682	33.1925
42085	Залатиха	Sumska	Romenskyi	50.5408	33.0882
42085	Нова Гребля	Sumska	Romenskyi	50.5495	33.2125
42086	Голінка	Sumska	Romenskyi	50.526	33.2227
42087	Андріяшівка	Sumska	Romenskyi	50.5706	33.361
42087	Мельники	Sumska	Romenskyi	50.5847	33.3608
42087	Луценкове	Sumska	Romenskyi	50.5096	33.4181
42087	Новицьке	Sumska	Romenskyi	50.5022	33.3933
42088	Гудими	Sumska	Romenskyi	50.5702	33.3165
42100	Луки	Sumska	Nedryhailivskyi	50.8232	33.9574
42100	Голубці	Sumska	Nedryhailivskyi	50.8201	33.8315
42100	Вакулки	Sumska	Nedryhailivskyi	50.8282	33.934
42100	Недригайлів	Sumska	Nedryhailivskyi	50.834	33.8763
42100	Лахнівщина	Sumska	Nedryhailivskyi	50.7313	33.8548
42107	Дігтярка	Sumska	Nedryhailivskyi	50.8594	33.9762
42107	Кулішівка	Sumska	Nedryhailivskyi	50.8696	33.8341
42107	Цибуленки	Sumska	Nedryhailivskyi	50.8468	33.9564
42107	Бродок	Sumska	Nedryhailivskyi	50.8568	33.8512
42107	Баба	Sumska	Nedryhailivskyi	50.8887	33.9079
42107	Терешки	Sumska	Nedryhailivskyi	50.8614	33.91
42107	Дремове	Sumska	Nedryhailivskyi	50.8617	33.9273
42107	Засулля	Sumska	Nedryhailivskyi	50.847	33.893
42107	Берізки	Sumska	Nedryhailivskyi	50.8811	33.9294
42107	Холодний Яр	Sumska	Nedryhailivskyi	50.8696	33.9812
42107	Кореневе (Засульська сільрада)	Sumska	Nedryhailivskyi	50.8642	33.9167
42110	Холодне	Sumska	Nedryhailivskyi	50.94	34.0207
42110	Шматове	Sumska	Nedryhailivskyi	50.9631	33.872
42110	Долина	Sumska	Nedryhailivskyi	50.9557	33.9674
42110	Терни	Sumska	Nedryhailivskyi	50.9892	33.9707
42110	Гострий Шпиль	Sumska	Nedryhailivskyi	51.0113	33.941
42110	Мазне	Sumska	Nedryhailivskyi	50.9579	33.8917
42110	Озерне	Sumska	Nedryhailivskyi	50.9819	33.8768
42110	Черепивка	Sumska	Nedryhailivskyi	51.0475	33.9029
42110	Чемоданівка	Sumska	Nedryhailivskyi	50.9509	33.9163
42110	Володимирівка	Sumska	Nedryhailivskyi	50.9952	34.0494
42110	Бабакове	Sumska	Nedryhailivskyi	50.9477	34.0112
42110	Ківшик	Sumska	Nedryhailivskyi	51.0164	33.969
42120	Іваниця	Sumska	Nedryhailivskyi	50.9123	33.9835
42120	Клин	Sumska	Nedryhailivskyi	50.8871	33.9506
42120	Зелене	Sumska	Nedryhailivskyi	50.9083	33.9195
42123	Городище	Sumska	Nedryhailivskyi	50.9294	34.0162
42123	Деркачівка	Sumska	Nedryhailivskyi	50.908	34.0261
42124	Великі Будки	Sumska	Nedryhailivskyi	50.8803	34.0363
42125	Сороколітове	Sumska	Nedryhailivskyi	50.847	34.1607
42125	Зеленківка	Sumska	Nedryhailivskyi	50.8548	34.1003
42126	Комишанка	Sumska	Nedryhailivskyi	50.8412	34.1475
42126	Лікарівщина	Sumska	Nedryhailivskyi	50.7985	34.1016
42126	Мірки	Sumska	Nedryhailivskyi	50.796	34.1249
42126	П'ятидуб	Sumska	Nedryhailivskyi	50.8179	34.1214
42126	Кушніри	Sumska	Nedryhailivskyi	50.8359	34.1118
42127	Шаповалове	Sumska	Nedryhailivskyi	50.7694	33.9957
42127	Вільшана	Sumska	Nedryhailivskyi	50.8206	34.0223
42127	Віхове	Sumska	Nedryhailivskyi	50.8278	33.9705
42127	Філонове	Sumska	Nedryhailivskyi	50.8438	34.06
42127	Немудруї	Sumska	Nedryhailivskyi	50.7604	34.013
42127	Пушкарщина	Sumska	Nedryhailivskyi	50.7899	33.9762
42127	Фартушино	Sumska	Nedryhailivskyi	50.7701	34.0313
42127	Реви	Sumska	Nedryhailivskyi	50.8308	34.0957
42127	Весногірське	Sumska	Nedryhailivskyi	50.811	34.0937
42127	Білоярське	Sumska	Nedryhailivskyi	50.7806	34.0081
42130	Спартак	Sumska	Nedryhailivskyi	50.9189	33.8498
42130	Дараганове	Sumska	Nedryhailivskyi	50.9076	33.8979
42130	Омелькове	Sumska	Nedryhailivskyi	50.9615	33.8086
42130	Біж	Sumska	Nedryhailivskyi	50.974	33.8329
42130	Хоружівка	Sumska	Nedryhailivskyi	50.909	33.8137
42130	Лаврове	Sumska	Nedryhailivskyi	50.956	33.8519
42132	Гринівка	Sumska	Nedryhailivskyi	50.9153	33.7098
42132	Якименки	Sumska	Nedryhailivskyi	50.9434	33.6853
42132	Нелени	Sumska	Nedryhailivskyi	50.9531	33.695
42133	Маршали	Sumska	Nedryhailivskyi	50.9728	33.7512
42133	Польове	Sumska	Nedryhailivskyi	50.9586	33.7411
42134	Томашівка	Sumska	Nedryhailivskyi	50.9055	33.647
42135	Беседівка	Sumska	Nedryhailivskyi	50.8917	33.7367
42136	Косенки	Sumska	Nedryhailivskyi	50.8699	33.6718
42136	Коротище	Sumska	Nedryhailivskyi	50.8681	33.654
42136	Закроївщина	Sumska	Nedryhailivskyi	50.8663	33.6362
42137	Костянтинів	Sumska	Nedryhailivskyi	50.8513	33.7971
42137	Курмани	Sumska	Nedryhailivskyi	50.8328	33.7858
42137	Березняки	Sumska	Nedryhailivskyi	50.8374	33.8181
42140	Юхти	Sumska	Nedryhailivskyi	50.7609	33.7757
42140	Зелений Гай	Sumska	Nedryhailivskyi	50.7576	33.7397
42140	Соснівка	Sumska	Nedryhailivskyi	51.1505	33.1066
42140	Тютюнникове	Sumska	Nedryhailivskyi	50.7679	33.8197
42140	Дігтярівка	Sumska	Nedryhailivskyi	50.812	33.7138
42140	Гай	Sumska	Nedryhailivskyi	50.8178	33.7021
42140	Тимошенкове	Sumska	Nedryhailivskyi	50.8231	33.6831
42140	Бороданове	Sumska	Nedryhailivskyi	50.7694	33.7322
42140	Перекір	Sumska	Nedryhailivskyi	50.8231	33.6831
42140	Мухувате	Sumska	Nedryhailivskyi	50.7617	33.7999
42140	Коровинці	Sumska	Nedryhailivskyi	50.8103	33.7581
42141	Ракова Січ	Sumska	Nedryhailivskyi	50.8304	33.7184
42141	Малі Будки	Sumska	Nedryhailivskyi	50.8553	33.7263
42142	Сакуниха	Sumska	Nedryhailivskyi	50.7665	33.8761
42143	Перетічки	Sumska	Nedryhailivskyi	50.7455	33.8603
42143	Велика Діброва	Sumska	Nedryhailivskyi	50.7455	33.8603
42144	Овеча	Sumska	Nedryhailivskyi	50.7392	33.7912
42144	Рубанка	Sumska	Nedryhailivskyi	50.7191	33.787
42145	Червона Слобода	Sumska	Nedryhailivskyi	50.7406	33.962
42145	Мелешківка	Sumska	Nedryhailivskyi	50.766	33.98
42145	Горькове	Sumska	Nedryhailivskyi	50.7216	33.9994
42146	Саєве	Sumska	Nedryhailivskyi	50.7539	34.1369
42146	Тимченки	Sumska	Nedryhailivskyi	50.7742	34.0869
42146	Хорол	Sumska	Nedryhailivskyi	50.7394	34.0569
42146	Козельне	Sumska	Nedryhailivskyi	50.7482	34.0892
42200	Лебедин	Sumska	Lebedynskyi	50.5852	34.4849
42200	Олексенкове	Sumska	Lebedynskyi	50.5732	34.5561
42200	Куданівка (Лебедин)	Sumska	Lebedynskyi	50.5792	34.5205
42201	Лебедин	Sumska	Lebedynskyi	50.5852	34.4849
42202	Лебедин	Sumska	Lebedynskyi	50.5852	34.4849
42203	Лебедин	Sumska	Lebedynskyi	50.5852	34.4849
42215	Токарі	Sumska	Lebedynskyi	50.6635	34.4821
42216	Червлене	Sumska	Lebedynskyi	50.5822	34.3644
42216	Чижове	Sumska	Lebedynskyi	50.6011	34.2779
42216	Грушеве	Sumska	Lebedynskyi	50.5824	34.2701
42216	Новоселівка	Sumska	Lebedynskyi	50.5935	34.2714
42217	Лозово-Грушеве	Sumska	Lebedynskyi	50.6564	34.295
42217	Плетньове	Sumska	Lebedynskyi	50.6313	34.3244
42217	Олександрівка	Sumska	Lebedynskyi	50.6308	34.2586
42217	Курган	Sumska	Lebedynskyi	50.6195	34.3742
42217	Кулики	Sumska	Lebedynskyi	50.6308	34.4137
42218	Михайлівка	Sumska	Lebedynskyi	50.6597	34.4172
42219	Байрак	Sumska	Lebedynskyi	50.6683	34.33
42219	Степне	Sumska	Lebedynskyi	50.6762	34.2722
42219	Шумили	Sumska	Lebedynskyi	50.7015	34.3458
42219	Парфили	Sumska	Lebedynskyi	50.6997	34.3672
42219	Першотравневе	Sumska	Lebedynskyi	50.6855	34.33
42220	Новопетрівка	Sumska	Lebedynskyi	50.827	34.2134
42220	Гутницьке	Sumska	Lebedynskyi	50.8228	34.3715
42220	Штепівка	Sumska	Lebedynskyi	50.7961	34.3416
42220	Руда	Sumska	Lebedynskyi	50.7776	34.3264
42221	Грамине	Sumska	Lebedynskyi	50.8191	34.4392
42221	Коломийці	Sumska	Lebedynskyi	50.7712	34.4137
42221	Голубівка	Sumska	Lebedynskyi	50.7998	34.419
42221	Маньки	Sumska	Lebedynskyi	50.7589	34.4868
42221	Федірки	Sumska	Lebedynskyi	50.7575	34.4732
42221	Сіробабине	Sumska	Lebedynskyi	50.7733	34.4521
42221	Деркачі	Sumska	Lebedynskyi	50.786	34.4279
42221	Філонівщина	Sumska	Lebedynskyi	50.7994	34.4622
42223	Підсулля	Sumska	Lebedynskyi	50.8359	34.1838
42223	Протопопівщина	Sumska	Lebedynskyi	50.771	34.28
42223	Мирне	Sumska	Lebedynskyi	50.6758	34.1381
42223	Дружне	Sumska	Lebedynskyi	50.7714	34.1889
42223	Яснопілля	Sumska	Lebedynskyi	50.7783	34.2236
42223	Миронівщина	Sumska	Lebedynskyi	50.7783	34.299
42223	Дмитрівка	Sumska	Lebedynskyi	50.796	34.1713
42223	Ключинівка	Sumska	Lebedynskyi	50.7878	34.2681
42223	Гринцеве	Sumska	Lebedynskyi	50.783	34.2387
42223	Гамаліївка	Sumska	Lebedynskyi	50.8057	34.2442
42224	Букати	Sumska	Lebedynskyi	50.7556	34.4138
42224	Марусенкове	Sumska	Lebedynskyi	50.7453	34.3982
42224	Бойки	Sumska	Lebedynskyi	50.7358	34.3983
42224	Мартинці	Sumska	Lebedynskyi	50.7675	34.3631
42224	Павленкове	Sumska	Lebedynskyi	50.7526	34.3338
42224	Слобода	Sumska	Lebedynskyi	51.1981	33.607
42224	Дігтярі	Sumska	Lebedynskyi	50.7608	34.37
42226	Сіренки	Sumska	Lebedynskyi	50.7266	34.3193
42226	Падалки	Sumska	Lebedynskyi	50.7211	34.36
42226	Підопригори	Sumska	Lebedynskyi	50.7417	34.2983
42226	Грицини	Sumska	Lebedynskyi	50.7378	34.3334
42226	Майдаки	Sumska	Lebedynskyi	50.7134	34.3439
42226	Галушки	Sumska	Lebedynskyi	50.7183	34.315
42227	Олексіївка	Sumska	Lebedynskyi	50.7178	34.2317
42227	Степове	Sumska	Lebedynskyi	50.7325	34.2139
42227	Катеринівка	Sumska	Lebedynskyi	50.7333	34.25
42227	Грунь	Sumska	Lebedynskyi	50.7325	34.2139
42227	Великі Луки	Sumska	Lebedynskyi	50.7464	34.16
42230	Межиріч	Sumska	Lebedynskyi	50.6997	34.4869
42230	Гостробури	Sumska	Lebedynskyi	50.7635	34.5105
42231	Василівка	Sumska	Lebedynskyi	50.6621	34.1853
42231	Мирне	Sumska	Lebedynskyi	50.6758	34.1381
42231	Новосільське	Sumska	Lebedynskyi	50.6549	34.2353
42231	Помірки	Sumska	Lebedynskyi	50.7007	34.1236
42232	Пристайлове	Sumska	Lebedynskyi	50.5433	34.3334
42232	Гірки	Sumska	Lebedynskyi	50.5725	34.3409
42232	Шевченкове	Sumska	Lebedynskyi	50.559	34.2543
42232	Барабашівка	Sumska	Lebedynskyi	50.5561	34.3738
42233	Чернишки	Sumska	Lebedynskyi	50.489	34.2961
42233	Кам'яне	Sumska	Lebedynskyi	50.489	34.2961
42234	Зелений Гай	Sumska	Lebedynskyi	50.5239	34.2928
42234	Боброве	Sumska	Lebedynskyi	50.492	34.3339
42235	Пашкине	Sumska	Lebedynskyi	50.4002	34.3748
42235	Московський Бобрик	Sumska	Lebedynskyi	50.4221	34.3497
42235	Березів Яр	Sumska	Lebedynskyi	50.4143	34.4173
42235	Влізьки	Sumska	Lebedynskyi	50.3941	34.441
42236	Бурівка	Sumska	Lebedynskyi	50.4134	34.4766
42236	Семенівка	Sumska	Lebedynskyi	50.4354	34.4955
42236	Боровенька	Sumska	Lebedynskyi	50.4667	34.4093
42238	Селище	Sumska	Lebedynskyi	50.5048	34.3604
42238	Дремлюги	Sumska	Lebedynskyi	50.5227	34.4517
42238	Софіївка	Sumska	Lebedynskyi	50.4692	34.5073
42238	Куличка	Sumska	Lebedynskyi	50.4949	34.4801
42238	Будилка	Sumska	Lebedynskyi	50.4923	34.427
42238	Грабці	Sumska	Lebedynskyi	50.459	34.4883
42238	Гарбарі	Sumska	Lebedynskyi	50.5385	34.4482
42240	Хилькове	Sumska	Lebedynskyi	50.7712	34.574
42240	Лифине	Sumska	Lebedynskyi	50.7592	34.549
42240	Ворожба	Sumska	Lebedynskyi	50.7055	34.6426
42240	Даценківка	Sumska	Lebedynskyi	50.6739	34.6233
42240	Червоне	Sumska	Lebedynskyi	50.7628	34.5538
42240	Лободівщина	Sumska	Lebedynskyi	50.7386	34.5592
42240	Пісківка	Sumska	Lebedynskyi	50.7362	34.6525
42240	Патріотівка	Sumska	Lebedynskyi	50.713	34.6993
42240	Кердилівщина	Sumska	Lebedynskyi	50.6821	34.6854
42240	Ступки	Sumska	Lebedynskyi	50.6886	34.6325
42240	Басівщина	Sumska	Lebedynskyi	50.7225	34.6252
42240	Валки	Sumska	Lebedynskyi	50.7785	34.646
42240	Старонове	Sumska	Lebedynskyi	50.6608	34.6842
42242	Великий Вистороп	Sumska	Lebedynskyi	50.6957	34.7935
42242	Переліски	Sumska	Lebedynskyi	50.6432	34.726
42242	Супруни	Sumska	Lebedynskyi	50.668	34.8014
42243	Малий Вистороп	Sumska	Lebedynskyi	50.6337	34.8054
42243	Залізничне	Sumska	Lebedynskyi	50.6582	34.876
42244	Панченки	Sumska	Lebedynskyi	50.5872	34.7644
42244	Гарбузівка	Sumska	Lebedynskyi	50.5913	34.7404
42244	Харченки	Sumska	Lebedynskyi	50.5902	34.7601
42244	Стеблянки	Sumska	Lebedynskyi	50.6007	34.7724
42244	Ситники	Sumska	Lebedynskyi	50.6132	34.736
42244	Яроші	Sumska	Lebedynskyi	50.5833	34.7168
42244	Караван	Sumska	Lebedynskyi	50.6071	34.7133
42244	Савенки	Sumska	Lebedynskyi	50.5986	34.7382
42245	Бишкінь	Sumska	Lebedynskyi	50.6324	34.6251
42245	Ревки	Sumska	Lebedynskyi	50.6216	34.6874
42245	Щетини	Sumska	Lebedynskyi	50.6189	34.7065
42245	Овдянське	Sumska	Lebedynskyi	50.5928	34.6685
42250	Вільшанка	Sumska	Lebedynskyi	50.5452	34.6831
42250	Рябушки	Sumska	Lebedynskyi	50.5523	34.6154
42250	Костів	Sumska	Lebedynskyi	50.5157	34.6722
42250	Північне	Sumska	Lebedynskyi	50.571	34.6828
42250	Курилівка	Sumska	Lebedynskyi	50.5534	34.7181
42253	Ляшки	Sumska	Lebedynskyi	50.5153	34.5978
42253	Забуги	Sumska	Lebedynskyi	50.4868	34.5556
42253	Гудимівка	Sumska	Lebedynskyi	50.5095	34.5352
42253	Вершина	Sumska	Lebedynskyi	50.5044	34.6053
42253	Черемухівка	Sumska	Lebedynskyi	50.4767	34.596
42253	Топчії	Sumska	Lebedynskyi	50.4912	34.5045
42253	Корчани	Sumska	Lebedynskyi	50.5194	34.6121
42253	Калюжне	Sumska	Lebedynskyi	50.5014	34.5587
42253	Радчуки	Sumska	Lebedynskyi	50.4787	34.533
42253	Тригуби	Sumska	Lebedynskyi	50.5094	34.6125
42253	Чернецьке	Sumska	Lebedynskyi	50.4993	34.5711
42301	Васюківщина	Sumska	Sumskyi	50.976	34.6718
42301	Соколине	Sumska	Sumskyi	51.0071	34.6163
42301	Мар'ївка	Sumska	Sumskyi	50.9919	34.6503
42301	Рогізне	Sumska	Sumskyi	51.0024	34.6837
42301	Северинівка	Sumska	Sumskyi	50.9897	34.6653
42301	Линтварівка	Sumska	Sumskyi	50.9843	34.6143
42302	Бурчак	Sumska	Sumskyi	51.0377	34.574
42302	Вербове	Sumska	Sumskyi	51.0429	34.6125
42302	Над'ярне	Sumska	Sumskyi	51.0356	34.5971
42302	Склярівка	Sumska	Sumskyi	51.0227	34.6059
42302	Софіївка	Sumska	Sumskyi	51.0393	34.596
42303	Радьківка	Sumska	Sumskyi	51.0147	34.8318
42303	Стецьківка	Sumska	Sumskyi	51.0036	34.8129
42303	Кардашівка	Sumska	Sumskyi	50.9913	34.7491
42303	Рибці	Sumska	Sumskyi	51.0046	34.8577
42304	Глиняне	Sumska	Sumskyi	50.9553	34.5813
42304	Степанівка	Sumska	Sumskyi	50.9559	34.6058
42305	Степанівка	Sumska	Sumskyi	50.9559	34.6058
42305	Закумське	Sumska	Sumskyi	50.9279	34.6504
42307	Головашівка	Sumska	Sumskyi	50.9703	34.5523
42310	Біловоди	Sumska	Sumskyi	51.1757	34.9765
42310	Водолаги	Sumska	Sumskyi	51.1786	34.9206
42310	Журавка	Sumska	Sumskyi	51.2218	34.9877
42310	Веселівка	Sumska	Sumskyi	51.1978	34.9398
42312	Новеньке	Sumska	Sumskyi	51.2202	35.1054
42312	Басівка	Sumska	Sumskyi	51.1856	35.0877
42313	Локня	Sumska	Sumskyi	51.1483	35.058
42314	Графське	Sumska	Sumskyi	51.1023	34.6086
42314	Діброва	Sumska	Sumskyi	50.8964	35.0019
42314	Бондарівщина	Sumska	Sumskyi	51.1539	34.5839
42314	Яструбине	Sumska	Sumskyi	51.1429	34.6367
42315	Перше Травня	Sumska	Sumskyi	51.1639	34.7172
42315	Кіндратівка	Sumska	Sumskyi	51.1433	34.7734
42315	Костянтинівка	Sumska	Sumskyi	51.1716	34.7686
42315	Степне	Sumska	Sumskyi	50.8926	34.5682
42316	Андріївка	Sumska	Sumskyi	51.1264	34.8252
42316	Новомиколаївка	Sumska	Sumskyi	51.1525	34.9064
42316	Варачине	Sumska	Sumskyi	51.1415	34.926
42316	Володимирівка	Sumska	Sumskyi	51.1749	34.873
42316	Олексіївка	Sumska	Sumskyi	51.1361	34.8682
42317	Юнаківка	Sumska	Sumskyi	51.1221	35.0406
42317	Садки	Sumska	Sumskyi	51.0956	35.0925
42320	Хотінь	Sumska	Sumskyi	51.0811	34.7709
42321	Писарівка	Sumska	Sumskyi	51.074	34.8
42322	Миколаївка	Sumska	Sumskyi	51.0553	34.6668
42322	Спаське	Sumska	Sumskyi	51.0819	34.65
42323	Руднівка	Sumska	Sumskyi	51.0289	34.7401
42323	Кровне	Sumska	Sumskyi	51.0519	34.711
42324	Постольне	Sumska	Sumskyi	51.0237	34.5661
42325	Кекине	Sumska	Sumskyi	51.0725	34.568
42325	Капітанівка	Sumska	Sumskyi	51.0918	34.5847
42326	Степаненкове	Sumska	Sumskyi	50.9877	34.5733
42326	Лікарське	Sumska	Sumskyi	50.9957	34.5321
42330	Могриця	Sumska	Sumskyi	51.0291	35.1131
42331	Пушкарівка	Sumska	Sumskyi	50.9938	34.92
42331	Микільське	Sumska	Sumskyi	51.0283	34.9911
42331	Битиця	Sumska	Sumskyi	51.0092	34.9413
42331	Вакалівщина	Sumska	Sumskyi	51.0278	34.9269
42331	Зелений гай	Sumska	Sumskyi	50.9822	34.8772
42333	Липняк	Sumska	Sumskyi	50.9474	34.8887
42333	Вільшанка	Sumska	Sumskyi	50.9753	34.9869
42333	Велика Чернеччина	Sumska	Sumskyi	50.9546	34.9236
42334	Токарі	Sumska	Sumskyi	50.9179	34.8975
42335	Корчаківка	Sumska	Sumskyi	51.0902	34.8904
42335	Нова Січ	Sumska	Sumskyi	51.0868	34.9197
42335	Храпівщина	Sumska	Sumskyi	51.0794	34.9528
42335	Яблунівка	Sumska	Sumskyi	50.4648	32.1829
42335	Кияниця	Sumska	Sumskyi	51.0681	34.9176
42335	Іволжанське	Sumska	Sumskyi	51.0709	34.8739
42335	Мар'їне	Sumska	Sumskyi	50.9192	35.3776
42335	Мала Корчаківка	Sumska	Sumskyi	50.9685	34.5878
42340	Новомихайлівка	Sumska	Sumskyi	50.9228	34.6206
42340	Миловидівка	Sumska	Sumskyi	50.8962	34.5285
42340	Степне	Sumska	Sumskyi	50.8926	34.5682
42340	Білоусівка	Sumska	Sumskyi	50.9373	34.592
42340	Олександрівка	Sumska	Sumskyi	50.9072	34.6025
42340	Підліснівка	Sumska	Sumskyi	50.9209	34.582
42341	Червоний Кут	Sumska	Sumskyi	50.9375	34.5339
42341	Новосуханівка	Sumska	Sumskyi	50.9109	34.5083
42342	Кононенкове	Sumska	Sumskyi	50.9222	34.6957
42342	Малі Вільми (Косівщинська)	Sumska	Sumskyi	50.911	34.6809
42342	Солідарне	Sumska	Sumskyi	50.9033	34.6407
42342	Косівщина	Sumska	Sumskyi	50.9139	34.7217
42342	Надточієве	Sumska	Sumskyi	50.9047	34.6657
42342	Чернецьке	Sumska	Sumskyi	50.911	34.6809
42343	Шапошникове	Sumska	Sumskyi	50.8369	34.6726
42343	Сад	Sumska	Sumskyi	50.8805	34.7141
42343	Никонці	Sumska	Sumskyi	50.8697	34.6564
42343	Єлисеєнкове	Sumska	Sumskyi	50.8501	34.7043
42343	Ясени	Sumska	Sumskyi	50.8631	34.6863
42343	Любачеве	Sumska	Sumskyi	50.8565	34.7178
42343	Москалівщина	Sumska	Sumskyi	50.8728	34.6858
42344	Буцикове	Sumska	Sumskyi	50.8798	34.496
42344	Терешківка	Sumska	Sumskyi	50.8632	34.5458
42345	Павлючки	Sumska	Sumskyi	50.8419	34.6472
42345	Симонівка	Sumska	Sumskyi	50.8301	34.6168
42345	Великий Яр	Sumska	Sumskyi	50.8295	34.6566
42345	Великі Вільми	Sumska	Sumskyi	50.8416	34.6252
42346	Зелена Роща	Sumska	Sumskyi	50.8033	34.5493
42346	Доценківка	Sumska	Sumskyi	50.7978	34.6061
42346	Сула	Sumska	Sumskyi	50.8139	34.5282
42346	Печище	Sumska	Sumskyi	50.8352	34.5117
42350	Зацарне	Sumska	Sumskyi	50.9039	35.0089
42350	Бездрик	Sumska	Sumskyi	50.8681	34.9512
42350	Червона Діброва	Sumska	Sumskyi	50.8964	35.0019
42351	Новоселиця	Sumska	Sumskyi	50.8374	34.8899
42351	Захарівське	Sumska	Sumskyi	50.8516	34.9839
42351	Верхня Сироватка	Sumska	Sumskyi	50.829	34.9586
42352	Залізняк	Sumska	Sumskyi	50.85	35.0167
42352	Стінка	Sumska	Sumskyi	50.8275	35.0255
42353	Вишневе	Sumska	Sumskyi	50.59	34.8766
42353	Гірне	Sumska	Sumskyi	50.8399	34.7584
42353	Барвінкове	Sumska	Sumskyi	50.8615	34.8194
42353	Старе Село	Sumska	Sumskyi	50.7638	34.8181
42354	Харківщина	Sumska	Sumskyi	50.8036	34.6967
42354	Бровкове	Sumska	Sumskyi	50.821	34.7079
42354	Шпилівка	Sumska	Sumskyi	50.7962	34.6884
42354	Визирівка	Sumska	Sumskyi	50.8212	34.6448
42354	Ополонське	Sumska	Sumskyi	50.8293	34.7228
42354	Облоги	Sumska	Sumskyi	50.784	34.6439
42355	Лугове	Sumska	Sumskyi	48.5535	36.522
42355	Низи	Sumska	Sumskyi	50.7828	34.7844
42356	Нижня Сироватка	Sumska	Sumskyi	50.7746	34.8292
42357	Нижня Сироватка	Sumska	Sumskyi	50.7746	34.8292
42400	Михайлівка	Sumska	Krasnopilskyi	50.7973	35.3192
42400	Земляне	Sumska	Krasnopilskyi	50.6869	35.2939
42400	Краснопілля	Sumska	Krasnopilskyi	50.7746	35.2596
42400	Таратутине	Sumska	Krasnopilskyi	50.7304	35.377
42400	Новодмитрівка	Sumska	Krasnopilskyi	50.7579	35.3837
42407	Михайлівське	Sumska	Krasnopilskyi	50.7494	35.3267
42410	Миропілля	Sumska	Krasnopilskyi	51.023	35.2623
42411	Олександрія	Sumska	Krasnopilskyi	51.0551	35.2855
42411	Миропілля	Sumska	Krasnopilskyi	51.023	35.2623
42417	Запсілля	Sumska	Krasnopilskyi	51.0256	35.2211
42418	Велика Рибиця	Sumska	Krasnopilskyi	51.0099	35.178
42420	Сінне	Sumska	Krasnopilskyi	50.9648	35.0912
42420	Барилівка	Sumska	Krasnopilskyi	50.9926	35.0602
42420	Гнилиця	Sumska	Krasnopilskyi	50.9389	35.1427
42420	Грунівка	Sumska	Krasnopilskyi	50.9943	35.1074
42422	Великий Прикіл	Sumska	Krasnopilskyi	50.9333	35.2537
42422	Мала Рибиця	Sumska	Krasnopilskyi	50.958	35.2216
42424	Марченки	Sumska	Krasnopilskyi	50.9148	35.0829
42424	Осоївка	Sumska	Krasnopilskyi	50.9099	35.1719
42430	Миропільське	Sumska	Krasnopilskyi	50.9417	35.3139
42430	Мар'їне	Sumska	Krasnopilskyi	50.9192	35.3776
42430	Проходи	Sumska	Krasnopilskyi	50.9305	35.3458
42430	Тур'я	Sumska	Krasnopilskyi	50.9305	35.3458
42432	Угроїди	Sumska	Krasnopilskyi	50.8629	35.2782
42432	Петрушівка	Sumska	Krasnopilskyi	50.9029	35.294
42432	Окіп	Sumska	Krasnopilskyi	51.4666	33.9494
42433	Наумівка	Sumska	Krasnopilskyi	50.864	35.2291
42437	Степок	Sumska	Krasnopilskyi	51.3908	34.0281
42437	Покровка	Sumska	Krasnopilskyi	50.8019	35.382
42440	Думівка	Sumska	Krasnopilskyi	50.7823	35.1189
42440	Самотоївка	Sumska	Krasnopilskyi	50.8076	35.152
42440	Воропай	Sumska	Krasnopilskyi	50.8318	35.2114
42441	Хвойне	Sumska	Krasnopilskyi	50.8422	35.0633
42441	Глибне	Sumska	Krasnopilskyi	50.8344	35.0976
42442	Великий Бобрик	Sumska	Krasnopilskyi	50.7677	35.0248
42442	Кам'яне	Sumska	Krasnopilskyi	50.7457	35.0619
42442	Івахнівка	Sumska	Krasnopilskyi	50.7275	35.1279
42442	Малий Бобрик	Sumska	Krasnopilskyi	50.7389	35.0793
42442	Юсупівка	Sumska	Krasnopilskyi	50.7486	35.0157
42444	Виднівка	Sumska	Krasnopilskyi	50.7212	35.164
42444	Чернеччина	Sumska	Krasnopilskyi	50.76	35.1668
42444	Ясенок	Sumska	Krasnopilskyi	50.7016	35.1315
42444	Гапонівка	Sumska	Krasnopilskyi	50.6787	35.1164
42444	Мозкове	Sumska	Krasnopilskyi	50.6793	35.0527
42446	Веселе	Sumska	Krasnopilskyi	50.6878	35.2031
42446	Лозове	Sumska	Krasnopilskyi	50.6578	35.2165
42446	Хмелівка	Sumska	Krasnopilskyi	50.7284	35.2329
42450	Високе	Sumska	Krasnopilskyi	50.2849	35.0291
42450	Грабовське	Sumska	Krasnopilskyi	50.6984	35.4544
42452	Лісне	Sumska	Krasnopilskyi	50.5209	35.0052
42452	Рясне	Sumska	Krasnopilskyi	50.6907	35.3958
42453	Мезенівка	Sumska	Krasnopilskyi	50.6349	35.3134
42453	Ново Олександрівка	Sumska	Krasnopilskyi	50.6349	35.3134
42453	Майське	Sumska	Krasnopilskyi	50.6349	35.3134
42455	Бранцівка	Sumska	Krasnopilskyi	50.6028	35.201
42456	Славгород	Sumska	Krasnopilskyi	50.5885	35.3572
42457	Верхня Пожня	Sumska	Krasnopilskyi	50.5621	35.3529
42457	Порозок	Sumska	Krasnopilskyi	50.562	35.373
42500	Липова Долина	Sumska	Lypovodolynskyi	50.5643	33.7979
42500	Червона Долина	Sumska	Lypovodolynskyi	50.5419	33.8399
42500	Червоногірка	Sumska	Lypovodolynskyi	50.5713	33.6994
42506	Суха Грунь	Sumska	Lypovodolynskyi	50.5497	33.8326
42507	Легуші	Sumska	Lypovodolynskyi	50.5614	33.8865
42507	Веселе	Sumska	Lypovodolynskyi	50.5523	33.8537
42507	Чирвине	Sumska	Lypovodolynskyi	50.5544	33.9303
42507	Галаївець	Sumska	Lypovodolynskyi	50.556	33.8902
42508	Побиванка	Sumska	Lypovodolynskyi	50.5024	33.8206
42510	Новосеменівка	Sumska	Lypovodolynskyi	50.6879	33.9221
42510	Семенівка	Sumska	Lypovodolynskyi	50.7069	33.944
42512	Вовкове	Sumska	Lypovodolynskyi	50.6263	34.066
42512	Беєве	Sumska	Lypovodolynskyi	50.6507	33.9922
42513	Яловий окіп	Sumska	Lypovodolynskyi	50.6741	33.7914
42513	Берестівка	Sumska	Lypovodolynskyi	50.6502	33.8339
42515	Кімличка	Sumska	Lypovodolynskyi	50.6945	33.8691
42516	Панасівка	Sumska	Lypovodolynskyi	50.6182	33.8053
42517	Столярове	Sumska	Lypovodolynskyi	50.655	33.7587
42517	Липівка	Sumska	Lypovodolynskyi	50.6377	33.7304
42520	Антоненкове	Sumska	Lypovodolynskyi	50.6933	34.0644
42520	Куплеваха	Sumska	Lypovodolynskyi	50.6619	34.0251
42520	Марянівка	Sumska	Lypovodolynskyi	50.6752	34.0548
42520	Рудоман	Sumska	Lypovodolynskyi	50.708	34.0694
42520	Олещенкове	Sumska	Lypovodolynskyi	50.6371	34.0221
42520	Саї	Sumska	Lypovodolynskyi	50.6713	34.0651
42520	Товсте	Sumska	Lypovodolynskyi	50.69	34.022
42520	Карпці	Sumska	Lypovodolynskyi	50.65	34.0842
42520	Голуби	Sumska	Lypovodolynskyi	50.7049	34.0192
42520	Нестеренки	Sumska	Lypovodolynskyi	50.6602	34.1221
42521	Капустинці	Sumska	Lypovodolynskyi	50.6298	34.1515
42521	Тарасенки	Sumska	Lypovodolynskyi	50.6034	34.2018
42521	Гришки	Sumska	Lypovodolynskyi	50.6414	34.0958
42521	Клюси	Sumska	Lypovodolynskyi	52.0776	31.9344
42523	Колядинець	Sumska	Lypovodolynskyi	50.6005	34.0242
42523	Костяни	Sumska	Lypovodolynskyi	50.6141	34.0637
42523	Великий Ліс	Sumska	Lypovodolynskyi	50.571	34.0116
42523	Колісники	Sumska	Lypovodolynskyi	50.5903	33.9997
42523	Греки	Sumska	Lypovodolynskyi	50.6028	34.0775
42525	Московське	Sumska	Lypovodolynskyi	50.6066	33.9172
42525	Стягайлівка	Sumska	Lypovodolynskyi	50.6028	33.9595
42525	Хоменкове	Sumska	Lypovodolynskyi	50.568	33.9593
42525	Весела Долина (Московська сільська рада)	Sumska	Lypovodolynskyi	50.5997	33.9387
42525	Воропаї	Sumska	Lypovodolynskyi	50.6485	33.9277
42525	Аршуки	Sumska	Lypovodolynskyi	50.5725	33.93
42525	Мельникове	Sumska	Lypovodolynskyi	50.5997	33.9387
42530	Коломійцева Долина	Sumska	Lypovodolynskyi	50.5763	34.1105
42530	Велика Лука	Sumska	Lypovodolynskyi	50.584	34.1605
42530	Потопиха	Sumska	Lypovodolynskyi	50.5414	34.2214
42530	Весела Долина (Подільська сільська рада)	Sumska	Lypovodolynskyi	50.5672	34.1641
42530	Подільки	Sumska	Lypovodolynskyi	50.5672	34.1641
42533	Синівка	Sumska	Lypovodolynskyi	50.5421	34.1022
42533	Довжик	Sumska	Lypovodolynskyi	50.4881	34.1081
42533	Товсте	Sumska	Lypovodolynskyi	50.69	34.022
42533	Столярове	Sumska	Lypovodolynskyi	50.655	33.7587
42535	Підставки	Sumska	Lypovodolynskyi	50.5216	34.0557
42535	Слобідка	Sumska	Lypovodolynskyi	51.8233	34.2439
42535	Мельники	Sumska	Lypovodolynskyi	50.5847	33.3608
42540	Байрак	Sumska	Lypovodolynskyi	50.6037	33.6814
42540	Довга Лука	Sumska	Lypovodolynskyi	50.6226	33.7081
42540	Липівське	Sumska	Lypovodolynskyi	50.6139	33.7418
42541	Коцупіївка	Sumska	Lypovodolynskyi	50.5626	33.6683
42541	Яснопільщина	Sumska	Lypovodolynskyi	50.5425	33.6566
42541	Макіївське	Sumska	Lypovodolynskyi	50.5258	33.6706
42541	Іванівка	Sumska	Lypovodolynskyi	50.5264	33.622
42543	Бугаївка	Sumska	Lypovodolynskyi	50.5336	33.597
42543	Яганівка	Sumska	Lypovodolynskyi	50.5129	33.5738
42543	Грабщина	Sumska	Lypovodolynskyi	50.5063	33.603
42545	Русанівка	Sumska	Lypovodolynskyi	50.5121	33.7422
42547	Бухалове	Sumska	Lypovodolynskyi	50.4821	33.7966
42547	Лучка	Sumska	Lypovodolynskyi	50.4743	33.738
42600	Лучка	Sumska	Trostianetskyi	50.4743	33.738
42600	Зарічне	Sumska	Trostianetskyi	50.4064	34.9784
42600	Тростянець	Sumska	Trostianetskyi	50.4848	34.9657
42601	Лісне	Sumska	Trostianetskyi	50.5209	35.0052
42601	Вишневе	Sumska	Trostianetskyi	50.59	34.8766
42601	Машкове	Sumska	Trostianetskyi	50.5359	35.0026
42601	Тростянець	Sumska	Trostianetskyi	50.4848	34.9657
42601	Вовків (Тростянець)	Sumska	Trostianetskyi	50.5329	34.9625
42602	Тростянець	Sumska	Trostianetskyi	50.4848	34.9657
42603	Тростянець	Sumska	Trostianetskyi	50.4848	34.9657
42604	Савелове (Печини)	Sumska	Trostianetskyi	50.4963	34.8293
42620	Гребениківка	Sumska	Trostianetskyi	50.7333	35.0051
42620	Першотравневе	Sumska	Trostianetskyi	50.593	34.9287
42620	Набережне (Гребениківка)	Sumska	Trostianetskyi	50.6632	34.9669
42620	Градське (Гребениківка)	Sumska	Trostianetskyi	50.6632	34.9669
42620	Братське (Гребениківка)	Sumska	Trostianetskyi	50.6632	34.9669
42621	Боромля	Sumska	Trostianetskyi	50.6184	34.9704
42621	Шевченків Гай (Боромлянська сільська рада)	Sumska	Trostianetskyi	50.6184	34.9704
42623	Новгородське (Боромлянська сільська рада)	Sumska	Trostianetskyi	50.6445	35.0035
42623	Пархомівка (Боромлянська сільська рада)	Sumska	Trostianetskyi	50.6445	35.0035
42624	Жигайлівка	Sumska	Trostianetskyi	50.6333	35.1098
42624	Мозкове (Жигайлівка)	Sumska	Trostianetskyi	50.6333	35.1098
42630	Білка	Sumska	Trostianetskyi	50.5272	34.9051
42630	Микитівка (Білка)	Sumska	Trostianetskyi	50.5272	34.9051
42630	Олексино	Sumska	Trostianetskyi	50.5272	34.9051
42630	Хвощове (Білківська сільська рада)	Sumska	Trostianetskyi	50.5272	34.9051
42630	Грузьке	Sumska	Trostianetskyi	50.5272	34.9051
42630	Новоселівка (Білка)	Sumska	Trostianetskyi	50.5272	34.9051
42632	Буймер	Sumska	Trostianetskyi	50.5294	34.7708
42632	Виноградне (Буймер)	Sumska	Trostianetskyi	50.5294	34.7708
42632	Зубівка (Буймер)	Sumska	Trostianetskyi	50.5294	34.7708
42632	Скрягівка (Буймер)	Sumska	Trostianetskyi	50.5294	34.7708
42633	Станова	Sumska	Trostianetskyi	50.4902	34.8882
42633	Оводівка (Станівська)	Sumska	Trostianetskyi	50.4902	34.8882
42633	Тучне (Станова)	Sumska	Trostianetskyi	50.4902	34.8882
42634	Мартинівка	Sumska	Trostianetskyi	50.4528	34.7067
42634	Золоторівка (Мартинівка)	Sumska	Trostianetskyi	50.4528	34.7067
42634	Артемо-растівка (Мартинівка)	Sumska	Trostianetskyi	50.4528	34.7067
42635	Мащанка	Sumska	Trostianetskyi	50.4329	34.8154
42635	Братське (Мащанка)	Sumska	Trostianetskyi	50.4329	34.8154
42640	Криничне	Sumska	Trostianetskyi	50.5488	35.054
42642	Семереньки	Sumska	Trostianetskyi	50.5515	35.1965
42642	Поляне	Sumska	Trostianetskyi	50.5382	35.2243
42644	Печини	Sumska	Trostianetskyi	50.5348	35.158
42645	Рябівка (Дернове)	Sumska	Trostianetskyi	50.5054	35.2594
42645	Дернове	Sumska	Trostianetskyi	50.5054	35.2594
42650	Люджа	Sumska	Trostianetskyi	50.4937	35.0632
42652	Кам'янка	Sumska	Trostianetskyi	50.4775	35.1229
42652	Кам'янецьке	Sumska	Trostianetskyi	50.4775	35.1229
42654	Ницаха	Sumska	Trostianetskyi	50.4613	35.1826
42654	Новоукраїнка (Ницаха)	Sumska	Trostianetskyi	50.4613	35.1826
42700	Велике Озеро	Sumska	Okhtyrskyi	50.2703	34.9358
42700	Залужани	Sumska	Okhtyrskyi	50.3569	34.8936
42700	Козятин	Sumska	Okhtyrskyi	50.3567	34.8606
42700	Пристань	Sumska	Okhtyrskyi	50.3393	34.8427
42701	Охтирка	Sumska	Okhtyrskyi	50.3104	34.8988
42703	Охтирка	Sumska	Okhtyrskyi	50.3104	34.8988
42704	Охтирка	Sumska	Okhtyrskyi	50.3104	34.8988
42705	Охтирка	Sumska	Okhtyrskyi	50.3104	34.8988
42706	Охтирка	Sumska	Okhtyrskyi	50.3104	34.8988
42720	Миколаївка	Sumska	Okhtyrskyi	50.3756	34.4151
42720	Гусарщина	Sumska	Okhtyrskyi	50.3507	34.3976
42720	Карпилівка	Sumska	Okhtyrskyi	50.353	34.4113
42721	Комиші	Sumska	Okhtyrskyi	50.3112	34.4763
42721	Перелуг (Комиші)	Sumska	Okhtyrskyi	50.3112	34.4763
42721	Овчаренки (Комиші)	Sumska	Okhtyrskyi	50.3112	34.4763
42721	Озера (Комишанська)	Sumska	Okhtyrskyi	50.3112	34.4763
42721	Лимареве (Комиші)	Sumska	Okhtyrskyi	50.3112	34.4763
42722	Чупахівка	Sumska	Okhtyrskyi	50.3766	34.5811
42723	Оленинське	Sumska	Okhtyrskyi	50.3715	34.5289
42723	Коновалик	Sumska	Okhtyrskyi	50.3623	34.4673
42723	Софіївка (Чупахівка)	Sumska	Okhtyrskyi	50.3669	34.4981
42724	Довжик	Sumska	Okhtyrskyi	50.4308	34.5783
42724	Буро-Рубанівка (Довжик)	Sumska	Okhtyrskyi	50.4308	34.5783
42725	Грінченкове	Sumska	Okhtyrskyi	50.4193	34.6342
42725	Грунька (Грінченківська)	Sumska	Okhtyrskyi	50.4193	34.6342
42725	Розсохувате (Грінченкове)	Sumska	Okhtyrskyi	50.4193	34.6342
42725	Всадки (Грінченкове)	Sumska	Okhtyrskyi	50.4193	34.6342
42725	Соборне (Грінченкове)	Sumska	Okhtyrskyi	50.4193	34.6342
42725	П'яткине (Грінченкове)	Sumska	Okhtyrskyi	50.4193	34.6342
42726	Олешня	Sumska	Okhtyrskyi	50.4041	34.7372
42726	Пасіки (Олешня)	Sumska	Okhtyrskyi	50.4041	34.7372
42726	Комарівка (Олешня)	Sumska	Okhtyrskyi	50.4041	34.7372
42726	Садки (Олешня)	Sumska	Okhtyrskyi	50.4041	34.7372
42726	Горяйстівка (Олешня)	Sumska	Okhtyrskyi	50.4041	34.7372
42726	Нове (Олешня)	Sumska	Okhtyrskyi	50.4041	34.7372
42726	Лисе (Олешня)	Sumska	Okhtyrskyi	50.4041	34.7372
42730	Мала Павлівка	Sumska	Okhtyrskyi	50.2801	34.5545
42730	Неплатине (М.Павлівка)	Sumska	Okhtyrskyi	50.2801	34.5545
42730	Закаблуки (М.Павлівка)	Sumska	Okhtyrskyi	50.2801	34.5545
42730	Бурячиха (М.Павлівка)	Sumska	Okhtyrskyi	50.2801	34.5545
42730	Кударі (М.Павлівка)	Sumska	Okhtyrskyi	50.2801	34.5545
42731	Молодецьке (Жовтневе)	Sumska	Okhtyrskyi	50.2745	34.6356
42731	Щоми	Sumska	Okhtyrskyi	50.2745	34.6356
42731	Качанівка (Жовтневе)	Sumska	Okhtyrskyi	50.2745	34.6356
42732	Лантратівка	Sumska	Okhtyrskyi	50.3477	34.6975
42732	Духовниче (Лантратівка)	Sumska	Okhtyrskyi	50.3477	34.6975
42732	Новопостроєне (Лантратівка)	Sumska	Okhtyrskyi	50.3477	34.6975
42732	Будне (Лантратівка)	Sumska	Okhtyrskyi	50.3477	34.6975
42733	Шолудьки (Грунь)	Sumska	Okhtyrskyi	50.2745	34.6356
42733	Грунь	Sumska	Okhtyrskyi	50.2745	34.6356
42733	Аврамківщина (Грунь)	Sumska	Okhtyrskyi	50.2745	34.6356
42734	Бідани	Sumska	Okhtyrskyi	50.2595	34.6616
42734	Бандури (Рибальське)	Sumska	Okhtyrskyi	50.2595	34.6616
42734	Жолоби (Рибальське)	Sumska	Okhtyrskyi	50.2595	34.6616
42734	Івахи (Рибальське)	Sumska	Okhtyrskyi	50.2595	34.6616
42734	Пластюки (Рибальське)	Sumska	Okhtyrskyi	50.2595	34.6616
42734	Рибальське	Sumska	Okhtyrskyi	50.2595	34.6616
42734	Шаповалівка (Рибальське)	Sumska	Okhtyrskyi	50.2595	34.6616
42735	Гнилиця	Sumska	Okhtyrskyi	50.299	34.6752
42736	Рубани (В'язове)	Sumska	Okhtyrskyi	50.2745	34.6356
42736	В'язове	Sumska	Okhtyrskyi	50.2745	34.6356
42736	Скелька (В'язове)	Sumska	Okhtyrskyi	50.2745	34.6356
42737	Шабалтаєве	Sumska	Okhtyrskyi	50.1863	34.5893
42740	Стара Іванівка	Sumska	Okhtyrskyi	50.3776	34.8358
42740	Піски (Стара Іванівка)	Sumska	Okhtyrskyi	50.3776	34.8358
42741	Климентове	Sumska	Okhtyrskyi	50.3801	34.9233
42741	Залісне	Sumska	Okhtyrskyi	50.355	34.9403
42741	Поділ (Климентове)	Sumska	Okhtyrskyi	50.3675	34.9318
42741	Сосонка (Климентове)	Sumska	Okhtyrskyi	50.3675	34.9318
42742	Бакирівка	Sumska	Okhtyrskyi	50.3828	35.0212
42742	Литовка (Бакирівка)	Sumska	Okhtyrskyi	50.3828	35.0212
42743	Пологи	Sumska	Okhtyrskyi	50.3344	34.9958
42743	Корабельське (Пологи)	Sumska	Okhtyrskyi	50.3344	34.9958
42743	Манчичі (Пологи)	Sumska	Okhtyrskyi	50.3344	34.9958
42744	Чернеччина	Sumska	Okhtyrskyi	50.306	34.8088
42744	Риботень (Чернеччина)	Sumska	Okhtyrskyi	50.306	34.8088
42744	Попелівщина (Чернеччина)	Sumska	Okhtyrskyi	50.306	34.8088
42744	Доброславівка (Чернеччина)	Sumska	Okhtyrskyi	50.306	34.8088
42745	Ясенове	Sumska	Okhtyrskyi	50.3057	34.7188
42745	Борзівщина (Ясенове)	Sumska	Okhtyrskyi	50.3057	34.7188
42746	Журавне	Sumska	Okhtyrskyi	50.2442	34.7638
42750	Хухра	Sumska	Okhtyrskyi	50.2087	34.8249
42750	Перемога (Хухра)	Sumska	Okhtyrskyi	50.2087	34.8249
42750	Пилівка (Хухра)	Sumska	Okhtyrskyi	50.2087	34.8249
42751	Лутище	Sumska	Okhtyrskyi	50.1928	34.7504
42751	Українка (Лутище)	Sumska	Okhtyrskyi	50.1928	34.7504
42752	Куземин	Sumska	Okhtyrskyi	50.1444	34.6518
42760	Кардашівка	Sumska	Okhtyrskyi	50.269	34.8628
42760	Підлозіївка	Sumska	Okhtyrskyi	50.2682	34.8836
42761	Буймерівка	Sumska	Okhtyrskyi	50.2806	34.8075
42761	Михайленкове (Кардашівка)	Sumska	Okhtyrskyi	50.2806	34.8075
42761	Мошенка (Кардашівка)	Sumska	Okhtyrskyi	50.2806	34.8075
42761	Гай -Мошенка (Кардашівка)	Sumska	Okhtyrskyi	50.2806	34.8075
42763	Високе	Sumska	Okhtyrskyi	50.2849	35.0291
42763	Кудряве	Sumska	Okhtyrskyi	50.2533	35.0877
42763	Вербове (Високе)	Sumska	Okhtyrskyi	50.2691	35.0584
42763	Веселий Гай (Високе)	Sumska	Okhtyrskyi	50.2691	35.0584
42767	Бугрувате	Sumska	Okhtyrskyi	50.1959	34.98
42767	Восьме Березня (Бугрувате)	Sumska	Okhtyrskyi	50.1959	34.98
42768	Сонячне	Sumska	Okhtyrskyi	50.189	35.0484
42768	Мирне (Сонячне)	Sumska	Okhtyrskyi	50.189	35.0484
42800	Лугівка	Sumska	Velykopysarivskyi	50.4464	35.4712
42800	Велика Писарівка	Sumska	Velykopysarivskyi	50.4243	35.4799
42800	Пономаренки (В.Писарівка)	Sumska	Velykopysarivskyi	50.4102	35.4294
42800	Спірне	Sumska	Velykopysarivskyi	50.36	35.337
42806	Лукашівка (Олександрівка)	Sumska	Velykopysarivskyi	50.4508	35.5317
42806	Олександрівка	Sumska	Velykopysarivskyi	50.4508	35.5317
42807	Ямне	Sumska	Velykopysarivskyi	50.4056	35.3971
42810	Дмитрівка	Sumska	Velykopysarivskyi	50.394	35.5642
42812	Братениця (Дмитрівська сільська рада)	Sumska	Velykopysarivskyi	50.3645	35.4648
42812	Шевченкове (Дмитрівка)	Sumska	Velykopysarivskyi	50.3645	35.4648
42813	Копійки	Sumska	Velykopysarivskyi	50.3645	35.3867
42813	Розсоші	Sumska	Velykopysarivskyi	50.335	35.4436
42820	Вільне	Sumska	Velykopysarivskyi	50.4306	35.3977
42820	Стрілецька Пушкарка (Вільне)	Sumska	Velykopysarivskyi	50.4306	35.3977
42821	Широкий Берег	Sumska	Velykopysarivskyi	50.482	35.3719
42821	Дружба	Sumska	Velykopysarivskyi	50.4919	35.34
42821	Шурове	Sumska	Velykopysarivskyi	50.4852	35.356
42821	Станичне	Sumska	Velykopysarivskyi	50.4958	35.3777
42821	Їздецьке	Sumska	Velykopysarivskyi	50.4821	35.404
42822	Попівка	Sumska	Velykopysarivskyi	50.4999	35.4514
42824	Пожня	Sumska	Velykopysarivskyi	50.5089	35.3351
42825	Крамчанка	Sumska	Velykopysarivskyi	50.4664	35.2637
42825	Тарасівка	Sumska	Velykopysarivskyi	50.4822	35.2957
42826	Солдатське	Sumska	Velykopysarivskyi	50.4395	35.2068
42828	Березівка	Sumska	Velykopysarivskyi	50.4183	35.1628
42828	Катанське	Sumska	Velykopysarivskyi	50.3929	35.1527
42830	Кириківка	Sumska	Velykopysarivskyi	50.3641	35.1149
42830	Маракучка (Кириківка)	Sumska	Velykopysarivskyi	50.3641	35.1149
42831	Кириківка	Sumska	Velykopysarivskyi	50.3641	35.1149
42839	Іванівка	Sumska	Velykopysarivskyi	50.3686	35.1502
42840	Добрянське	Sumska	Velykopysarivskyi	50.3502	35.2489
42841	Сидорова Яруга	Sumska	Velykopysarivskyi	50.3941	35.3207
42842	Рябина	Sumska	Velykopysarivskyi	50.3505	35.2203
42843	Рябина	Sumska	Velykopysarivskyi	50.3505	35.2203
42846	Яблучне	Sumska	Velykopysarivskyi	50.3055	35.2343
42846	Майське (Яблучне)	Sumska	Velykopysarivskyi	50.3055	35.2343
42846	Веселе (Яблучне)	Sumska	Velykopysarivskyi	50.3055	35.2343
42846	Катеринівка (Яблучне)	Sumska	Velykopysarivskyi	50.3055	35.2343
42850	Вищевеселе	Sumska	Velykopysarivskyi	50.2618	35.1626
42850	Василівка	Sumska	Velykopysarivskyi	50.6621	34.1853
42850	Рідне (В.Веселе)	Sumska	Velykopysarivskyi	50.462	34.6739
42850	Мирне (В.Веселе)	Sumska	Velykopysarivskyi	50.462	34.6739
46000	Тернопіль	Ternopilska	Ternopilska	49.5534	25.5892
46001	Тернопіль	Ternopilska	Ternopilska	49.5559	25.6056
46002	Тернопіль	Ternopilska	Ternopilska	49.5559	25.6056
46003	Тернопіль	Ternopilska	Ternopilska	49.5559	25.6056
46005	Тернопіль	Ternopilska	Ternopilska	49.5559	25.6056
46006	Тернопіль	Ternopilska	Ternopilska	49.5559	25.6056
46008	Тернопіль	Ternopilska	Ternopilska	49.5559	25.6056
46009	Тернопіль	Ternopilska	Ternopilska	49.5559	25.6056
46010	Тернопіль	Ternopilska	Ternopilska	49.5559	25.6056
46011	Тернопіль	Ternopilska	Ternopilska	49.5559	25.6056
46012	Тернопіль	Ternopilska	Ternopilska	49.5559	25.6056
46013	Тернопіль	Ternopilska	Ternopilska	49.5559	25.6056
46016	Тернопіль	Ternopilska	Ternopilska	49.5559	25.6056
46017	Тернопіль	Ternopilska	Ternopilska	49.5559	25.6056
46018	Тернопіль	Ternopilska	Ternopilska	49.5559	25.6056
46020	Тернопіль	Ternopilska	Ternopilska	49.5559	25.6056
46021	Тернопіль	Ternopilska	Ternopilska	49.5559	25.6056
46022	Тернопіль	Ternopilska	Ternopilska	49.5559	25.6056
46023	Тернопіль	Ternopilska	Ternopilska	49.5559	25.6056
46024	Тернопіль	Ternopilska	Ternopilska	49.5559	25.6056
46025	Тернопіль	Ternopilska	Ternopilska	49.5559	25.6056
46027	Тернопіль	Ternopilska	Ternopilska	49.5559	25.6056
46400	Тернопіль	Ternopilska	Ternopilska	49.5559	25.6056
47001	Зеблози (Чугалівська сільська рада)	Ternopilska	Kremenetskyi	49.2504	25.1432
47002	Кременець (Кременецька міська рада)	Ternopilska	Kremenetskyi	49.2504	25.1432
47003	Кременець (Кременецька міська рада)	Ternopilska	Kremenetskyi	49.2504	25.1432
47003	Бонівка (Чугалівська сільська рада)	Ternopilska	Kremenetskyi	49.2504	25.1432
47004	Кременець (Кременецька міська рада)	Ternopilska	Kremenetskyi	49.2504	25.1432
47010	Крижі	Ternopilska	Kremenetskyi	49.2504	25.1432
47011	Гаї (Гаївська сільська рада)	Ternopilska	Kremenetskyi	49.2504	25.1432
47012	Сапанів (Сапанівська сільська рада)	Ternopilska	Kremenetskyi	49.2504	25.1432
47013	Білокриниця (Білокриницька сільська рада)	Ternopilska	Kremenetskyi	49.2504	25.1432
47013	Весела (Попівецька сільська рада)	Ternopilska	Kremenetskyi	49.2504	25.1432
47013	Лішня (Білокриницька сільська рада)	Ternopilska	Kremenetskyi	49.2504	25.1432
47013	Андруга (Білокриницька сільська рада)	Ternopilska	Kremenetskyi	49.2504	25.1432
47017	Великі Млинівці (Великомлинівська сільська рада)	Ternopilska	Kremenetskyi	49.2504	25.1432
47020	Малі Бережці (Великобережецька сільська рада)	Ternopilska	Kremenetskyi	49.2504	25.1432
47020	Великі Бережці (Великобережецька сільська рада)	Ternopilska	Kremenetskyi	49.2504	25.1432
47021	Кімната (Гаївська сільська рада)	Ternopilska	Kremenetskyi	49.2504	25.1432
47022	Комарівка (Будківська сільська рада)	Ternopilska	Kremenetskyi	49.2504	25.1432
47022	Валігури (Будківська сільська рада)	Ternopilska	Kremenetskyi	49.2504	25.1432
47023	Богданівка (Дунаївська сільська рада)	Ternopilska	Kremenetskyi	49.2504	25.1432
47023	Куликів (Дунаївська сільська рада)	Ternopilska	Kremenetskyi	49.2504	25.1432
47023	Дунаїв (Дунаївська сільська рада)	Ternopilska	Kremenetskyi	49.2504	25.1432
47023	Савчинці (Дунаївська сільська рада)	Ternopilska	Kremenetskyi	49.2504	25.1432
47024	Будки (Будківська сільська рада)	Ternopilska	Kremenetskyi	49.2504	25.1432
47025	Почаїв (Почаївська міська рада)	Ternopilska	Kremenetskyi	49.2504	25.1432
47025	Затишшя (Почаївська міська рада)	Ternopilska	Kremenetskyi	49.2504	25.1432
47025	Діброва (Гаївська сільська рада)	Ternopilska	Kremenetskyi	49.2504	25.1432
47030	Жолоби (Жолобівська сільська рада)	Ternopilska	Kremenetskyi	49.2504	25.1432
47031	Рудка (Колосівська сільська рада)	Ternopilska	Kremenetskyi	49.2504	25.1432
47032	Шпиколоси (Шпиколосівська сільська рада)	Ternopilska	Kremenetskyi	49.2504	25.1432
47033	Двірець (Колосівська сільська рада)	Ternopilska	Kremenetskyi	49.2504	25.1432
47033	Колосова (Колосівська сільська рада)	Ternopilska	Kremenetskyi	49.2504	25.1432
47034	Попівці (Попівецька сільська рада)	Ternopilska	Kremenetskyi	49.2504	25.1432
47034	Старий Кокорів (Попівецька сільська рада)	Ternopilska	Kremenetskyi	49.2504	25.1432
47040	Підлісне (Плосківська сільська рада)	Ternopilska	Kremenetskyi	49.2504	25.1432
47040	Плоске (Плосківська сільська рада)	Ternopilska	Kremenetskyi	49.2504	25.1432
47041	Катеринівка (Катеринівська сільська рада)	Ternopilska	Kremenetskyi	49.2504	25.1432
47041	Рибча (Катеринівська сільська рада)	Ternopilska	Kremenetskyi	49.2504	25.1432
47042	Горинка (Горинська сільська рада)	Ternopilska	Kremenetskyi	49.2504	25.1432
47042	Духів (Горинська сільська рада)	Ternopilska	Kremenetskyi	49.2504	25.1432
47050	Лідихів (Лідихівська сільська рада)	Ternopilska	Kremenetskyi	49.2504	25.1432
47051	Старий Тараж (Старотаразька сільська рада)	Ternopilska	Kremenetskyi	49.2504	25.1432
47052	Борщівка (Лосятинська сільська рада)	Ternopilska	Kremenetskyi	49.2504	25.1432
47052	Лосятин (Лосятинська сільська рада)	Ternopilska	Kremenetskyi	49.2504	25.1432
47053	Крутнів (Лопушненська сільська рада)	Ternopilska	Kremenetskyi	49.2504	25.1432
47054	Раславка (Лопушненська сільська рада)	Ternopilska	Kremenetskyi	49.2504	25.1432
47054	Лопушне (Лопушненська сільська рада)	Ternopilska	Kremenetskyi	49.2504	25.1432
47054	Велика Горянка (Великогорянська сільська рада)	Ternopilska	Kremenetskyi	49.2504	25.1432
47054	Волиця (Великогорянська сільська рада)	Ternopilska	Kremenetskyi	49.2504	25.1432
47054	Мала Горянка (Великогорянська сільська рада)	Ternopilska	Kremenetskyi	49.2504	25.1432
47055	Розтоки (Розтоцька сільська рада)	Ternopilska	Kremenetskyi	49.2504	25.1432
47060	Ридомиль (Ридомильська сільська рада)	Ternopilska	Kremenetskyi	49.2504	25.1432
47061	Хотовиця (Млиновецька сільська рада)	Ternopilska	Kremenetskyi	49.2504	25.1432
47061	Млинівці (Млиновецька сільська рада)	Ternopilska	Kremenetskyi	49.2504	25.1432
47061	Бакоти (Млиновецька сільська рада)	Ternopilska	Kremenetskyi	49.2504	25.1432
47062	Устечко (Устечківська сільська рада)	Ternopilska	Kremenetskyi	49.2504	25.1432
47063	Старий Олексинець (Староолексинецька сільська рада)	Ternopilska	Kremenetskyi	49.2504	25.1432
47063	Івання (Староолексинецька сільська рада)	Ternopilska	Kremenetskyi	49.2504	25.1432
47064	Очеретне (Устечківська сільська рада)	Ternopilska	Kremenetskyi	49.2504	25.1432
47065	Башуки (Башуківська сільська рада)	Ternopilska	Kremenetskyi	49.2504	25.1432
47070	Чугалі (Чугалівська сільська рада)	Ternopilska	Kremenetskyi	49.2504	25.1432
47071	Веселівка (Білокриницька сільська рада)	Ternopilska	Kremenetskyi	49.2504	25.1432
47072	Града (Гаївська сільська рада)	Ternopilska	Kremenetskyi	49.2504	25.1432
47073	Іква (Великобережецька сільська рада)	Ternopilska	Kremenetskyi	49.2504	25.1432
47073	Хотівка (Великобережецька сільська рада)	Ternopilska	Kremenetskyi	49.2504	25.1432
47074	Комарин (Старотаразька сільська рада)	Ternopilska	Kremenetskyi	49.2504	25.1432
47075	Кушлин (Горинська сільська рада)	Ternopilska	Kremenetskyi	49.2504	25.1432
47076	Новий Кокорів (Попівецька сільська рада)	Ternopilska	Kremenetskyi	49.2504	25.1432
47077	Новий Олексинець (Башуківська сільська рада)	Ternopilska	Kremenetskyi	49.2504	25.1432
47078	Підлісці (Великомлинівська сільська рада)	Ternopilska	Kremenetskyi	49.2504	25.1432
47079	Старий Почаїв (Старопочаївська сільська рада)	Ternopilska	Kremenetskyi	49.2504	25.1432
47101	Круголець (Кордишівська сільська рада)	Ternopilska	Shumskyi	48.8512	25.5629
47101	Шумськ (Шумська селищна рада)	Ternopilska	Shumskyi	48.8512	25.5629
47103	Мала Іловиця (Іловицька сільська рада)	Ternopilska	Shumskyi	48.8512	25.5629
47103	Сошище (Літовищенська сільська рада)	Ternopilska	Shumskyi	48.8512	25.5629
47103	Кутянка (Андрушівська сільська рада)	Ternopilska	Shumskyi	48.8512	25.5629
47103	Переморівка (Андрушівська сільська рада)	Ternopilska	Shumskyi	48.8512	25.5629
47103	Антонівці (Іловицька сільська рада)	Ternopilska	Shumskyi	48.8512	25.5629
47103	Руська Гута (Андрушівська сільська рада)	Ternopilska	Shumskyi	48.8512	25.5629
47104	Малі Садки (Васьковецька сільська рада)	Ternopilska	Shumskyi	48.8512	25.5629
47105	Рохманів (Рохманівська сільська рада)	Ternopilska	Shumskyi	48.8512	25.5629
47105	Залужжя (Рохманівська сільська рада)	Ternopilska	Shumskyi	48.8512	25.5629
47110	Велика Іловиця (Іловицька сільська рада)	Ternopilska	Shumskyi	48.8512	25.5629
47111	Андрушівка (Андрушівська сільська рада)	Ternopilska	Shumskyi	48.8512	25.5629
47112	Літовище (Літовищенська сільська рада)	Ternopilska	Shumskyi	48.8512	25.5629
47113	Васьківці (Васьковецька сільська рада)	Ternopilska	Shumskyi	48.8512	25.5629
47114	Сураж (Суразька сільська рада)	Ternopilska	Shumskyi	48.8512	25.5629
47114	Ходаки (Суразька сільська рада)	Ternopilska	Shumskyi	48.8512	25.5629
47115	Боложівка (Боложівська сільська рада)	Ternopilska	Shumskyi	48.8512	25.5629
47120	Стіжок (Стіжоцька сільська рада)	Ternopilska	Shumskyi	48.8512	25.5629
47121	Угорськ (Угорська сільська рада)	Ternopilska	Shumskyi	48.8512	25.5629
47122	Залісці (Залісцівська сільська рада)	Ternopilska	Shumskyi	48.8512	25.5629
47122	Забара (Залісцівська сільська рада)	Ternopilska	Shumskyi	48.8512	25.5629
47123	Обич (Рохманівська сільська рада)	Ternopilska	Shumskyi	48.8512	25.5629
47124	Одерадівка (Тилявська сільська рада)	Ternopilska	Shumskyi	48.8512	25.5629
47124	Башківці (Тилявська сільська рада)	Ternopilska	Shumskyi	48.8512	25.5629
47124	Тилявка (Тилявська сільська рада)	Ternopilska	Shumskyi	48.8512	25.5629
47125	Жолобки (Жолобківська сільська рада)	Ternopilska	Shumskyi	48.8512	25.5629
47130	Людвище (Людвищенська сільська рада)	Ternopilska	Shumskyi	48.8512	25.5629
47131	Мирове (Кордишівська сільська рада)	Ternopilska	Shumskyi	48.8512	25.5629
47131	Кордишів (Кордишівська сільська рада)	Ternopilska	Shumskyi	48.8512	25.5629
47132	Соснівка (Соснівська сільська рада)	Ternopilska	Shumskyi	48.8512	25.5629
47133	Бірки (Соснівська сільська рада)	Ternopilska	Shumskyi	48.8512	25.5629
47133	Новостав (Шумбарська сільська рада)	Ternopilska	Shumskyi	48.8512	25.5629
47140	Коновиця (Бриківська сільська рада)	Ternopilska	Shumskyi	48.8512	25.5629
47140	Бриків (Бриківська сільська рада)	Ternopilska	Shumskyi	48.8512	25.5629
47141	Биківці (Биковецька сільська рада)	Ternopilska	Shumskyi	48.8512	25.5629
47142	Потуторів (Потуторівська сільська рада)	Ternopilska	Shumskyi	48.8512	25.5629
47143	Садки	Ternopilska	Shumskyi	48.8512	25.5629
47144	Великі Дедеркали (Великодедеркальська сільська рада)	Ternopilska	Shumskyi	48.8512	25.5629
47145	Шкроботівка (Шкроботівська сільська рада)	Ternopilska	Shumskyi	48.8512	25.5629
47146	Радошівка (Радошівська сільська рада)	Ternopilska	Shumskyi	48.8512	25.5629
47150	Вілія (Вілійська сільська рада)	Ternopilska	Shumskyi	48.8512	25.5629
47150	Новосілка (Вілійська сільська рада)	Ternopilska	Shumskyi	48.8512	25.5629
47151	Цеценівка (Цеценівська сільська рада)	Ternopilska	Shumskyi	48.8512	25.5629
47152	Шумбар (Шумбарська сільська рада)	Ternopilska	Shumskyi	48.8512	25.5629
47153	Тури (Великозагайцівська сільська рада)	Ternopilska	Shumskyi	48.8512	25.5629
47153	Малі Загайці (Великозагайцівська сільська рада)	Ternopilska	Shumskyi	48.8512	25.5629
47153	Великі Загайці (Великозагайцівська сільська рада)	Ternopilska	Shumskyi	48.8512	25.5629
47154	Темногайці (Темногаєцька сільська рада)	Ternopilska	Shumskyi	48.8512	25.5629
47155	Мізюринці (Мізюринська сільська рада)	Ternopilska	Shumskyi	48.8512	25.5629
47161	Іванківці (Катеринівська сільська рада)	Ternopilska	Kremenetskyi	48.8512	25.5629
47162	Підгайці (Підгаєцька сільська рада)	Ternopilska	Shumskyi	48.8512	25.5629
47163	Вербиця (Підгаєцька сільська рада)	Ternopilska	Shumskyi	48.8512	25.5629
47163	Кудлаївка (Підгаєцька сільська рада)	Ternopilska	Shumskyi	48.8512	25.5629
47163	Піщатинці (Піщатинська сільська рада)	Ternopilska	Shumskyi	48.8512	25.5629
47164	Матвіївці (Матвіївська сільська рада)	Ternopilska	Shumskyi	48.8512	25.5629
47164	Гриньківці (Матвіївська сільська рада)	Ternopilska	Shumskyi	48.8512	25.5629
47171	Вовківці (Великодедеркальська сільська рада)	Ternopilska	Shumskyi	48.8512	25.5629
47172	Кути (Васьковецька сільська рада)	Ternopilska	Shumskyi	48.8512	25.5629
47173	Малі Дедеркали (Великодедеркальська сільська рада)	Ternopilska	Shumskyi	48.8512	25.5629
47174	Онишківці (Бриківська сільська рада)	Ternopilska	Shumskyi	48.8512	25.5629
47175	Тетильківці (Вілійська сільська рада)	Ternopilska	Shumskyi	48.8512	25.5629
47201	Зборів (Зборівська міська рада)	Ternopilska	Zborivskyi	49.2504	25.1432
47201	Красна (Погрібецька сільська рада)	Ternopilska	Zborivskyi	49.2504	25.1432
47201	Футори (Зборівська міська рада)	Ternopilska	Zborivskyi	49.2504	25.1432
47201	Коршилів (Зарудянська сільська рада)	Ternopilska	Zborivskyi	49.2504	25.1432
47210	Панасівка (Панасівська сільська рада)	Ternopilska	Zborivskyi	49.2504	25.1432
47211	Загір'я (Загір'янська сільська рада)	Ternopilska	Zborivskyi	49.2504	25.1432
47211	Чорний Ліс (Панасівська сільська рада)	Ternopilska	Zborivskyi	49.2504	25.1432
47212	Підберізці (Серетецька сільська рада)	Ternopilska	Zborivskyi	49.2504	25.1432
47213	Серетець (Серетецька сільська рада)	Ternopilska	Zborivskyi	49.2504	25.1432
47220	Піщане (Ратищівська сільська рада)	Ternopilska	Zborivskyi	49.2504	25.1432
47220	Манаїв (Гарбузівська сільська рада)	Ternopilska	Zborivskyi	49.2504	25.1432
47221	Гарбузів (Гарбузівська сільська рада)	Ternopilska	Zborivskyi	49.2504	25.1432
47222	Перепельники (Перепельницька сільська рада)	Ternopilska	Zborivskyi	49.2504	25.1432
47223	Ярославичі (Ярославицька сільська рада)	Ternopilska	Zborivskyi	49.2504	25.1432
47223	Гукалівці (Гукалівська сільська рада)	Ternopilska	Zborivskyi	49.2504	25.1432
47224	Вовчківці (Вовчківська сільська рада)	Ternopilska	Zborivskyi	49.2504	25.1432
47224	Івачів (Вовчківська сільська рада)	Ternopilska	Zborivskyi	49.2504	25.1432
47224	Корчунок (Вовчківська сільська рада)	Ternopilska	Zborivskyi	49.2504	25.1432
47224	Ніще (Вовчківська сільська рада)	Ternopilska	Zborivskyi	49.2504	25.1432
47225	Тростянець (Тростянецька сільська рада)	Ternopilska	Zborivskyi	49.2504	25.1432
47226	Лопушани (Гукалівська сільська рада)	Ternopilska	Zborivskyi	49.2504	25.1432
47226	Оліїв (Оліївська сільська рада)	Ternopilska	Zborivskyi	49.2504	25.1432
47226	Білокриниця (Тростянецька сільська рада)	Ternopilska	Zborivskyi	49.2504	25.1432
47227	Монилівка (Ярославицька сільська рада)	Ternopilska	Zborivskyi	49.2504	25.1432
47227	Кудобинці (Млиновецька сільська рада)	Ternopilska	Zborivskyi	49.2504	25.1432
47227	Кудинівці (Беримівська сільська рада)	Ternopilska	Zborivskyi	49.2504	25.1432
47227	Беримівці (Беримівська сільська рада)	Ternopilska	Zborivskyi	49.2504	25.1432
47230	Ратищі (Ратищівська сільська рада)	Ternopilska	Zborivskyi	49.2504	25.1432
47231	Гаї-за-Рудою (Гаї-за-Рудівська сільська рада)	Ternopilska	Zborivskyi	49.2504	25.1432
47232	Гаї-Розтоцькі (Гає-Розтоцька сільська рада)	Ternopilska	Zborivskyi	49.2504	25.1432
47233	Мильне (Мильнівська сільська рада)	Ternopilska	Zborivskyi	49.2504	25.1432
47233	Бліх (Мильнівська сільська рада)	Ternopilska	Zborivskyi	49.2504	25.1432
47234	Залізці (Залозецька селищна рада)	Ternopilska	Zborivskyi	49.2504	25.1432
47235	Хомівка (Мшанецька сільська рада)	Ternopilska	Zborivskyi	49.2504	25.1432
47235	Мшанець (Мшанецька сільська рада)	Ternopilska	Zborivskyi	49.2504	25.1432
47235	Дітківці (Мшанецька сільська рада)	Ternopilska	Zborivskyi	49.2504	25.1432
47236	Нетерпинці (Білоголівська сільська рада)	Ternopilska	Zborivskyi	49.2504	25.1432
47236	Бзовиця (Бзовицька сільська рада)	Ternopilska	Zborivskyi	49.2504	25.1432
47236	Білоголови (Білоголівська сільська рада)	Ternopilska	Zborivskyi	49.2504	25.1432
47237	Городище (Городищенська сільська рада)	Ternopilska	Zborivskyi	49.2504	25.1432
47240	Кабарівці (Кабаровецька сільська рада)	Ternopilska	Zborivskyi	49.2504	25.1432
47240	Грабківці (Млиновецька сільська рада)	Ternopilska	Zborivskyi	49.2504	25.1432
47241	Плісняни (Пліснянська сільська рада)	Ternopilska	Zborivskyi	49.2504	25.1432
47241	Вірлів (Вірлівська сільська рада)	Ternopilska	Zborivskyi	49.2504	25.1432
47241	Храбузна (Вірлівська сільська рада)	Ternopilska	Zborivskyi	49.2504	25.1432
47241	Славна (Славнянська сільська рада)	Ternopilska	Zborivskyi	49.2504	25.1432
47242	Млинівці (Млиновецька сільська рада)	Ternopilska	Zborivskyi	49.2504	25.1432
47242	Метенів (Кабаровецька сільська рада)	Ternopilska	Zborivskyi	49.2504	25.1432
47242	Тустоголови (Млиновецька сільська рада)	Ternopilska	Zborivskyi	49.2504	25.1432
47243	Лавриківці (Зарудянська сільська рада)	Ternopilska	Zborivskyi	49.2504	25.1432
47243	Заруддя (Зарудянська сільська рада)	Ternopilska	Zborivskyi	49.2504	25.1432
47243	Озерянка (Зарудянська сільська рада)	Ternopilska	Zborivskyi	49.2504	25.1432
47243	Травотолоки (Зарудянська сільська рада)	Ternopilska	Zborivskyi	49.2504	25.1432
47250	Кобзарівка (Кобзарівська сільська рада)	Ternopilska	Zborivskyi	49.2504	25.1432
47250	Вертелка (Кобзарівська сільська рада)	Ternopilska	Zborivskyi	49.2504	25.1432
47250	Носівці (Городищенська сільська рада)	Ternopilska	Zborivskyi	49.2504	25.1432
47251	Іванківці (Малашовецька сільська рада)	Ternopilska	Zborivskyi	49.2504	25.1432
47251	Плесківці (Чернихівська сільська рада)	Ternopilska	Zborivskyi	49.2504	25.1432
47251	Глядки (Чернихівська сільська рада)	Ternopilska	Zborivskyi	49.2504	25.1432
47252	Чернихів (Чернихівська сільська рада)	Ternopilska	Zborivskyi	49.2504	25.1432
47253	Малашівці (Малашовецька сільська рада)	Ternopilska	Zborivskyi	49.2504	25.1432
47260	Богданівка (Богданівська сільська рада)	Ternopilska	Zborivskyi	49.2504	25.1432
47260	Данилівці (Осташівська сільська рада)	Ternopilska	Zborivskyi	49.2504	25.1432
47260	Сировари (Богданівська сільська рада)	Ternopilska	Zborivskyi	49.2504	25.1432
47260	Яцківці (Богданівська сільська рада)	Ternopilska	Zborivskyi	49.2504	25.1432
47260	Білківці (Богданівська сільська рада)	Ternopilska	Zborivskyi	49.2504	25.1432
47261	Ярчівці (Ярчовецька сільська рада)	Ternopilska	Zborivskyi	49.2504	25.1432
47261	Підгайчики (Ярчовецька сільська рада)	Ternopilska	Zborivskyi	49.2504	25.1432
47261	Вільшанка (Ярчовецька сільська рада)	Ternopilska	Zborivskyi	49.2504	25.1432
47261	Волосівка (Ярчовецька сільська рада)	Ternopilska	Zborivskyi	49.2504	25.1432
47261	Жуківці (Ярчовецька сільська рада)	Ternopilska	Zborivskyi	49.2504	25.1432
47261	Мшана (Ярчовецька сільська рада)	Ternopilska	Zborivskyi	49.2504	25.1432
47262	Осташівці (Осташівська сільська рада)	Ternopilska	Zborivskyi	49.2504	25.1432
47263	Воробіївка (Висиповецька сільська рада)	Ternopilska	Zborivskyi	49.2504	25.1432
47263	Серединці (Висиповецька сільська рада)	Ternopilska	Zborivskyi	49.2504	25.1432
47264	Озерна (Озернянська сільська рада)	Ternopilska	Zborivskyi	49.2504	25.1432
47265	Цебрів (Цебрівська сільська рада)	Ternopilska	Zborivskyi	49.2504	25.1432
47266	Курівці (Куровецька сільська рада)	Ternopilska	Zborivskyi	49.2504	25.1432
47270	Кальне (Кальненська сільська рада)	Ternopilska	Zborivskyi	49.2504	25.1432
47270	Розгадів (Розгадівська сільська рада)	Ternopilska	Zborivskyi	49.2504	25.1432
47271	Погрібці (Погрібецька сільська рада)	Ternopilska	Zborivskyi	49.2504	25.1432
47271	Калинівка (Погрібецька сільська рада)	Ternopilska	Zborivskyi	49.2504	25.1432
47272	Годів (Годівська сільська рада)	Ternopilska	Zborivskyi	49.2504	25.1432
47272	Йосипівка (Годівська сільська рада)	Ternopilska	Zborivskyi	49.2504	25.1432
47272	Цецівка (Годівська сільська рада)	Ternopilska	Zborivskyi	49.2504	25.1432
47281	Висипівці (Висиповецька сільська рада)	Ternopilska	Zborivskyi	49.2504	25.1432
47281	Нестерівці (Нестерівська сільська рада)	Ternopilska	Zborivskyi	49.2504	25.1432
47281	Кокутківці (Висиповецька сільська рада)	Ternopilska	Zborivskyi	49.2504	25.1432
47282	Жабиня (Кальненська сільська рада)	Ternopilska	Zborivskyi	49.2504	25.1432
47283	Присівці (Млиновецька сільська рада)	Ternopilska	Zborivskyi	49.2504	25.1432
47284	Ренів (Ренівська сільська рада)	Ternopilska	Zborivskyi	49.2504	25.1432
47285	Чистопади (Чистопадівська сільська рада)	Ternopilska	Zborivskyi	49.2504	25.1432
47300	Ліски (Залужанська сільська рада)	Ternopilska	Zbarazkyi	49.2504	25.1432
47301	Чорний Ліс (Базаринська сільська рада)	Ternopilska	Zbarazkyi	49.2504	25.1432
47302	Верняки (Старозбаразька сільська рада)	Ternopilska	Zbarazkyi	49.2504	25.1432
47302	Збараж (Збаразька міська рада)	Ternopilska	Zbarazkyi	49.2504	25.1432
47302	Тарасівка (Базаринська сільська рада)	Ternopilska	Zbarazkyi	49.2504	25.1432
47302	Малий Глибочок (Базаринська сільська рада)	Ternopilska	Zbarazkyi	49.2504	25.1432
47305	Базаринці (Базаринська сільська рада)	Ternopilska	Zbarazkyi	49.2504	25.1432
47306	Залужжя (Залужанська сільська рада)	Ternopilska	Zbarazkyi	49.2504	25.1432
47310	Залісці (Залісецька сільська рада)	Ternopilska	Zbarazkyi	49.2504	25.1432
47311	Великий Кунинець (Великокунинецька сільська рада)	Ternopilska	Zbarazkyi	49.2504	25.1432
47311	Малий Кунинець (Великокунинецька сільська рада)	Ternopilska	Zbarazkyi	49.2504	25.1432
47312	Дзвиняча (Дзвинячанська сільська рада)	Ternopilska	Zbarazkyi	49.2504	25.1432
47313	Кривчики (Лозівська сільська рада)	Ternopilska	Zbarazkyi	49.2504	25.1432
47313	Кинахівці (Старовишнівецька сільська рада)	Ternopilska	Zbarazkyi	49.2504	25.1432
47313	Федьківці (Старовишнівецька сільська рада)	Ternopilska	Zbarazkyi	49.2504	25.1432
47313	Вишнівець (Вишнівецька селищна рада)	Ternopilska	Zbarazkyi	49.2504	25.1432
47313	Загороддя (Вишнівецька селищна рада)	Ternopilska	Zbarazkyi	49.2504	25.1432
47313	Мишківці (Старовишнівецька сільська рада)	Ternopilska	Zbarazkyi	49.2504	25.1432
47313	Поляни (Старовишнівецька сільська рада)	Ternopilska	Zbarazkyi	49.2504	25.1432
47313	Бутин (Бутинська сільська рада)	Ternopilska	Zbarazkyi	49.2504	25.1432
47320	Великі Вікнини (Великовікнинська сільська рада)	Ternopilska	Zbarazkyi	49.2504	25.1432
47321	Лози (Лозівська сільська рада)	Ternopilska	Zbarazkyi	49.2504	25.1432
47322	Старий Вишнівець (Старовишнівецька сільська рада)	Ternopilska	Zbarazkyi	49.2504	25.1432
47323	Бодаки (Бодаківська сільська рада)	Ternopilska	Zbarazkyi	49.2504	25.1432
47330	Зашляхом (Раковецька сільська рада)	Ternopilska	Zbarazkyi	49.2504	25.1432
47330	Раковець (Раковецька сільська рада)	Ternopilska	Zbarazkyi	49.2504	25.1432
47331	Гнидава (Коханівська сільська рада)	Ternopilska	Zbarazkyi	49.2504	25.1432
47331	Коханівка (Коханівська сільська рада)	Ternopilska	Zbarazkyi	49.2504	25.1432
47332	Хоми (Гніздичненська сільська рада)	Ternopilska	Zbarazkyi	49.2504	25.1432
47332	Чеснівський Раковець (Гніздичненська сільська рада)	Ternopilska	Zbarazkyi	49.2504	25.1432
47332	Гніздичне (Гніздичненська сільська рада)	Ternopilska	Zbarazkyi	49.2504	25.1432
47333	Витківці (Зарудянська сільська рада)	Ternopilska	Zbarazkyi	49.2504	25.1432
47333	Заруддя (Зарудянська сільська рада)	Ternopilska	Zbarazkyi	49.2504	25.1432
47334	Кобилля (Кобильська сільська рада)	Ternopilska	Zbarazkyi	49.2504	25.1432
47335	Колодне (Колодненська сільська рада)	Ternopilska	Zbarazkyi	49.2504	25.1432
47335	Глинчуки (Колодненська сільська рада)	Ternopilska	Zbarazkyi	49.2504	25.1432
47336	Шимківці	Ternopilska	Zbarazkyi	49.2504	25.1432
47336	Решнівка (Шимковецька сільська рада)	Ternopilska	Zbarazkyi	49.2504	25.1432
47340	Іванчани (Іванчанська сільська рада)	Ternopilska	Zbarazkyi	49.2504	25.1432
47340	Мала Березовиця (Іванчанська сільська рада)	Ternopilska	Zbarazkyi	49.2504	25.1432
47341	Доброводи (Доброводівська сільська рада)	Ternopilska	Zbarazkyi	49.2504	25.1432
47342	Новики (Новиківська сільська рада)	Ternopilska	Zbarazkyi	49.2504	25.1432
47343	Чумалі (Новиківська сільська рада)	Ternopilska	Zbarazkyi	49.2504	25.1432
47343	Оприлівці (Новиківська сільська рада)	Ternopilska	Zbarazkyi	49.2504	25.1432
47343	Зарубинці (Зарубинська сільська рада)	Ternopilska	Zbarazkyi	49.2504	25.1432
47343	Івашківці (Залужанська сільська рада)	Ternopilska	Zbarazkyi	49.2504	25.1432
47344	Діброва (Коханівська сільська рада)	Ternopilska	Zbarazkyi	49.2504	25.1432
47350	Капустинський ліс (Капустинська сільська рада)	Ternopilska	Zbarazkyi	49.2504	25.1432
47350	Мусорівці	Ternopilska	Zbarazkyi	49.2504	25.1432
47350	Зарудечко (Капустинська сільська рада)	Ternopilska	Zbarazkyi	49.2504	25.1432
47350	Капустинці (Капустинська сільська рада)	Ternopilska	Zbarazkyi	49.2504	25.1432
47351	Красносільці (Красносільська сільська рада)	Ternopilska	Zbarazkyi	49.2504	25.1432
47352	Синягівка (Синявська сільська рада)	Ternopilska	Zbarazkyi	49.2504	25.1432
47352	Синява (Синявська сільська рада)	Ternopilska	Zbarazkyi	49.2504	25.1432
47353	Розношинці (Красносільська сільська рада)	Ternopilska	Zbarazkyi	49.2504	25.1432
47360	Шили (Шилівська сільська рада)	Ternopilska	Zbarazkyi	49.2504	25.1432
47360	Діброва1 (Шилівська сільська рада)	Ternopilska	Zbarazkyi	49.2504	25.1432
47361	Нижчі Луб'янки (Нижчелуб'янська сільська рада)	Ternopilska	Zbarazkyi	49.2504	25.1432
47362	Вищі Луб'янки (Вищелуб'янська сільська рада)	Ternopilska	Zbarazkyi	49.2504	25.1432
47362	"Новий Роговець (Вищелуб""янська сільська рада)"	Ternopilska	Zbarazkyi	49.2504	25.1432
47363	Добромірка (Добромірківська сільська рада)	Ternopilska	Zbarazkyi	49.2504	25.1432
47370	Чернихівці (Черниховецька сільська рада)	Ternopilska	Zbarazkyi	49.2504	25.1432
47370	Охримівці (Охримівська сільська рада)	Ternopilska	Zbarazkyi	49.2504	25.1432
47371	Стриївка (Стриївська сільська рада)	Ternopilska	Zbarazkyi	49.2504	25.1432
47372	Чагарі-Збаразькі (Максимівська сільська рада)	Ternopilska	Zbarazkyi	49.2504	25.1432
47372	Гори Стрийовецькі (Максимівська сільська рада)	Ternopilska	Zbarazkyi	49.2504	25.1432
47372	Максимівка (Максимівська сільська рада)	Ternopilska	Zbarazkyi	49.2504	25.1432
47374	Киданці (Киданецька сільська рада)	Ternopilska	Zbarazkyi	49.2504	25.1432
47375	Романове Село (Романовоселівська сільська рада)	Ternopilska	Zbarazkyi	49.2504	25.1432
47381	Болязуби (Колодненська сільська рада)	Ternopilska	Zbarazkyi	49.2504	25.1432
47383	Котюжини (Великовікнинська сільська рада)	Ternopilska	Zbarazkyi	49.2504	25.1432
47384	Малі Вікнини (Великовікнинська сільська рада)	Ternopilska	Zbarazkyi	49.2504	25.1432
47385	Олишківці (Зарудянська сільська рада)	Ternopilska	Zbarazkyi	49.2504	25.1432
47386	Старий Збараж (Старозбаразька сільська рада)	Ternopilska	Zbarazkyi	49.2504	25.1432
47387	Травневе (Стриївська сільська рада)	Ternopilska	Zbarazkyi	49.2504	25.1432
47401	Ланівці (Лановецька селищна рада)	Ternopilska	Lanovetskyi	49.2504	25.1432
47402	Волиця (Лановецька селищна рада)	Ternopilska	Lanovetskyi	49.2504	25.1432
47402	Ланівці (Лановецька селищна рада)	Ternopilska	Lanovetskyi	49.2504	25.1432
47402	Козачки (Гриньківська сільська рада)	Ternopilska	Lanovetskyi	49.2504	25.1432
47402	Малі Куськівці (Лановецька селищна рада)	Ternopilska	Lanovetskyi	49.2504	25.1432
47410	Борщівка (Борщівська сільська рада)	Ternopilska	Lanovetskyi	49.2504	25.1432
47411	Маневе (Снігурівська сільська рада)	Ternopilska	Lanovetskyi	49.2504	25.1432
47411	Снігурівка (Снігурівська сільська рада)	Ternopilska	Lanovetskyi	49.2504	25.1432
47411	Мала Снігурівка (Снігурівська сільська рада)	Ternopilska	Lanovetskyi	49.2504	25.1432
47412	Борсуки (Борсуківська сільська рада)	Ternopilska	Lanovetskyi	49.2504	25.1432
47412	Синівці (Борсуківська сільська рада)	Ternopilska	Lanovetskyi	49.2504	25.1432
47413	Великі Кусківці (Великокусковецька сільська рада)	Ternopilska	Lanovetskyi	49.2504	25.1432
47414	Чайчинці (Чайчинецька сільська рада)	Ternopilska	Lanovetskyi	49.2504	25.1432
47415	Нападівка (Борсуківська сільська рада)	Ternopilska	Lanovetskyi	49.2504	25.1432
47416	Передмірка (Передмірська сільська рада)	Ternopilska	Lanovetskyi	49.2504	25.1432
47420	Татаринці (Якимівська сільська рада)	Ternopilska	Lanovetskyi	49.2504	25.1432
47420	Якимівці (Якимівська сільська рада)	Ternopilska	Lanovetskyi	49.2504	25.1432
47421	Загірці (Загірцівська сільська рада)	Ternopilska	Lanovetskyi	49.2504	25.1432
47421	Михайлівка (Загірцівська сільська рада)	Ternopilska	Lanovetskyi	49.2504	25.1432
47422	Юськівці (Юськовецька сільська рада)	Ternopilska	Lanovetskyi	49.2504	25.1432
47430	Влащинці (Влащинецька сільська рада)	Ternopilska	Lanovetskyi	49.2504	25.1432
47430	Вербовець (Вербовецька сільська рада)	Ternopilska	Lanovetskyi	49.2504	25.1432
47431	Карначівка (Карначівська сільська рада)	Ternopilska	Lanovetskyi	49.2504	25.1432
47431	Шили (Карначівська сільська рада)	Ternopilska	Lanovetskyi	49.2504	25.1432
47431	Пахиня (Лопушненська сільська рада)	Ternopilska	Lanovetskyi	49.2504	25.1432
47432	Вишгородок (Вишгородоцька сільська рада)	Ternopilska	Lanovetskyi	49.2504	25.1432
47432	Соколівка (Вишгородоцька сільська рада)	Ternopilska	Lanovetskyi	49.2504	25.1432
47433	Коржківці (Верещаківська сільська рада)	Ternopilska	Lanovetskyi	49.2504	25.1432
47433	Лопушне (Лопушненська сільська рада)	Ternopilska	Lanovetskyi	49.2504	25.1432
47434	Верещаки (Верещаківська сільська рада)	Ternopilska	Lanovetskyi	49.2504	25.1432
47440	Жуківці (Бережанська сільська рада)	Ternopilska	Lanovetskyi	49.2504	25.1432
47440	Мартишківці (Малобілківська сільська рада)	Ternopilska	Lanovetskyi	49.2504	25.1432
47440	Бережанка (Бережанська сільська рада)	Ternopilska	Lanovetskyi	49.2504	25.1432
47440	Мала Білка (Малобілківська сільська рада)	Ternopilska	Lanovetskyi	49.2504	25.1432
47440	Велика Білка (Малобілківська сільська рада)	Ternopilska	Lanovetskyi	49.2504	25.1432
47441	Оришківці (Лановецька селищна рада)	Ternopilska	Lanovetskyi	49.2504	25.1432
47442	Мала Карначівка (Ванжулівська сільська рада)	Ternopilska	Lanovetskyi	49.2504	25.1432
47442	Ванжулів (Ванжулівська сільська рада)	Ternopilska	Lanovetskyi	49.2504	25.1432
47443	Буглів (Буглівська сільська рада)	Ternopilska	Lanovetskyi	49.2504	25.1432
47443	Люлинці (Буглівська сільська рада)	Ternopilska	Lanovetskyi	49.2504	25.1432
47443	Огризківці (Буглівська сільська рада)	Ternopilska	Lanovetskyi	49.2504	25.1432
47444	Коростова (Печірнянська сільська рада)	Ternopilska	Lanovetskyi	49.2504	25.1432
47444	Печірна (Печірнянська сільська рада)	Ternopilska	Lanovetskyi	49.2504	25.1432
47444	Кутиска (Печірнянська сільська рада)	Ternopilska	Lanovetskyi	49.2504	25.1432
47450	Гриньки (Гриньківська сільська рада)	Ternopilska	Lanovetskyi	49.2504	25.1432
47451	Молотків (Молотківська сільська рада)	Ternopilska	Lanovetskyi	49.2504	25.1432
47451	Осники (Молотківська сільська рада)	Ternopilska	Lanovetskyi	49.2504	25.1432
47452	Іванківці (Іванковецька сільська рада)	Ternopilska	Lanovetskyi	49.2504	25.1432
47453	Шушківці (Білозірська сільська рада)	Ternopilska	Lanovetskyi	49.2504	25.1432
47453	Білозірка (Білозірська сільська рада)	Ternopilska	Lanovetskyi	49.2504	25.1432
47454	Плиска (Москалівська сільська рада)	Ternopilska	Lanovetskyi	49.2504	25.1432
47454	Москалівка (Москалівська сільська рада)	Ternopilska	Lanovetskyi	49.2504	25.1432
47461	Грибова (Гриньківська сільська рада)	Ternopilska	Lanovetskyi	49.2504	25.1432
47462	Краснолука (Краснолуцька сільська рада)	Ternopilska	Lanovetskyi	49.2504	25.1432
47501	Бережани	Ternopilska	Berezhanskyi	49.45	24.9333
47502	Бережани	Ternopilska	Berezhanskyi	49.45	24.9333
47506	Рай (Бережанська міська рада)	Ternopilska	Berezhanskyi	49.45	24.9333
47510	Краснопуща (Урманська сільська рада)	Ternopilska	Berezhanskyi	49.45	24.9333
47510	Пліхів (Урманська сільська рада)	Ternopilska	Berezhanskyi	49.45	24.9333
47510	Урмань (Урманська сільська рада)	Ternopilska	Berezhanskyi	49.45	24.9333
47511	Писарівка (Рекшинська сільська рада)	Ternopilska	Berezhanskyi	49.45	24.9333
47511	Поточани (Рекшинська сільська рада)	Ternopilska	Berezhanskyi	49.45	24.9333
47511	Двірці (Рекшинська сільська рада)	Ternopilska	Berezhanskyi	49.45	24.9333
47511	Рекшин (Рекшинська сільська рада)	Ternopilska	Berezhanskyi	49.45	24.9333
47512	Залужжя (Біщівська сільська рада)	Ternopilska	Berezhanskyi	49.45	24.9333
47512	Біще (Біщівська сільська рада)	Ternopilska	Berezhanskyi	49.45	24.9333
47513	Шайбівка (Нараївська сільська рада)	Ternopilska	Berezhanskyi	49.45	24.9333
47513	Нараїв (Нараївська сільська рада)	Ternopilska	Berezhanskyi	49.45	24.9333
47513	Дуляби (Нараївська сільська рада)	Ternopilska	Berezhanskyi	49.45	24.9333
47514	Вербів (Вербівська сільська рада)	Ternopilska	Berezhanskyi	49.45	24.9333
47515	Жуків (Жуківська сільська рада)	Ternopilska	Berezhanskyi	49.45	24.9333
47515	Підлісне (Жуківська сільська рада)	Ternopilska	Berezhanskyi	49.45	24.9333
47515	Гиновичі (Жуківська сільська рада)	Ternopilska	Berezhanskyi	49.45	24.9333
47516	Ясне (Куропатницька сільська рада)	Ternopilska	Berezhanskyi	49.45	24.9333
47516	Баранівка (Куропатницька сільська рада)	Ternopilska	Berezhanskyi	49.45	24.9333
47516	Куропатники (Куропатницька сільська рада)	Ternopilska	Berezhanskyi	49.45	24.9333
47517	Лапшин (Лапшинська сільська рада)	Ternopilska	Berezhanskyi	49.45	24.9333
47517	Гайок (Лапшинська сільська рада)	Ternopilska	Berezhanskyi	49.45	24.9333
47520	Рогачин (Рогачинська сільська рада)	Ternopilska	Berezhanskyi	49.45	24.9333
47521	Шибалин (Шибалинська сільська рада)	Ternopilska	Berezhanskyi	49.45	24.9333
47521	Комарівка (Шибалинська сільська рада)	Ternopilska	Berezhanskyi	49.45	24.9333
47522	Куряни (Курянівська сільська рада)	Ternopilska	Berezhanskyi	49.45	24.9333
47522	Павлів (Курянівська сільська рада)	Ternopilska	Berezhanskyi	49.45	24.9333
47523	Гутисько (Підвисоцька сільська рада)	Ternopilska	Berezhanskyi	49.45	24.9333
47523	Підвисоке (Підвисоцька сільська рада)	Ternopilska	Berezhanskyi	49.45	24.9333
47523	Демня (Підвисоцька сільська рада)	Ternopilska	Berezhanskyi	49.45	24.9333
47524	Потутори (Потуторська сільська рада)	Ternopilska	Berezhanskyi	49.45	24.9333
47524	Жовнівка (Жовнівська сільська рада)	Ternopilska	Berezhanskyi	49.45	24.9333
47525	Червоне (Мечищівська сільська рада)	Ternopilska	Berezhanskyi	49.45	24.9333
47525	Надорожнів (Мечищівська сільська рада)	Ternopilska	Berezhanskyi	49.45	24.9333
47525	Кути (Мечищівська сільська рада)	Ternopilska	Berezhanskyi	49.45	24.9333
47525	Мечищів (Мечищівська сільська рада)	Ternopilska	Berezhanskyi	49.45	24.9333
47526	Вільховець (Вільховецька сільська рада)	Ternopilska	Berezhanskyi	49.45	24.9333
47530	Літятин (Літятинська сільська рада)	Ternopilska	Berezhanskyi	49.45	24.9333
47531	Нова Гребля (Рибниківська сільська рада)	Ternopilska	Berezhanskyi	49.45	24.9333
47531	Молохів (Котівська сільська рада)	Ternopilska	Berezhanskyi	49.45	24.9333
47531	Рибники (Рибниківська сільська рада)	Ternopilska	Berezhanskyi	49.45	24.9333
47533	Базниківка (Саранчуківська сільська рада)	Ternopilska	Berezhanskyi	49.45	24.9333
47533	Саранчуки (Саранчуківська сільська рада)	Ternopilska	Berezhanskyi	49.45	24.9333
47534	Тростянець (Тростянецька сільська рада)	Ternopilska	Berezhanskyi	49.45	24.9333
47535	Волощина (Божиківська сільська рада)	Ternopilska	Berezhanskyi	49.45	24.9333
47535	Квіткове (Божиківська сільська рада)	Ternopilska	Berezhanskyi	49.45	24.9333
47535	Божиків (Божиківська сільська рада)	Ternopilska	Berezhanskyi	49.45	24.9333
47536	Діброва (Слов'ятинська сільська рада)	Ternopilska	Berezhanskyi	49.45	24.9333
47536	Слов'ятин (Слов'ятинська сільська рада)	Ternopilska	Berezhanskyi	49.45	24.9333
47541	Волиця (Рогачинська сільська рада)	Ternopilska	Berezhanskyi	49.45	24.9333
47542	Котів (Котівська сільська рада)	Ternopilska	Berezhanskyi	49.45	24.9333
47543	Лісники (Бережанська міська рада)	Ternopilska	Berezhanskyi	49.45	24.9333
47544	Надрічне (Надрічнянська сільська рада)	Ternopilska	Berezhanskyi	49.45	24.9333
47545	Поручин (Біщівська сільська рада)	Ternopilska	Berezhanskyi	49.45	24.9333
47546	Посухів (Посухівська сільська рада)	Ternopilska	Berezhanskyi	49.45	24.9333
47547	Стриганці (Рекшинська сільська рада)	Ternopilska	Berezhanskyi	49.45	24.9333
47601	Козова (Козівська селищна рада)	Ternopilska	Kozivskyi	49.2504	25.1432
47602	Козова (Козівська селищна рада)	Ternopilska	Kozivskyi	49.2504	25.1432
47610	Августівка (Августівська сільська рада)	Ternopilska	Kozivskyi	49.2504	25.1432
47610	Хоробрів (Августівська сільська рада)	Ternopilska	Kozivskyi	49.2504	25.1432
47610	Хоростець (Августівська сільська рада)	Ternopilska	Kozivskyi	49.2504	25.1432
47611	Золочівка (Глинська сільська рада)	Ternopilska	Kozivskyi	49.2504	25.1432
47611	Глинна (Глинська сільська рада)	Ternopilska	Kozivskyi	49.2504	25.1432
47612	Конюхи (Конюхівська сільська рада)	Ternopilska	Kozivskyi	49.2504	25.1432
47612	Заберезки (Конюхівська сільська рада)	Ternopilska	Kozivskyi	49.2504	25.1432
47612	Залісся (Конюхівська сільська рада)	Ternopilska	Kozivskyi	49.2504	25.1432
47613	Бишки (Бишківська сільська рада)	Ternopilska	Kozivskyi	49.2504	25.1432
47614	Вибудів (Вибудівська сільська рада)	Ternopilska	Kozivskyi	49.2504	25.1432
47620	Велика Плавуча (Великоплавучанська сільська рада)	Ternopilska	Kozivskyi	49.2504	25.1432
47620	Цицори (Великоплавучанська сільська рада)	Ternopilska	Kozivskyi	49.2504	25.1432
47621	Мала Плавуча (Малоплавучанська сільська рада)	Ternopilska	Kozivskyi	49.2504	25.1432
47622	Таурів (Таурівська сільська рада)	Ternopilska	Kozivskyi	49.2504	25.1432
47623	Медова (Будилівська сільська рада)	Ternopilska	Kozivskyi	49.2504	25.1432
47623	Вимислівка (Вибудівська сільська рада)	Ternopilska	Kozivskyi	49.2504	25.1432
47623	Будилів (Будилівська сільська рада)	Ternopilska	Kozivskyi	49.2504	25.1432
47630	Покропивна (Покропивнянська сільська рада)	Ternopilska	Kozivskyi	49.2504	25.1432
47631	Козлів (Козлівська селищна рада)	Ternopilska	Kozivskyi	49.2504	25.1432
47632	Слобідка (Слобідківська сільська рада)	Ternopilska	Kozivskyi	49.2504	25.1432
47633	Млинці (Городищенська сільська рада)	Ternopilska	Kozivskyi	49.2504	25.1432
47633	Городище (Городищенська сільська рада)	Ternopilska	Kozivskyi	49.2504	25.1432
47640	Сеньків (Потіцька сільська рада)	Ternopilska	Kozivskyi	49.2504	25.1432
47640	Ценів (Ценівська сільська рада)	Ternopilska	Kozivskyi	49.2504	25.1432
47641	Уритва (Олесинська сільська рада)	Ternopilska	Kozivskyi	49.2504	25.1432
47641	Олесине (Олесинська сільська рада)	Ternopilska	Kozivskyi	49.2504	25.1432
47642	Козівка (Козівківська сільська рада)	Ternopilska	Kozivskyi	49.2504	25.1432
47643	Дибще (Дибщенська сільська рада)	Ternopilska	Kozivskyi	49.2504	25.1432
47650	Плотича (Плотичанська сільська рада)	Ternopilska	Kozivskyi	49.2504	25.1432
47650	Горби (Городищенська сільська рада)	Ternopilska	Kozivskyi	49.2504	25.1432
47651	Денисів (Денисівська сільська рада)	Ternopilska	Kozivskyi	49.2504	25.1432
47652	Плоска (Теофіпіліпська сільська рада)	Ternopilska	Kozivskyi	49.2504	25.1432
47652	Теофіпілка (Теофіпіліпська сільська рада)	Ternopilska	Kozivskyi	49.2504	25.1432
47653	Золота Слобода (Золотослобідська сільська рада)	Ternopilska	Kozivskyi	49.2504	25.1432
47660	Великий Ходачків (Великоходачківська сільська рада)	Ternopilska	Kozivskyi	49.2504	25.1432
47661	Яструбове (Яструбівська сільська рада)	Ternopilska	Kozivskyi	49.2504	25.1432
47661	Веснівка (Денисівська сільська рада)	Ternopilska	Kozivskyi	49.2504	25.1432
47662	Драгоманівка (Купчинецька сільська рада)	Ternopilska	Kozivskyi	49.2504	25.1432
47662	Купчинці (Купчинецька сільська рада)	Ternopilska	Kozivskyi	49.2504	25.1432
47663	Ішків (Ішківська сільська рада)	Ternopilska	Kozivskyi	49.2504	25.1432
47663	Дворище (Ішківська сільська рада)	Ternopilska	Kozivskyi	49.2504	25.1432
47663	Росохуватець (Ішківська сільська рада)	Ternopilska	Kozivskyi	49.2504	25.1432
47670	Криве (Кривенська сільська рада)	Ternopilska	Kozivskyi	49.2504	25.1432
47671	Щепанів (Щепанівська сільська рада)	Ternopilska	Kozivskyi	49.2504	25.1432
47672	Кальне (Кальненська сільська рада)	Ternopilska	Kozivskyi	49.2504	25.1432
47673	Вівся (Вівсянська сільська рада)	Ternopilska	Kozivskyi	49.2504	25.1432
47681	Вікторівка (Теофіпіліпська сільська рада)	Ternopilska	Kozivskyi	49.2504	25.1432
47682	Геленки (Геленківська сільська рада)	Ternopilska	Kozivskyi	49.2504	25.1432
47683	Дмухівці (Козлівська селищна рада)	Ternopilska	Kozivskyi	49.2504	25.1432
47684	Потік (Потіцька сільська рада)	Ternopilska	Kozivskyi	49.2504	25.1432
47690	Будова	Ternopilska	Kozivskyi	49.2504	25.1432
47690	Маковисько (Кальненська сільська рада)	Ternopilska	Kozivskyi	49.2504	25.1432
47690	Йосипівка (Кривенська сільська рада)	Ternopilska	Kozivskyi	49.2504	25.1432
47690	Бартошівка (Щепанівська сільська рада)	Ternopilska	Kozivskyi	49.2504	25.1432
47701	Ігровиця (Ігровицька сільська рада)	Ternopilska	Ternopilskyi	49.2504	25.1432
47702	Дубівці (Дубовецька сільська рада)	Ternopilska	Ternopilskyi	49.2504	25.1432
47703	Великий Глибочок (Великоглибочецька сільська рада)	Ternopilska	Ternopilskyi	49.2504	25.1432
47704	Івачів Долішній (Івачеводолішнівська сільська рада)	Ternopilska	Ternopilskyi	49.2504	25.1432
47704	Плотича (Плотицька сільська рада)	Ternopilska	Ternopilskyi	49.2504	25.1432
47705	Чистилів (Чистилівська сільська рада)	Ternopilska	Ternopilskyi	49.2504	25.1432
47706	Лозова (Лозівська сільська рада)	Ternopilska	Ternopilskyi	49.2504	25.1432
47707	Біла (Білецька сільська рада)	Ternopilska	Ternopilskyi	49.2504	25.1432
47708	Домаморич (Домаморицька сільська рада)	Ternopilska	Ternopilskyi	49.2504	25.1432
47708	Довжанка (Довжанська сільська рада)	Ternopilska	Ternopilskyi	49.2504	25.1432
47710	Гаї Гречинські (Шляхтинецька сільська рада)	Ternopilska	Ternopilskyi	49.2504	25.1432
47710	Шляхтинці (Шляхтинецька сільська рада)	Ternopilska	Ternopilskyi	49.2504	25.1432
47711	Байківці (Байковецька сільська рада)	Ternopilska	Ternopilskyi	49.2504	25.1432
47712	Чернелів-Руський (Чернелево-Руська сільська рада)	Ternopilska	Ternopilskyi	49.2504	25.1432
47713	Соборне (Чернелево-Руська сільська рада)	Ternopilska	Ternopilskyi	49.2504	25.1432
47714	Ангелівка (Романівська сільська рада)	Ternopilska	Ternopilskyi	49.2504	25.1432
47715	Романівка (Романівська сільська рада)	Ternopilska	Ternopilskyi	49.2504	25.1432
47716	Гаї Шевченківські (Шляхтинецька сільська рада)	Ternopilska	Ternopilskyi	49.2504	25.1432
47717	Смиківці (Смиковецька сільська рада)	Ternopilska	Ternopilskyi	49.2504	25.1432
47720	Петриків (Петриківська сільська рада)	Ternopilska	Ternopilskyi	49.2504	25.1432
47721	Забойки (Почапинська сільська рада)	Ternopilska	Ternopilskyi	49.2504	25.1432
47721	Почапинці (Почапинська сільська рада)	Ternopilska	Ternopilskyi	49.2504	25.1432
47722	Великі Гаї (Великогаївська сільська рада)	Ternopilska	Ternopilskyi	49.2504	25.1432
47723	Драганівка (Драганівська сільська рада)	Ternopilska	Ternopilskyi	49.2504	25.1432
47724	Велика Березовиця (Великоберезовицька селищна рада)	Ternopilska	Ternopilskyi	49.2504	25.1432
47725	Велика Березовиця (Великоберезовицька селищна рада)	Ternopilska	Ternopilskyi	49.2504	25.1432
47728	Серединки (Буцнівська сільська рада)	Ternopilska	Ternopilskyi	49.2504	25.1432
47728	Острів (Острівська сільська рада)	Ternopilska	Ternopilskyi	49.2504	25.1432
47730	Буцнів (Буцнівська сільська рада)	Ternopilska	Ternopilskyi	49.2504	25.1432
47731	Велика Лука (Великолуцька сільська рада)	Ternopilska	Ternopilskyi	49.2504	25.1432
47732	Хатки (Великолуцька сільська рада)	Ternopilska	Ternopilskyi	49.2504	25.1432
47732	Мишковичі (Мишковицька сільська рада)	Ternopilska	Ternopilskyi	49.2504	25.1432
47733	Миролюбівка (Миролюбівська сільська рада)	Ternopilska	Ternopilskyi	49.2504	25.1432
47734	Настасів (Настасівська сільська рада)	Ternopilska	Ternopilskyi	49.2504	25.1432
47735	Мар'янівка (Йосипівська сільська рада)	Ternopilska	Ternopilskyi	49.2504	25.1432
47735	Йосипівка (Йосипівська сільська рада)	Ternopilska	Ternopilskyi	49.2504	25.1432
47737	Теофілівка (Скоморохівська сільська рада)	Ternopilska	Ternopilskyi	49.2504	25.1432
47737	Смолянка (Скоморохівська сільська рада)	Ternopilska	Ternopilskyi	49.2504	25.1432
47739	Грицівці (Кретівська сільська рада)	Ternopilska	Zbarazkyi	49.2504	25.1432
47739	Кретівці (Кретівська сільська рада)	Ternopilska	Zbarazkyi	49.2504	25.1432
47740	Великі Бірки (Великобірківська селищна рада)	Ternopilska	Ternopilskyi	49.2504	25.1432
47741	Малий Ходачків (Малоходачківська сільська рада)	Ternopilska	Ternopilskyi	49.2504	25.1432
47741	Костянтинівка (Малоходачківська сільська рада)	Ternopilska	Ternopilskyi	49.2504	25.1432
47742	Товстолуг (Товстолузька сільська рада)	Ternopilska	Ternopilskyi	49.2504	25.1432
47742	Красівка (Дичківська сільська рада)	Ternopilska	Ternopilskyi	49.2504	25.1432
47742	Застінка (Товстолузька сільська рада)	Ternopilska	Ternopilskyi	49.2504	25.1432
47742	Білоскірка (Грабовецька сільська рада)	Ternopilska	Ternopilskyi	49.2504	25.1432
47743	Баворів (Баворівська сільська рада)	Ternopilska	Ternopilskyi	49.2504	25.1432
47743	Застав'є (Баворівська сільська рада)	Ternopilska	Ternopilskyi	49.2504	25.1432
47744	Скоморохи (Скоморохівська сільська рада)	Ternopilska	Ternopilskyi	49.2504	25.1432
47745	Козівка (Козівська сільська рада)	Ternopilska	Ternopilskyi	49.2504	25.1432
47746	Ободівка (Терпилівська сільська рада)	Ternopilska	Pidvolochyskyi	49.2504	25.1432
47746	Гущанки (Терпилівська сільська рада)	Ternopilska	Pidvolochyskyi	49.2504	25.1432
47746	Коршилівка (Супранівська сільська рада)	Ternopilska	Pidvolochyskyi	49.2504	25.1432
47746	Шевченково (Клебанівська сільська рада)	Ternopilska	Pidvolochyskyi	49.2504	25.1432
47747	Лучка (Миролюбівська сільська рада)	Ternopilska	Ternopilskyi	49.2504	25.1432
47748	Прошова (Скоморохівська сільська рада)	Ternopilska	Ternopilskyi	49.2504	25.1432
47749	Грабовець (Грабовецька сільська рада)	Ternopilska	Ternopilskyi	49.2504	25.1432
47750	Кип'ячка (Великоберезовицька селищна рада)	Ternopilska	Ternopilskyi	49.2504	25.1432
47751	Підгороднє (Підгороднянська сільська рада)	Ternopilska	Ternopilskyi	49.2504	25.1432
47753	Івачів Горішній (Івачеводолішнівська сільська рада)	Ternopilska	Ternopilskyi	49.2504	25.1432
47754	Стегниківці (Стегниківська сільська рада)	Ternopilska	Ternopilskyi	49.2504	25.1432
47755	Ступки (Cтупківська сільська рада)	Ternopilska	Ternopilskyi	49.2504	25.1432
47756	Дичків (Дичківська сільська рада)	Ternopilska	Ternopilskyi	49.2504	25.1432
47757	Курники (Лозівська сільська рада)	Ternopilska	Ternopilskyi	49.2504	25.1432
47801	Мислова (Мисловецька сільська рада)	Ternopilska	Pidvolochyskyi	49.2504	25.1432
47801	Підволочиськ (Підволочиська селищна рада)	Ternopilska	Pidvolochyskyi	49.2504	25.1432
47810	Лисичинці (Лисичинська сільська рада)	Ternopilska	Pidvolochyskyi	49.2504	25.1432
47810	Шельпаки (Лисичинська сільська рада)	Ternopilska	Pidvolochyskyi	49.2504	25.1432
47811	Козярі (Новосільська сільська рада)	Ternopilska	Pidvolochyskyi	49.2504	25.1432
47811	Нове Село (Новосільська сільська рада)	Ternopilska	Pidvolochyskyi	49.2504	25.1432
47811	Голошинці (Новосільська сільська рада)	Ternopilska	Pidvolochyskyi	49.2504	25.1432
47811	Гнилички (Новосільська сільська рада)	Ternopilska	Pidvolochyskyi	49.2504	25.1432
47812	Лозівка (Терпилівська сільська рада)	Ternopilska	Pidvolochyskyi	49.2504	25.1432
47813	Терпилівка (Терпилівська сільська рада)	Ternopilska	Pidvolochyskyi	49.2504	25.1432
47814	Климківці (Скориківська сільська рада)	Ternopilska	Pidvolochyskyi	49.2504	25.1432
47814	Скорики (Скориківська сільська рада)	Ternopilska	Pidvolochyskyi	49.2504	25.1432
47814	Просівці (Воробіївська сільська рада)	Ternopilska	Pidvolochyskyi	49.2504	25.1432
47814	Пеньківці (Воробіївська сільська рада)	Ternopilska	Pidvolochyskyi	49.2504	25.1432
47820	Гнилиці (Гнилицька сільська рада)	Ternopilska	Pidvolochyskyi	49.2504	25.1432
47821	Щаснівка (Пальчинська сільська рада)	Ternopilska	Pidvolochyskyi	49.2504	25.1432
47821	Пальчинці (Пальчинська сільська рада)	Ternopilska	Pidvolochyskyi	49.2504	25.1432
47822	Кошляки (Кошляківська сільська рада)	Ternopilska	Pidvolochyskyi	49.2504	25.1432
47822	Голотки (Кошляківська сільська рада)	Ternopilska	Pidvolochyskyi	49.2504	25.1432
47823	Токи (Токівська сільська рада)	Ternopilska	Pidvolochyskyi	49.2504	25.1432
47824	Воробіївка (Воробіївська сільська рада)	Ternopilska	Pidvolochyskyi	49.2504	25.1432
47830	Клебанівка (Клебанівська сільська рада)	Ternopilska	Pidvolochyskyi	49.2504	25.1432
47832	Богданівка (Богданівська сільська рада)	Ternopilska	Pidvolochyskyi	49.2504	25.1432
47833	Дорофіївка (Дорофіївська сільська рада)	Ternopilska	Pidvolochyskyi	49.2504	25.1432
47834	Староміщина (Староміщинська сільська рада)	Ternopilska	Pidvolochyskyi	49.2504	25.1432
47836	Супранівка (Супранівська сільська рада)	Ternopilska	Pidvolochyskyi	49.2504	25.1432
47837	Росохуватець (Супранівська сільська рада)	Ternopilska	Pidvolochyskyi	49.2504	25.1432
47840	"Мовчанівка (Кам""янківська сільська рада)"	Ternopilska	Pidvolochyskyi	49.2504	25.1432
47840	Кам'янки (Кам'янківська сільська рада)	Ternopilska	Pidvolochyskyi	49.2504	25.1432
47841	Галущинці (Галущинська сільська рада)	Ternopilska	Pidvolochyskyi	49.2504	25.1432
47842	Хмелиська (Хмелиськівська сільська рада)	Ternopilska	Pidvolochyskyi	49.2504	25.1432
47843	Жеребки (Жеребківська сільська рада)	Ternopilska	Pidvolochyskyi	49.2504	25.1432
47844	Колодіївка (Колодіївська сільська рада)	Ternopilska	Pidvolochyskyi	49.2504	25.1432
47844	Панасівка (Колодіївська сільська рада)	Ternopilska	Pidvolochyskyi	49.2504	25.1432
47845	Старий Скалат (Староскалатська сільська рада)	Ternopilska	Pidvolochyskyi	49.2504	25.1432
47850	Митниця (Магдалівська сільська рада)	Ternopilska	Pidvolochyskyi	49.2504	25.1432
47850	Теклівка (Магдалівська сільська рада)	Ternopilska	Pidvolochyskyi	49.2504	25.1432
47850	Магдалівка (Магдалівська сільська рада)	Ternopilska	Pidvolochyskyi	49.2504	25.1432
47851	Скалат (Скалатська міська рада)	Ternopilska	Pidvolochyskyi	49.2504	25.1432
47851	Поплави (Скалатська міська рада)	Ternopilska	Pidvolochyskyi	49.2504	25.1432
47852	Качанівка (Качанівська сільська рада)	Ternopilska	Pidvolochyskyi	49.2504	25.1432
47853	Оріховець (Оріховецька сільська рада)	Ternopilska	Pidvolochyskyi	49.2504	25.1432
47853	Рожиськ (Рожиська сільська рада)	Ternopilska	Pidvolochyskyi	49.2504	25.1432
47854	Городниця (Городницька сільська рада)	Ternopilska	Pidvolochyskyi	49.2504	25.1432
47855	Іванівка (Іванівська сільська рада)	Ternopilska	Pidvolochyskyi	49.2504	25.1432
47860	Хоптянка (Подільська сільська рада)	Ternopilska	Pidvolochyskyi	49.2504	25.1432
47860	Поділля (Подільська сільська рада)	Ternopilska	Pidvolochyskyi	49.2504	25.1432
47861	Остап'є (Остап'ївська сільська рада)	Ternopilska	Pidvolochyskyi	49.2504	25.1432
47862	Турівка (Турівська сільська рада)	Ternopilska	Pidvolochyskyi	49.2504	25.1432
47862	Тарнаруда (Турівська сільська рада)	Ternopilska	Pidvolochyskyi	49.2504	25.1432
47862	Фащівка (Турівська сільська рада)	Ternopilska	Pidvolochyskyi	49.2504	25.1432
47871	Зарубинці (Зарубинецька сільська рада)	Ternopilska	Pidvolochyskyi	49.2504	25.1432
47872	Криве (Кривенська сільська рада)	Ternopilska	Pidvolochyskyi	49.2504	25.1432
47873	Медин (Воробіївська сільська рада)	Ternopilska	Pidvolochyskyi	49.2504	25.1432
47874	Новосілка (Новосілківська сільська рада)	Ternopilska	Pidvolochyskyi	49.2504	25.1432
47875	Полупанівка (Сароскалатська сільська рада)	Ternopilska	Pidvolochyskyi	49.2504	25.1432
47876	Сухівці (Новосільська сільська рада)	Ternopilska	Pidvolochyskyi	49.2504	25.1432
47877	Чернилівка (Чернилівська сільська рада)	Ternopilska	Pidvolochyskyi	49.2504	25.1432
48000	Підгайці (Підгаєцька міська рада)	Ternopilska	Pidhaietskyi	49.6419	26.8203
48000	Галич (Галицька сільська рада)	Ternopilska	Pidhaietskyi	49.6419	26.8203
48010	Мирне (Мирненська сільська рада)	Ternopilska	Pidhaietskyi	49.6419	26.8203
48011	Мужилів (Мужилівська сільська рада)	Ternopilska	Pidhaietskyi	49.6419	26.8203
48012	Новосілка (Новосілківська сільська рада)	Ternopilska	Pidhaietskyi	49.6419	26.8203
48013	Сонячне (Поплавська сільська рада)	Ternopilska	Pidhaietskyi	49.6419	26.8203
48013	Степове (Поплавська сільська рада)	Ternopilska	Pidhaietskyi	49.6419	26.8203
48013	Поплави (Поплавська сільська рада)	Ternopilska	Pidhaietskyi	49.6419	26.8203
48014	Бронгалівка (Бронгалівська сільська рада)	Ternopilska	Pidhaietskyi	49.6419	26.8203
48014	Білокриниця (Білокриницька сільська рада)	Ternopilska	Pidhaietskyi	49.6419	26.8203
48014	Михайлівка (Бронгалівська сільська рада)	Ternopilska	Pidhaietskyi	49.6419	26.8203
48020	Яблунівка (Угринівська сільська рада)	Ternopilska	Pidhaietskyi	49.6419	26.8203
48020	Угринів (Угринівська сільська рада)	Ternopilska	Pidhaietskyi	49.6419	26.8203
48021	Сільце (Сільцівська сільська рада)	Ternopilska	Pidhaietskyi	49.6419	26.8203
48022	Вербів (Вербівська сільська рада)	Ternopilska	Pidhaietskyi	49.6419	26.8203
48023	Заставче (Завалівська сільська рада)	Ternopilska	Pidhaietskyi	49.6419	26.8203
48023	Затурин (Завалівська сільська рада)	Ternopilska	Pidhaietskyi	49.6419	26.8203
48023	Завалів (Завалівська сільська рада)	Ternopilska	Pidhaietskyi	49.6419	26.8203
48023	Середнє (Завалівська сільська рада)	Ternopilska	Pidhaietskyi	49.6419	26.8203
48024	Голгоча (Голгочанська сільська рада)	Ternopilska	Pidhaietskyi	49.6419	26.8203
48024	Волиця (Голгочанська сільська рада)	Ternopilska	Pidhaietskyi	49.6419	26.8203
48030	Старий Литвинів (Литвинівська сільська рада)	Ternopilska	Pidhaietskyi	49.6419	26.8203
48030	Литвинів (Литвинівська сільська рада)	Ternopilska	Pidhaietskyi	49.6419	26.8203
48030	Рудники (Литвинівська сільська рада)	Ternopilska	Pidhaietskyi	49.6419	26.8203
48031	Шумляни (Шумлянська сільська рада)	Ternopilska	Pidhaietskyi	49.6419	26.8203
48032	Боків (Боківська сільська рада)	Ternopilska	Pidhaietskyi	49.6419	26.8203
48033	Носів (Носівська сільська рада)	Ternopilska	Pidhaietskyi	49.6419	26.8203
48034	Червень (Гнильченська сільська рада)	Ternopilska	Pidhaietskyi	49.6419	26.8203
48034	Пановичі (Гнильченська сільська рада)	Ternopilska	Pidhaietskyi	49.6419	26.8203
48034	Гнильче (Гнильченська сільська рада)	Ternopilska	Pidhaietskyi	49.6419	26.8203
48035	Лиса (Носівська сільська рада)	Ternopilska	Pidhaietskyi	49.6419	26.8203
48040	Вага (Бронгалівська сільська рада)	Ternopilska	Pidhaietskyi	49.6419	26.8203
48040	Юстинівка (Юстинівська сільська рада)	Ternopilska	Pidhaietskyi	49.6419	26.8203
48040	Мозолівка (Мозолівська сільська рада)	Ternopilska	Pidhaietskyi	49.6419	26.8203
48041	Голендра (Староміська сільська рада)	Ternopilska	Pidhaietskyi	49.6419	26.8203
48042	Старе Місто (Староміська сільська рада)	Ternopilska	Pidhaietskyi	49.6419	26.8203
48042	Загайці (Староміська сільська рада)	Ternopilska	Pidhaietskyi	49.6419	26.8203
48101	Теребовля (Теребовлянська міська рада)	Ternopilska	Terebovlianskyi	49.6419	26.8203
48101	Маловоди (Маловодівська сільська рада)	Ternopilska	Terebovlianskyi	49.6419	26.8203
48104	Остальці (Сущинська сільська рада)	Ternopilska	Terebovlianskyi	49.6419	26.8203
48106	Боричівка (Теребовлянська міська рада)	Ternopilska	Terebovlianskyi	49.6419	26.8203
48107	Острівець (Острівецька сільська рада)	Ternopilska	Terebovlianskyi	49.6419	26.8203
48107	Зубів (Різдвянівська сільська рада)	Ternopilska	Terebovlianskyi	49.6419	26.8203
48107	Кам'янка (Дарахівська сільська рада)	Ternopilska	Terebovlianskyi	49.6419	26.8203
48108	Підгора (Підгайчицька сільська рада)	Ternopilska	Terebovlianskyi	49.6419	26.8203
48108	Семенів (Підгайчицька сільська рада)	Ternopilska	Terebovlianskyi	49.6419	26.8203
48108	Зеленче (Підгайчицька сільська рада)	Ternopilska	Terebovlianskyi	49.6419	26.8203
48108	Малів (Підгайчицька сільська рада)	Ternopilska	Terebovlianskyi	49.6419	26.8203
48110	Багатківці (Багатківська сільська рада)	Ternopilska	Terebovlianskyi	49.6419	26.8203
48111	Семиківці (Семиківська сільська рада)	Ternopilska	Terebovlianskyi	49.6419	26.8203
48111	Бенева (Бенівська сільська рада)	Ternopilska	Terebovlianskyi	49.6419	26.8203
48111	Підруда (Семиківська сільська рада)	Ternopilska	Terebovlianskyi	49.6419	26.8203
48112	Гончарки (Соснівська сільська рада)	Ternopilska	Terebovlianskyi	49.6419	26.8203
48112	Раковець (Соснівська сільська рада)	Ternopilska	Terebovlianskyi	49.6419	26.8203
48112	Соснів (Соснівська сільська рада)	Ternopilska	Terebovlianskyi	49.6419	26.8203
48113	Надрічне (Надрічненська сільська рада)	Ternopilska	Terebovlianskyi	49.6419	26.8203
48114	Сокільники (Соколівська сільська рада)	Ternopilska	Terebovlianskyi	49.6419	26.8203
48114	Панталиха (Соколівська сільська рада)	Ternopilska	Terebovlianskyi	49.6419	26.8203
48114	Соколів (Соколівська сільська рада)	Ternopilska	Terebovlianskyi	49.6419	26.8203
48115	Золотники (Золотниківська сільська рада)	Ternopilska	Terebovlianskyi	49.6419	26.8203
48116	Бурканів (Бурканівська сільська рада)	Ternopilska	Terebovlianskyi	49.6419	26.8203
48120	Кривки (Микулинецька селищна рада)	Ternopilska	Terebovlianskyi	49.6419	26.8203
48120	Микулинці (Микулинецька селищна рада)	Ternopilska	Terebovlianskyi	49.6419	26.8203
48122	Конопківка (Микулинецька селищна рада)	Ternopilska	Terebovlianskyi	49.6419	26.8203
48123	Дворіччя (Дворічанська сільська рада)	Ternopilska	Terebovlianskyi	49.6419	26.8203
48124	Ладичин (Ладичинська сільська рада)	Ternopilska	Terebovlianskyi	49.6419	26.8203
48125	Заздрість (Заздрівська сільська рада)	Ternopilska	Terebovlianskyi	49.6419	26.8203
48126	Варваринці (Струсівська сільська рада)	Ternopilska	Terebovlianskyi	49.6419	26.8203
48127	Бернадівка (Струсівська сільська рада)	Ternopilska	Terebovlianskyi	49.6419	26.8203
48127	Струсів (Струсівська сільська рада)	Ternopilska	Terebovlianskyi	49.6419	26.8203
48130	Дружба (Дружбівська селищна рада)	Ternopilska	Terebovlianskyi	49.6419	26.8203
48131	Сущин (Сущинська сільська рада)	Ternopilska	Terebovlianskyi	49.6419	26.8203
48132	Сороцьке (Сороцька сільська рада)	Ternopilska	Terebovlianskyi	49.6419	26.8203
48133	Лошнів (Лошнівська сільська рада)	Ternopilska	Terebovlianskyi	49.6419	26.8203
48134	Ілавче (Ілавченська сільська рада)	Ternopilska	Terebovlianskyi	49.6419	26.8203
48135	Кровинка (Кровинківська сільська рада)	Ternopilska	Terebovlianskyi	49.6419	26.8203
48136	Глещава (Глещавська сільська рада)	Ternopilska	Terebovlianskyi	49.6419	26.8203
48137	Лозівка (Іванівська сільська рада)	Ternopilska	Terebovlianskyi	49.6419	26.8203
48137	Іванівка (Іванівська сільська рада)	Ternopilska	Terebovlianskyi	49.6419	26.8203
48140	Гайворонка (Гайворонківська сільська рада)	Ternopilska	Terebovlianskyi	49.6419	26.8203
48141	Гвардійське (Гвардійська сільська рада)	Ternopilska	Terebovlianskyi	49.6419	26.8203
48141	Котузів (Котузівська сільська рада)	Ternopilska	Terebovlianskyi	49.6419	26.8203
48142	Вишнівчик (Вишнівчицька сільська рада)	Ternopilska	Terebovlianskyi	49.6419	26.8203
48142	Вишеньки (Вишнівчицька сільська рада)	Ternopilska	Terebovlianskyi	49.6419	26.8203
48143	Зарваниця (Вишнівчицька сільська рада)	Ternopilska	Terebovlianskyi	49.6419	26.8203
48143	Сапова (Вишнівчицька сільська рада)	Ternopilska	Terebovlianskyi	49.6419	26.8203
48144	Стара Брикуля (Хмелівська сільська рада)	Ternopilska	Terebovlianskyi	49.6419	26.8203
48145	Хмелівка (Хмелівська сільська рада)	Ternopilska	Terebovlianskyi	49.6419	26.8203
48145	Нова Брикуля (Хмелівська сільська рада)	Ternopilska	Terebovlianskyi	49.6419	26.8203
48146	Дарахів (Дарахівська сільська рада)	Ternopilska	Terebovlianskyi	49.6419	26.8203
48147	Тютьків (Дарахівська сільська рада)	Ternopilska	Terebovlianskyi	49.6419	26.8203
48150	Підгайчики (Підгайчицька сільська рада)	Ternopilska	Terebovlianskyi	49.6419	26.8203
48151	Романівка (Романівська сільська рада)	Ternopilska	Terebovlianskyi	49.6419	26.8203
48152	Нова Могильниця (Могильницька сільська рада)	Ternopilska	Terebovlianskyi	49.6419	26.8203
48153	Ласківці (Ласковецька сільська рада)	Ternopilska	Terebovlianskyi	49.6419	26.8203
48154	Буданів (Буданівська сільська рада)	Ternopilska	Terebovlianskyi	49.6419	26.8203
48154	Папірня (Буданівська сільська рада)	Ternopilska	Terebovlianskyi	49.6419	26.8203
48155	Вербівці (Вербовецька сільська рада)	Ternopilska	Terebovlianskyi	49.6419	26.8203
48160	Довге (Довгенська сільська рада)	Ternopilska	Terebovlianskyi	49.6419	26.8203
48161	Мшанець (Мшанецька сільська рада)	Ternopilska	Terebovlianskyi	49.6419	26.8203
48162	Великий Говилів (Великоговилівська сільська рада)	Ternopilska	Terebovlianskyi	49.6419	26.8203
48162	Малий Говилів (Великоговилівська сільська рада)	Ternopilska	Terebovlianskyi	49.6419	26.8203
48163	Слобідка (Долинська сільська рада)	Ternopilska	Terebovlianskyi	49.6419	26.8203
48163	Долина (Долинська сільська рада)	Ternopilska	Terebovlianskyi	49.6419	26.8203
48164	Кобиловолоки (Кобиловолоцька сільська рада)	Ternopilska	Terebovlianskyi	49.6419	26.8203
48164	Млиниська (Кобиловолоцька сільська рада)	Ternopilska	Terebovlianskyi	49.6419	26.8203
48171	Воля (Микулинецька селищна рада)	Ternopilska	Terebovlianskyi	49.6419	26.8203
48172	Гумниська (Острівецька сільська рада)	Ternopilska	Terebovlianskyi	49.6419	26.8203
48173	Деренівка (Довгенська сільська рада)	Ternopilska	Terebovlianskyi	49.6419	26.8203
48174	Залав'є (Плебанівська сільська рада)	Ternopilska	Terebovlianskyi	49.6419	26.8203
48175	Застіноче (Острівецька сільська рада)	Ternopilska	Terebovlianskyi	49.6419	26.8203
48176	Налужжя (Струсівська сільська рада)	Ternopilska	Terebovlianskyi	49.6419	26.8203
48177	Плебанівка (Плебанівська сільська рада)	Ternopilska	Terebovlianskyi	49.6419	26.8203
48178	Різдвяни (Різдвянівська сільська рада)	Ternopilska	Terebovlianskyi	49.6419	26.8203
48179	Стара Могильниця (Могильницька сільська рада)	Ternopilska	Terebovlianskyi	49.6419	26.8203
48201	Боднарівка (Суходільська сільська рада)	Ternopilska	Husiatynskyi	49.6419	26.8203
48201	Гусятин (Гусятинська селищна рада)	Ternopilska	Husiatynskyi	49.6419	26.8203
48206	Увисла (Увислівська сільська рада)	Ternopilska	Husiatynskyi	49.6419	26.8203
48207	Суходіл (Суходільська сільська рада)	Ternopilska	Husiatynskyi	49.6419	26.8203
48208	Шидлівці (Сидорівська сільська рада)	Ternopilska	Husiatynskyi	49.6419	26.8203
48208	Сидорів (Сидорівська сільська рада)	Ternopilska	Husiatynskyi	49.6419	26.8203
48210	Гримайлів (Гримайлівська селищна рада)	Ternopilska	Husiatynskyi	49.6419	26.8203
48210	Білинівка (Зеленівська сільська рада)	Ternopilska	Husiatynskyi	49.6419	26.8203
48210	Буцики (Гримайлівська селищна рада)	Ternopilska	Husiatynskyi	49.6419	26.8203
48210	Оленівка (Гримайлівська селищна рада)	Ternopilska	Husiatynskyi	49.6419	26.8203
48210	Лежанівка (Зеленівська сільська рада)	Ternopilska	Husiatynskyi	49.6419	26.8203
48215	Мала Лука (Малолуцька сільська рада)	Ternopilska	Husiatynskyi	49.6419	26.8203
48216	Глібів (Глібівська сільська рада)	Ternopilska	Husiatynskyi	49.6419	26.8203
48216	Пізнанка (Пізнанська сільська рада)	Ternopilska	Husiatynskyi	49.6419	26.8203
48217	Вікно (Вікнянська сільська рада)	Ternopilska	Husiatynskyi	49.6419	26.8203
48218	Кокошинці (Малолуцька сільська рада)	Ternopilska	Husiatynskyi	49.6419	26.8203
48230	Зелене (Зеленівська сільська рада)	Ternopilska	Husiatynskyi	49.6419	26.8203
48230	Паївка (Зеленівська сільська рада)	Ternopilska	Husiatynskyi	49.6419	26.8203
48231	Ставки (Красненська сільська рада)	Ternopilska	Husiatynskyi	49.6419	26.8203
48231	Саджівка (Саджівецька сільська рада)	Ternopilska	Husiatynskyi	49.6419	26.8203
48231	Красне (Красненська сільська рада)	Ternopilska	Husiatynskyi	49.6419	26.8203
48231	Козина (Красненська сільська рада)	Ternopilska	Husiatynskyi	49.6419	26.8203
48232	Товсте (Товстенська сільська рада)	Ternopilska	Husiatynskyi	49.6419	26.8203
48232	Кут (Товстенська сільська рада)	Ternopilska	Husiatynskyi	49.6419	26.8203
48233	Калагарівка (Калагарівська сільська рада)	Ternopilska	Husiatynskyi	49.6419	26.8203
48233	Крутилів (Калагарівська сільська рада)	Ternopilska	Husiatynskyi	49.6419	26.8203
48233	Волиця (Калагарівська сільська рада)	Ternopilska	Husiatynskyi	49.6419	26.8203
48234	Малі Бірки (Малобірківська сільська рада)	Ternopilska	Husiatynskyi	49.6419	26.8203
48234	Новосілка (Малобірківська сільська рада)	Ternopilska	Husiatynskyi	49.6419	26.8203
48235	Раштівці (Раштовецька сільська рада)	Ternopilska	Husiatynskyi	49.6419	26.8203
48236	Постолівка (Постолівська сільська рада)	Ternopilska	Husiatynskyi	49.6419	26.8203
48237	Городниця (Городницька сільська рада)	Ternopilska	Husiatynskyi	49.6419	26.8203
48238	Сорока (Сороківська сільська рада)	Ternopilska	Husiatynskyi	49.6419	26.8203
48241	Хоростків (Хоростківська міська рада)	Ternopilska	Husiatynskyi	49.6419	26.8203
48242	Хоростків (Хоростківська міська рада)	Ternopilska	Husiatynskyi	49.6419	26.8203
48245	Перемилів (Перемилівська сільська рада)	Ternopilska	Husiatynskyi	49.6419	26.8203
48245	Верхівці (Перемилівська сільська рада)	Ternopilska	Husiatynskyi	49.6419	26.8203
48246	Клювинці (Клювинська сільська рада)	Ternopilska	Husiatynskyi	49.6419	26.8203
48247	Хлопівка (Хлопівська сільська рада)	Ternopilska	Husiatynskyi	49.6419	26.8203
48248	Монастириха (Малолуцька сільська рада)	Ternopilska	Husiatynskyi	49.6419	26.8203
48250	Целіїв (Целіївська сільська рада)	Ternopilska	Husiatynskyi	49.6419	26.8203
48251	Самолусківці (Самолусківська сільська рада)	Ternopilska	Husiatynskyi	49.6419	26.8203
48252	Старий Нижбірок (Старонижбірівська сільська рада)	Ternopilska	Husiatynskyi	49.6419	26.8203
48253	Трибухівці (Личковецька сільська рада)	Ternopilska	Husiatynskyi	49.6419	26.8203
48253	Личківці (Личковецька сільська рада)	Ternopilska	Husiatynskyi	49.6419	26.8203
48254	Вільхівчик (Вільхівчицька сільська рада)	Ternopilska	Husiatynskyi	49.6419	26.8203
48255	Нижбірок (Нижбірківська сільська рада)	Ternopilska	Husiatynskyi	49.6419	26.8203
48256	Крогулець (Крогулецька сільська рада)	Ternopilska	Husiatynskyi	49.6419	26.8203
48256	Чагарі (Коцюбинська сільська рада)	Ternopilska	Husiatynskyi	49.6419	26.8203
48257	Васильківці (Васильковецька сільська рада)	Ternopilska	Husiatynskyi	49.6419	26.8203
48258	Чабарівка (Чабарівська сільська рада)	Ternopilska	Husiatynskyi	49.6419	26.8203
48260	Копичинці (Копичинська міська рада)	Ternopilska	Husiatynskyi	49.6419	26.8203
48260	Емілівка (Котівська сільська рада)	Ternopilska	Husiatynskyi	49.6419	26.8203
48265	Яблунів (Яблунівська сільська рада)	Ternopilska	Husiatynskyi	49.6419	26.8203
48265	Рудки (Яблунівська сільська рада)	Ternopilska	Husiatynskyi	49.6419	26.8203
48265	Сухостав (Сухоставська сільська рада)	Ternopilska	Husiatynskyi	49.6419	26.8203
48266	Тудорів (Тудорівська сільська рада)	Ternopilska	Husiatynskyi	49.6419	26.8203
48266	Майдан (Майданівська сільська рада)	Ternopilska	Husiatynskyi	49.6419	26.8203
48270	Теклівка (Котівська сільська рада)	Ternopilska	Husiatynskyi	49.6419	26.8203
48270	Котівка (Котівська сільська рада)	Ternopilska	Husiatynskyi	49.6419	26.8203
48271	Коцюбинці (Коцюбинська сільська рада)	Ternopilska	Husiatynskyi	49.6419	26.8203
48271	Жабинці (Жабинецька сільська рада)	Ternopilska	Husiatynskyi	49.6419	26.8203
48272	Оришківці (Оришківська сільська рада)	Ternopilska	Husiatynskyi	49.6419	26.8203
48273	Гадинківці (Гадинківська сільська рада)	Ternopilska	Husiatynskyi	49.6419	26.8203
48273	Вигода (Гадинківська сільська рада)	Ternopilska	Husiatynskyi	49.6419	26.8203
48281	Карашинці (Хоростківська міська рада)	Ternopilska	Husiatynskyi	49.6419	26.8203
48301	Рідколісся (Горішньослобідська сільська рада)	Ternopilska	Monastyryskyi	49.6419	26.8203
48301	Нова Гута (Горішньослобідська сільська рада)	Ternopilska	Monastyryskyi	49.6419	26.8203
48301	Монастириська (Монастириська міська рада)	Ternopilska	Monastyryskyi	49.6419	26.8203
48310	Підлісне (Підліснянська сільська рада)	Ternopilska	Monastyryskyi	49.6419	26.8203
48311	Горожанка (Горожанська сільська рада)	Ternopilska	Monastyryskyi	49.6419	26.8203
48311	Саджівка (Горожанська сільська рада)	Ternopilska	Monastyryskyi	49.6419	26.8203
48312	Високе (Висоцька сільська рада)	Ternopilska	Monastyryskyi	49.6419	26.8203
48313	Коржова (Завадівська сільська рада)	Ternopilska	Monastyryskyi	49.6419	26.8203
48313	Завадівка (Завадівська сільська рада)	Ternopilska	Monastyryskyi	49.6419	26.8203
48314	Швейків (Швейківська сільська рада)	Ternopilska	Monastyryskyi	49.6419	26.8203
48314	Заставці (Заставецька сільська рада)	Ternopilska	Monastyryskyi	49.6419	26.8203
48315	Горішня Слобідка (Горішньослобідська сільська рада)	Ternopilska	Monastyryskyi	49.6419	26.8203
48321	Доброводи (Доброводівська сільська рада)	Ternopilska	Monastyryskyi	49.6419	26.8203
48322	Савелівка (Олешівська сільська рада)	Ternopilska	Monastyryskyi	49.6419	26.8203
48322	Ковалівка (Ковалівська сільська рада)	Ternopilska	Monastyryskyi	49.6419	26.8203
48323	Олеша (Олешівська сільська рада)	Ternopilska	Monastyryskyi	49.6419	26.8203
48324	Григорів (Григорівська сільська рада)	Ternopilska	Monastyryskyi	49.6419	26.8203
48324	Чехів (Чехівська сільська рада)	Ternopilska	Monastyryskyi	49.6419	26.8203
48324	Бертники (Бертниківська сільська рада)	Ternopilska	Monastyryskyi	49.6419	26.8203
48330	Яргорів (Яргорівська сільська рада)	Ternopilska	Monastyryskyi	49.6419	26.8203
48331	Гранітне (Гранітненська сільська рада)	Ternopilska	Monastyryskyi	49.6419	26.8203
48332	Гончарівка (Гончарівська сільська рада)	Ternopilska	Monastyryskyi	49.6419	26.8203
48333	Тростянці (Тростянецька сільська рада)	Ternopilska	Monastyryskyi	49.6419	26.8203
48334	Красіїв (Красіївська сільська рада)	Ternopilska	Monastyryskyi	49.6419	26.8203
48340	Сеньків (Задарівська сільська рада)	Ternopilska	Monastyryskyi	49.6419	26.8203
48340	Задарів (Задарівська сільська рада)	Ternopilska	Monastyryskyi	49.6419	26.8203
48340	Низьколизи (Лазарівська сільська рада)	Ternopilska	Monastyryskyi	49.6419	26.8203
48341	Межигір'я (Устє-Зеленська сільська рада)	Ternopilska	Monastyryskyi	49.6419	26.8203
48341	Лука (Устє-Зеленська сільська рада)	Ternopilska	Monastyryskyi	49.6419	26.8203
48341	Устя-Зелене (Устє-Зеленська сільська рада)	Ternopilska	Monastyryskyi	49.6419	26.8203
48342	Лазарівка (Лазарівська сільська рада)	Ternopilska	Monastyryskyi	49.6419	26.8203
48343	Лядське (Лядська сільська рада)	Ternopilska	Monastyryskyi	49.6419	26.8203
48344	Бобрівники (Лядська сільська рада)	Ternopilska	Monastyryskyi	49.6419	26.8203
48350	Дубенки (Дубенківська сільська рада)	Ternopilska	Monastyryskyi	49.6419	26.8203
48351	Залісся (Велеснівська сільська рада)	Ternopilska	Monastyryskyi	49.6419	26.8203
48351	Велеснів (Велеснівська сільська рада)	Ternopilska	Monastyryskyi	49.6419	26.8203
48352	Комарівка (Комарівська сільська рада)	Ternopilska	Monastyryskyi	49.6419	26.8203
48352	Затишне (Комарівська сільська рада)	Ternopilska	Monastyryskyi	49.6419	26.8203
48360	Вербка (Вербківська сільська рада)	Ternopilska	Monastyryskyi	49.6419	26.8203
48361	Садове (Садівська сільська рада)	Ternopilska	Monastyryskyi	49.6419	26.8203
48370	Коропець (Коропецька селищна рада)	Ternopilska	Monastyryskyi	49.6419	26.8203
48370	Стігла (Коропецька селищна рада)	Ternopilska	Monastyryskyi	49.6419	26.8203
48371	Вістря (Вістрянська сільська рада)	Ternopilska	Monastyryskyi	49.6419	26.8203
48372	Горигляди (Гориглядівська сільська рада)	Ternopilska	Monastyryskyi	49.6419	26.8203
48374	Світле (Коропецька селищна рада)	Ternopilska	Monastyryskyi	49.6419	26.8203
48381	Криниця (Криницька сільська рада)	Ternopilska	Monastyryskyi	49.6419	26.8203
48382	Маркова (Завадівська сільська рада)	Ternopilska	Monastyryskyi	49.6419	26.8203
48385	Діброва (Вербківська сільська рада)	Ternopilska	Monastyryskyi	49.6419	26.8203
48401	Бучач	Ternopilska	Buchatskyi	49.0625	25.388
48402	Бучач	Ternopilska	Buchatskyi	49.0625	25.388
48403	Бучач	Ternopilska	Buchatskyi	49.0625	25.388
48410	Доброполе (Добропільська сільська рада)	Ternopilska	Buchatskyi	49.0625	25.388
48410	Матеушівка (Добропільська сільська рада)	Ternopilska	Buchatskyi	49.0625	25.388
48411	Нові Петликівці (Новопетликівська сільська рада)	Ternopilska	Buchatskyi	49.0625	25.388
48412	Киданів (Киданівська сільська рада)	Ternopilska	Buchatskyi	49.0625	25.388
48412	Осівці (Осовецька сільська рада)	Ternopilska	Buchatskyi	49.0625	25.388
48413	Старі Петликівці (Старопетликівська сільська рада)	Ternopilska	Buchatskyi	49.0625	25.388
48414	Мартинівка (Пилявська сільська рада)	Ternopilska	Buchatskyi	49.0625	25.388
48414	Пилява (Пилявська сільська рада)	Ternopilska	Buchatskyi	49.0625	25.388
48420	Переволока (Переволоцька сільська рада)	Ternopilska	Buchatskyi	49.0625	25.388
48420	Курдибанівка (Переволоцька сільська рада)	Ternopilska	Buchatskyi	49.0625	25.388
48420	Рукомиш (Заривенецька сільська рада)	Ternopilska	Buchatskyi	49.0625	25.388
48421	Звенигород (Підзамочківська сільська рада)	Ternopilska	Buchatskyi	49.0625	25.388
48422	Озеряни (Озерянська сільська рада)	Ternopilska	Buchatskyi	49.0625	25.388
48422	Верб'ятин (Озерянська сільська рада)	Ternopilska	Buchatskyi	49.0625	25.388
48423	Підлісся (Підзамочківська сільська рада)	Ternopilska	Buchatskyi	49.0625	25.388
48423	Підзамочок (Підзамочківська сільська рада)	Ternopilska	Buchatskyi	49.0625	25.388
48424	Бариш (Бариська сільська рада)	Ternopilska	Buchatskyi	49.0625	25.388
48430	Пишківці (Пишківська сільська рада)	Ternopilska	Buchatskyi	49.0625	25.388
48431	Трибухівці (Трибухівська сільська рада)	Ternopilska	Buchatskyi	49.0625	25.388
48432	Жизномир (Жизномирська сільська рада)	Ternopilska	Buchatskyi	49.0625	25.388
48433	Помірці (Ріпинецька сільська рада)	Ternopilska	Buchatskyi	49.0625	25.388
48433	Ріпинці	Ternopilska	Buchatskyi	49.0625	25.388
48440	Сороки (Сороківська сільська рада)	Ternopilska	Buchatskyi	49.0625	25.388
48441	Пушкарі (Новопетликівська сільська рада)	Ternopilska	Buchatskyi	49.0625	25.388
48441	Зубрець (Зубрецька сільська рада)	Ternopilska	Buchatskyi	49.0625	25.388
48442	Ліщанці (Ліщанецька сільська рада)	Ternopilska	Buchatskyi	49.0625	25.388
48443	Порохова (Порохівська сільська рада)	Ternopilska	Buchatskyi	49.0625	25.388
48444	Соколів (Соколівська сільська рада)	Ternopilska	Buchatskyi	49.0625	25.388
48444	Русилів (Русилівська сільська рада)	Ternopilska	Buchatskyi	49.0625	25.388
48450	Стінка (Стінківська сільська рада)	Ternopilska	Buchatskyi	49.0625	25.388
48450	Млинки (Стінківська сільська рада)	Ternopilska	Buchatskyi	49.0625	25.388
48451	Рублин (Золотопотіцька селищна рада)	Ternopilska	Buchatskyi	49.0625	25.388
48451	Золотий Потік (Золотопотіцька селищна рада)	Ternopilska	Buchatskyi	49.0625	25.388
48454	Набережне (Космиринська сільська рада)	Ternopilska	Buchatskyi	49.0625	25.388
48454	Космирин (Космиринська сільська рада)	Ternopilska	Buchatskyi	49.0625	25.388
48455	Сновидів (Сновидівська сільська рада)	Ternopilska	Buchatskyi	49.0625	25.388
48456	Возилів (Возилівська сільська рада)	Ternopilska	Buchatskyi	49.0625	25.388
48461	Новосілка (Язловецька сільська рада)	Ternopilska	Buchatskyi	49.0625	25.388
48461	Пожежа (Язловецька сільська рада)	Ternopilska	Buchatskyi	49.0625	25.388
48462	Скоморохи (Скомороська сільська рада)	Ternopilska	Buchatskyi	49.0625	25.388
48463	Костільники (Костільницька сільська рада)	Ternopilska	Buchatskyi	49.0625	25.388
48464	Берем'яни (Берем'янська сільська рада)	Ternopilska	Buchatskyi	49.0625	25.388
48465	Сокілець (Миколаївська сільська рада)	Ternopilska	Buchatskyi	49.0625	25.388
48465	Губин (Миколаївська сільська рада)	Ternopilska	Buchatskyi	49.0625	25.388
48465	Миколаївка (Миколаївська сільська рада)	Ternopilska	Buchatskyi	49.0625	25.388
48467	Броварі (Язловецька сільська рада)	Ternopilska	Buchatskyi	49.0625	25.388
48467	Язловець (Язловецька сільська рада)	Ternopilska	Buchatskyi	49.0625	25.388
48467	Передмістя (Передмістянська сільська рада)	Ternopilska	Buchatskyi	49.0625	25.388
48467	Заліщики (Передмістянська сільська рада)	Ternopilska	Buchatskyi	49.0625	25.388
48471	Білявінці (Старопетликівська сільська рада)	Ternopilska	Buchatskyi	49.0625	25.388
48472	Бобулинці (Бабулинська сільська рада)	Ternopilska	Buchatskyi	49.0625	25.388
48473	Дуліби (Дулібівська сільська рада)	Ternopilska	Buchatskyi	49.0625	25.388
48474	Жнибороди (Жниборідська сільська рада)	Ternopilska	Buchatskyi	49.0625	25.388
48475	Заривинці (Заривенецька сільська рада)	Ternopilska	Buchatskyi	49.0625	25.388
48476	Зелена (Зеленська сільська рада)	Ternopilska	Buchatskyi	49.0625	25.388
48477	Медведівці (Медведівська сільська рада)	Ternopilska	Buchatskyi	49.0625	25.388
48478	Новоставці (Пилявська сільська рада)	Ternopilska	Buchatskyi	49.0625	25.388
48480	Цвітова (Цвітівська сільська рада)	Ternopilska	Buchatskyi	49.0625	25.388
48501	Чортків (Чортківська міська рада)	Ternopilska	Chortkivskyi	49.6419	26.8203
48501	Переходи (Горішньовигнанська сільська рада)	Ternopilska	Chortkivskyi	49.6419	26.8203
48505	Чортків (Чортківська міська рада)	Ternopilska	Chortkivskyi	49.6419	26.8203
48510	Звиняч (Звиняцька сільська рада)	Ternopilska	Chortkivskyi	49.6419	26.8203
48511	Косів (Косівська сільська рада)	Ternopilska	Chortkivskyi	49.6419	26.8203
48512	Бичківці (Бичківська сільська рада)	Ternopilska	Chortkivskyi	49.6419	26.8203
48513	Скородинці (Скородинська сільська рада)	Ternopilska	Chortkivskyi	49.6419	26.8203
48514	Біла (Білівська сільська рада)	Ternopilska	Chortkivskyi	49.6419	26.8203
48515	Горішня Вигнанка (Горішньовигнанська сільська рада)	Ternopilska	Chortkivskyi	49.6419	26.8203
48516	Швайківці (Швайківська сільська рада)	Ternopilska	Chortkivskyi	49.6419	26.8203
48517	Тарнавка (Тарнавська сільська рада)	Ternopilska	Chortkivskyi	49.6419	26.8203
48520	Пробіжна (Пробіжнянська сільська рада)	Ternopilska	Chortkivskyi	49.6419	26.8203
48521	Товстеньке (Товстенківська сільська рада)	Ternopilska	Chortkivskyi	49.6419	26.8203
48522	Васильків (Кривеньківська сільська рада)	Ternopilska	Chortkivskyi	49.6419	26.8203
48522	Кривеньке (Кривеньківська сільська рада)	Ternopilska	Chortkivskyi	49.6419	26.8203
48523	Пастуше (Пастушівська сільська рада)	Ternopilska	Chortkivskyi	49.6419	26.8203
48523	Заводське (Заводська селищна рада)	Ternopilska	Chortkivskyi	49.6419	26.8203
48524	Великі Чорнокінці (Великочорнокінецька сільська рада)	Ternopilska	Chortkivskyi	49.6419	26.8203
48525	Малі Чорнокінці (Малочорнокінецька сільська рада)	Ternopilska	Chortkivskyi	49.6419	26.8203
48526	Коцюбинчики (Коцюбинчицька сільська рада)	Ternopilska	Chortkivskyi	49.6419	26.8203
48526	Зелена (Коцюбинчицька сільська рада)	Ternopilska	Chortkivskyi	49.6419	26.8203
48526	Босири (Босирівська сільська рада)	Ternopilska	Chortkivskyi	49.6419	26.8203
48526	Сокиринці (Сокиринецька сільська рада)	Ternopilska	Chortkivskyi	49.6419	26.8203
48530	Білий Потік (Ридодубівська сільська рада)	Ternopilska	Chortkivskyi	49.6419	26.8203
48530	Калинівщина (Білобожницька сільська рада)	Ternopilska	Chortkivskyi	49.6419	26.8203
48530	Семаківці (Білобожницька сільська рада)	Ternopilska	Chortkivskyi	49.6419	26.8203
48530	Білобожниця (Білобожницька сільська рада)	Ternopilska	Chortkivskyi	49.6419	26.8203
48531	Джурин (Джуринська сільська рада)	Ternopilska	Chortkivskyi	49.6419	26.8203
48532	Палашівка (Палашівська сільська рада)	Ternopilska	Chortkivskyi	49.6419	26.8203
48533	Базар (Базарська сільська рада)	Ternopilska	Chortkivskyi	49.6419	26.8203
48540	Стара Ягільниця (Староягільницька сільська рада)	Ternopilska	Chortkivskyi	49.6419	26.8203
48540	Черкавщина (Староягільницька сільська рада)	Ternopilska	Chortkivskyi	49.6419	26.8203
48541	Шульганівка (Шульганівська сільська рада)	Ternopilska	Chortkivskyi	49.6419	26.8203
48542	Ягільниця (Ягільницька сільська рада)	Ternopilska	Chortkivskyi	49.6419	26.8203
48543	Нагірянка (Нагірянська сільська рада)	Ternopilska	Chortkivskyi	49.6419	26.8203
48544	Антонів (Свидівська сільська рада)	Ternopilska	Chortkivskyi	49.6419	26.8203
48544	Свидова (Свидівська сільська рада)	Ternopilska	Chortkivskyi	49.6419	26.8203
48550	Угринь (Угринська сільська рада)	Ternopilska	Chortkivskyi	49.6419	26.8203
48551	Шманьківчики (Шманьківчицька сільська рада)	Ternopilska	Chortkivskyi	49.6419	26.8203
48552	Колиндяни (Колиндянська сільська рада)	Ternopilska	Chortkivskyi	49.6419	26.8203
48553	Давидківці (Давидківська сільська рада)	Ternopilska	Chortkivskyi	49.6419	26.8203
48554	Чорнокінецька Воля (Чорнокінецько-Волянська сільська рада)	Ternopilska	Chortkivskyi	49.6419	26.8203
48560	Росохач (Росохацька сільська рада)	Ternopilska	Chortkivskyi	49.6419	26.8203
48561	Залісся (Залісянська сільська рада)	Ternopilska	Chortkivskyi	49.6419	26.8203
48562	Улашківці (Улашківська сільська рада)	Ternopilska	Chortkivskyi	49.6419	26.8203
48563	Милівці (Милівецька сільська рада)	Ternopilska	Chortkivskyi	49.6419	26.8203
48564	Капустинці (Капустинська сільська рада)	Ternopilska	Chortkivskyi	49.6419	26.8203
48569	Скомороше (Звиняцька сільська рада)	Ternopilska	Chortkivskyi	49.6419	26.8203
48571	Джуринська Слобідка (Джуринська сільська рада)	Ternopilska	Chortkivskyi	49.6419	26.8203
48572	Долина (Шульганівська сільська рада)	Ternopilska	Chortkivskyi	49.6419	26.8203
48573	Заболотівка (Заболотівська сільська рада)	Ternopilska	Chortkivskyi	49.6419	26.8203
48574	Криволука (Палашівська сільська рада)	Ternopilska	Chortkivskyi	49.6419	26.8203
48575	Мухавка (Мухавська сільська рада)	Ternopilska	Chortkivskyi	49.6419	26.8203
48576	Полівці (Полівецька сільська рада)	Ternopilska	Chortkivskyi	49.6419	26.8203
48577	Ридодуби (Ридодубівська сільська рада)	Ternopilska	Chortkivskyi	49.6419	26.8203
48578	Ромашівка (Ромашівська сільська рада)	Ternopilska	Chortkivskyi	49.6419	26.8203
48579	Сосулівка (Сосулівська сільська рада)	Ternopilska	Chortkivskyi	49.6419	26.8203
48580	Шманьківці (Шманьківська сільська рада)	Ternopilska	Chortkivskyi	49.6419	26.8203
48601	Заліщики (Заліщицька міська рада)	Ternopilska	Zalishchytskyi	51.3798	31.1172
48607	Дуплиська (Дуплиська сільська рада)	Ternopilska	Zalishchytskyi	51.3798	31.1172
48608	Вигода (Дунівська сільська рада)	Ternopilska	Zalishchytskyi	51.3798	31.1172
48609	Ставки (Блищанська сільська рада)	Ternopilska	Zalishchytskyi	51.3798	31.1172
48610	Хартонівці (Угриньківська сільська рада)	Ternopilska	Zalishchytskyi	51.3798	31.1172
48611	Слобідка (Слобідська сільська рада)	Ternopilska	Zalishchytskyi	51.3798	31.1172
48612	Кошилівці (Кошилівська сільська рада)	Ternopilska	Zalishchytskyi	51.3798	31.1172
48613	Поділля (Подільська сільська рада)	Ternopilska	Zalishchytskyi	51.3798	31.1172
48614	Ангелівка (Подільська сільська рада)	Ternopilska	Zalishchytskyi	51.3798	31.1172
48621	Дорогичівка (Дорогичівська сільська рада)	Ternopilska	Zalishchytskyi	51.3798	31.1172
48622	Садки (Садківська сільська рада)	Ternopilska	Zalishchytskyi	51.3798	31.1172
48630	Товсте (Товстенська селищна рада)	Ternopilska	Zalishchytskyi	51.3798	31.1172
48630	Головчинці (Головчинська сільська рада)	Ternopilska	Zalishchytskyi	51.3798	31.1172
48630	Рожанівка (Солоненська сільська рада)	Ternopilska	Zalishchytskyi	51.3798	31.1172
48630	Королівка (Головчинська сільська рада)	Ternopilska	Zalishchytskyi	51.3798	31.1172
48631	Лисівці (Лисівська сільська рада)	Ternopilska	Zalishchytskyi	51.3798	31.1172
48633	Нирків (Нирківська сільська рада)	Ternopilska	Zalishchytskyi	51.3798	31.1172
48634	Устечко (Устечківська сільська рада)	Ternopilska	Zalishchytskyi	51.3798	31.1172
48640	Ворвулинці (Ворвулинська сільська рада)	Ternopilska	Zalishchytskyi	51.3798	31.1172
48640	Гиньківці (Ворвулинська сільська рада)	Ternopilska	Zalishchytskyi	51.3798	31.1172
48642	Якубівка	Ternopilska	Zalishchytskyi	51.3798	31.1172
48642	Глушка (Торськівська сільська рада)	Ternopilska	Zalishchytskyi	51.3798	31.1172
48642	Торське (Торськівська сільська рада)	Ternopilska	Zalishchytskyi	51.3798	31.1172
48643	Угриньківці (Угриньківська сільська рада)	Ternopilska	Zalishchytskyi	51.3798	31.1172
48644	Блищанка (Блищанська сільська рада)	Ternopilska	Zalishchytskyi	51.3798	31.1172
48650	Дзвиняч (Дзвиняцька сільська рада)	Ternopilska	Zalishchytskyi	51.3798	31.1172
48651	Бедриківці (Бедриківська сільська рада)	Ternopilska	Zalishchytskyi	51.3798	31.1172
48653	Касперівці (Касперівська сільська рада)	Ternopilska	Zalishchytskyi	51.3798	31.1172
48654	Новосілка (Новосілківська сільська рада)	Ternopilska	Zalishchytskyi	51.3798	31.1172
48660	Винятинці (Винятинська сільська рада)	Ternopilska	Zalishchytskyi	51.3798	31.1172
48661	Дунів (Дунівська сільська рада)	Ternopilska	Zalishchytskyi	51.3798	31.1172
48662	Колодрібка (Колодрібська сільська рада)	Ternopilska	Zalishchytskyi	51.3798	31.1172
48663	Синьків (Синьківська сільська рада)	Ternopilska	Zalishchytskyi	51.3798	31.1172
48664	Зозулинці (Зозулинська сільська рада)	Ternopilska	Zalishchytskyi	51.3798	31.1172
48665	Кулаківці (Кулаківська сільська рада)	Ternopilska	Zalishchytskyi	51.3798	31.1172
48669	Бересток (Угриньківська сільська рада)	Ternopilska	Zalishchytskyi	51.3798	31.1172
48670	Свершківці (Хмелівська сільська рада)	Ternopilska	Zalishchytskyi	51.3798	31.1172
48671	Буряківка (Буряківська сільська рада)	Ternopilska	Zalishchytskyi	51.3798	31.1172
48672	Виноградне (Зозулинська сільська рада)	Ternopilska	Zalishchytskyi	51.3798	31.1172
48673	Голігради (Винятинська сільська рада)	Ternopilska	Zalishchytskyi	51.3798	31.1172
48673	Городок (Городецька сільська рада)	Ternopilska	Zalishchytskyi	51.3798	31.1172
48674	Добрівляни (Добрівлянська сільська рада)	Ternopilska	Zalishchytskyi	51.3798	31.1172
48675	Печорна (Зеленогайська сільська рада)	Ternopilska	Zalishchytskyi	51.3798	31.1172
48675	Зелений Гай (Зеленогайська сільська рада)	Ternopilska	Zalishchytskyi	51.3798	31.1172
48676	Іване-Золоте (Івано-Золотівська сільська рада)	Ternopilska	Zalishchytskyi	51.3798	31.1172
48677	Лисичники (Касперівська сільська рада)	Ternopilska	Zalishchytskyi	51.3798	31.1172
48678	Литячі (Литячівська сільська рада)	Ternopilska	Zalishchytskyi	51.3798	31.1172
48679	Мишків (Мишківська сільська рада)	Ternopilska	Zalishchytskyi	51.3798	31.1172
48680	Нагоряни (Нирківська сільська рада)	Ternopilska	Zalishchytskyi	51.3798	31.1172
48681	Попівці (Кошилівська сільська рада)	Ternopilska	Zalishchytskyi	51.3798	31.1172
48682	Солоне (Солоненська сільська рада)	Ternopilska	Zalishchytskyi	51.3798	31.1172
48683	Хмелева (Хмелівська сільська рада)	Ternopilska	Zalishchytskyi	51.3798	31.1172
48684	Шипівці (Шипівецька сільська рада)	Ternopilska	Zalishchytskyi	51.3798	31.1172
48685	Шутроминці (Шутроминська сільська рада)	Ternopilska	Zalishchytskyi	51.3798	31.1172
48686	Щитівці (Дунівська сільська рада)	Ternopilska	Zalishchytskyi	51.3798	31.1172
48701	Борщів (Борщівська міська рада)	Ternopilska	Borshchivskyi	49.6419	26.8203
48702	Борщів (Борщівська міська рада)	Ternopilska	Borshchivskyi	49.6419	26.8203
48710	Лосяч (Лосяцька сільська рада)	Ternopilska	Borshchivskyi	49.6419	26.8203
48711	Озеряни (Озерянська сільська рада)	Ternopilska	Borshchivskyi	49.6419	26.8203
48711	Констанція (Озерянська сільська рада)	Ternopilska	Borshchivskyi	49.6419	26.8203
48712	Цигани (Циганська сільська рада)	Ternopilska	Borshchivskyi	49.6419	26.8203
48713	Пилатківці (Пилатківська сільська рада)	Ternopilska	Borshchivskyi	49.6419	26.8203
48713	Жилинці (Жилинська сільська рада)	Ternopilska	Borshchivskyi	49.6419	26.8203
48713	Грабівці (Пилатківська сільська рада)	Ternopilska	Borshchivskyi	49.6419	26.8203
48714	Гуштин (Гуштинська сільська рада)	Ternopilska	Borshchivskyi	49.6419	26.8203
48715	Збриж (Бурдяківська сільська рада)	Ternopilska	Borshchivskyi	49.6419	26.8203
48715	Дубівка (Бурдяківська сільська рада)	Ternopilska	Borshchivskyi	49.6419	26.8203
48715	Бурдяківці (Бурдяківська сільська рада)	Ternopilska	Borshchivskyi	49.6419	26.8203
48716	Ланівці (Лановецька сільська рада)	Ternopilska	Borshchivskyi	49.6419	26.8203
48716	Тулин (Лановецька сільська рада)	Ternopilska	Borshchivskyi	49.6419	26.8203
48716	Козаччина (Лановецька сільська рада)	Ternopilska	Borshchivskyi	49.6419	26.8203
48720	Гуштинка (Іванківська сільська рада)	Ternopilska	Borshchivskyi	49.6419	26.8203
48720	Трійця (Іванківська сільська рада)	Ternopilska	Borshchivskyi	49.6419	26.8203
48720	Скала-Подільська (Скала-Подільська селищна рада)	Ternopilska	Borshchivskyi	49.6419	26.8203
48720	Бережанка (Іванківська сільська рада)	Ternopilska	Borshchivskyi	49.6419	26.8203
48723	Іванків (Іванківська сільська рада)	Ternopilska	Borshchivskyi	49.6419	26.8203
48724	Вовківці (Вовковецька сільська рада)	Ternopilska	Borshchivskyi	49.6419	26.8203
48726	Вербівка (Турильченська сільська рада)	Ternopilska	Borshchivskyi	49.6419	26.8203
48726	Підпилип'я (Турильченська сільська рада)	Ternopilska	Borshchivskyi	49.6419	26.8203
48726	Турильче (Турильченська сільська рада)	Ternopilska	Borshchivskyi	49.6419	26.8203
48730	Шершенівка (Шершенівська сільська рада)	Ternopilska	Borshchivskyi	49.6419	26.8203
48731	Глибочок (Глибочецька сільська рада)	Ternopilska	Borshchivskyi	49.6419	26.8203
48732	Олексинці (Олексинецька сільська рада)	Ternopilska	Borshchivskyi	49.6419	26.8203
48733	Монастирок (Більче-Золотецька сільська рада)	Ternopilska	Borshchivskyi	49.6419	26.8203
48733	Мушкарів (Більче-Золотецька сільська рада)	Ternopilska	Borshchivskyi	49.6419	26.8203
48733	Юр'ямпіль (Більче-Золотецька сільська рада)	Ternopilska	Borshchivskyi	49.6419	26.8203
48733	Більче-Золоте (Більче-Золотецька сільська рада)	Ternopilska	Borshchivskyi	49.6419	26.8203
48734	Стрілківці (Стрілковецька сільська рада)	Ternopilska	Borshchivskyi	49.6419	26.8203
48736	Королівка (Королівська сільська рада)	Ternopilska	Borshchivskyi	49.6419	26.8203
48737	"Шишківці (Сков""ятинська сільська рада)"	Ternopilska	Borshchivskyi	49.6419	26.8203
48737	Сков'ятин (Сков'ятинська сільська рада)	Ternopilska	Borshchivskyi	49.6419	26.8203
48740	Залуччя (Ниврянська сільська рада)	Ternopilska	Borshchivskyi	49.6419	26.8203
48740	Нивра (Ниврянська сільська рада)	Ternopilska	Borshchivskyi	49.6419	26.8203
48741	Кривче (Кривченська сільська рада)	Ternopilska	Borshchivskyi	49.6419	26.8203
48742	Гермаківка (Гермаківська сільська рада)	Ternopilska	Borshchivskyi	49.6419	26.8203
48743	Худіївці (Шупарська сільська рада)	Ternopilska	Borshchivskyi	49.6419	26.8203
48743	Шупарка (Шупарська сільська рада)	Ternopilska	Borshchivskyi	49.6419	26.8203
48744	Бабинці (Бабинецька сільська рада)	Ternopilska	Borshchivskyi	49.6419	26.8203
48745	Залісся (Заліська сільська рада)	Ternopilska	Borshchivskyi	49.6419	26.8203
48745	Збручанське (Збручанська сільська рада)	Ternopilska	Borshchivskyi	49.6419	26.8203
48746	Пилипче (Пилипченська сільська рада)	Ternopilska	Borshchivskyi	49.6419	26.8203
48747	Михалків (Устянська сільська рада)	Ternopilska	Borshchivskyi	49.6419	26.8203
48747	Устя (Устянська сільська рада)	Ternopilska	Borshchivskyi	49.6419	26.8203
48748	Іване-Пусте (Івано-Пустенська сільська рада)	Ternopilska	Borshchivskyi	49.6419	26.8203
48750	Кудринці (Кудринецька сільська рада)	Ternopilska	Borshchivskyi	49.6419	26.8203
48751	Мельниця-Подільська (Мельнице-Подільська селищна рада)	Ternopilska	Borshchivskyi	49.6419	26.8203
48751	Зелене (Мельнице-Подільська селищна рада)	Ternopilska	Borshchivskyi	49.6419	26.8203
48753	Панівці (Панівецька сільська рада)	Ternopilska	Borshchivskyi	49.6419	26.8203
48753	Завалля (Панівецька сільська рада)	Ternopilska	Borshchivskyi	49.6419	26.8203
48754	Вільховець (Вільховецька сільська рада)	Ternopilska	Borshchivskyi	49.6419	26.8203
48755	Урожайне (Урожайнівська сільська рада)	Ternopilska	Borshchivskyi	49.6419	26.8203
48755	Дзвенигород (Урожайнівська сільська рада)	Ternopilska	Borshchivskyi	49.6419	26.8203
48755	Дзвинячка (Дзвиняцька сільська рада)	Ternopilska	Borshchivskyi	49.6419	26.8203
48755	Латківці (Урожайнівська сільська рада)	Ternopilska	Borshchivskyi	49.6419	26.8203
48756	Горошова (Горошівська сільська рада)	Ternopilska	Borshchivskyi	49.6419	26.8203
48757	Дністрове (Дністровська сільська рада)	Ternopilska	Borshchivskyi	49.6419	26.8203
48758	Трубчин (Вигодська сільська рада)	Ternopilska	Borshchivskyi	49.6419	26.8203
48758	Вигода (Вигодська сільська рада)	Ternopilska	Borshchivskyi	49.6419	26.8203
48761	Білівці (Вигодська сільська рада)	Ternopilska	Borshchivskyi	49.6419	26.8203
48762	Боришківці (Вигодська сільська рада)	Ternopilska	Borshchivskyi	49.6419	26.8203
48763	Верхняківці (Верхняківська сільська рада)	Ternopilska	Borshchivskyi	49.6419	26.8203
48764	Висічка (Висічанська сільська рада)	Ternopilska	Borshchivskyi	49.6419	26.8203
48765	Михайлівка (Кудринецька сільська рада)	Ternopilska	Borshchivskyi	49.6419	26.8203
48766	Мушкатівка (Мушкатівська сільська рада)	Ternopilska	Borshchivskyi	49.6419	26.8203
48767	Окопи (Вигодська сільська рада)	Ternopilska	Borshchivskyi	49.6419	26.8203
48768	Пищатинці (Пищатинська сільська рада)	Ternopilska	Borshchivskyi	49.6419	26.8203
48769	Сапогів (Сапогівська сільська рада)	Ternopilska	Borshchivskyi	49.6419	26.8203
48770	Слобідка-Мушкатівська (Мушкатівська сільська рада)	Ternopilska	Borshchivskyi	49.6419	26.8203
48771	Худиківці (Худиківська сільська рада)	Ternopilska	Borshchivskyi	49.6419	26.8203
21000	Вінниця	Vinnytska	Vinnytska	49.2328	28.481
21001	Вінниця	Vinnytska	Vinnytska	49.2328	28.481
21003	Вінниця	Vinnytska	Vinnytska	49.2328	28.481
21004	Вінниця	Vinnytska	Vinnytska	49.2328	28.481
21005	Вінниця	Vinnytska	Vinnytska	49.2328	28.481
21007	Вінниця	Vinnytska	Vinnytska	49.2328	28.481
21008	Вінниця	Vinnytska	Vinnytska	49.2328	28.481
21009	Вінниця	Vinnytska	Vinnytska	49.2328	28.481
21010	Вінниця	Vinnytska	Vinnytska	49.2328	28.481
21011	Вінниця	Vinnytska	Vinnytska	49.2328	28.481
21012	Вінниця	Vinnytska	Vinnytska	49.2328	28.481
21014	Вінниця	Vinnytska	Vinnytska	49.2328	28.481
21016	Вінниця	Vinnytska	Vinnytska	49.2328	28.481
21017	Вінниця	Vinnytska	Vinnytska	49.2328	28.481
21018	Вінниця	Vinnytska	Vinnytska	49.2328	28.481
21019	Вінниця	Vinnytska	Vinnytska	49.2328	28.481
21020	Вінниця	Vinnytska	Vinnytska	49.2328	28.481
21021	Вінниця	Vinnytska	Vinnytska	49.2328	28.481
21022	Вінниця	Vinnytska	Vinnytska	49.2328	28.481
21023	Вінниця	Vinnytska	Vinnytska	49.2328	28.481
21027	Вінниця	Vinnytska	Vinnytska	49.2328	28.481
21028	Вінниця	Vinnytska	Vinnytska	49.2328	28.481
21029	Вінниця	Vinnytska	Vinnytska	49.2328	28.481
21030	Вінниця	Vinnytska	Vinnytska	49.2328	28.481
21031	Вінниця	Vinnytska	Vinnytska	49.2328	28.481
21032	Вінниця	Vinnytska	Vinnytska	49.2328	28.481
21034	Вінниця	Vinnytska	Vinnytska	49.2328	28.481
21036	Вінниця	Vinnytska	Vinnytska	49.2328	28.481
21037	Вінниця	Vinnytska	Vinnytska	49.2328	28.481
21050	Вінниця	Vinnytska	Vinnytska	49.2328	28.481
22000	Хмільник	Vinnytska	Khmilnyk	49.5708	27.8966
22003	Хмільник	Vinnytska	Khmilnyk	49.5708	27.8966
22008	Лелітка	Vinnytska	Khmilnytskyi	49.5708	27.8966
22009	Соколова	Vinnytska	Khmilnytskyi	49.5708	27.8966
22010	Мар'янівка	Vinnytska	Khmilnytskyi	49.702	27.8732
22011	Скаржинці	Vinnytska	Khmilnytskyi	49.7066	27.9419
22012	Лисогірка	Vinnytska	Khmilnytskyi	49.7667	27.9
22013	Торчин	Vinnytska	Khmilnytskyi	49.6934	27.9325
22014	Терешпіль	Vinnytska	Khmilnytskyi	49.6832	27.7975
22015	Качанівка	Vinnytska	Khmilnytskyi	49.702	27.8732
22016	Семки	Vinnytska	Khmilnytskyi	49.6586	27.9164
22017	Нова Сулківка	Vinnytska	Khmilnytskyi	49.717	27.8325
22018	Софіївка	Vinnytska	Khmilnytskyi	49.6938	27.7919
22019	Сулківка	Vinnytska	Khmilnytskyi	49.6966	27.8731
22020	Лип'ятин	Vinnytska	Khmilnytskyi	49.751	28.0883
22021	Морозівка	Vinnytska	Khmilnytskyi	49.7152	28.1037
22022	Сальниця	Vinnytska	Khmilnytskyi	49.7388	28.0336
22023	Петриківці	Vinnytska	Khmilnytskyi	49.7553	28.1995
22024	Подорожня	Vinnytska	Khmilnytskyi	49.7951	28.2611
22025	Сміла	Vinnytska	Khmilnytskyi	49.7806	28.1616
22026	Кропивна	Vinnytska	Khmilnytskyi	49.75	28.3167
22027	Клітенка	Vinnytska	Khmilnytskyi	49.7833	28.35
22028	Українське	Vinnytska	Khmilnytskyi	49.7579	28.1822
22029	Чеснівка	Vinnytska	Khmilnytskyi	49.7517	28.1256
22030	Маркуші	Vinnytska	Khmilnytskyi	49.6738	28.0234
22031	Рибчинці	Vinnytska	Khmilnytskyi	49.6889	28.0856
22032	Уланів	Vinnytska	Khmilnytskyi	49.6951	28.133
22033	Тараски	Vinnytska	Khmilnytskyi	49.7032	28.2347
22034	Воронівці	Vinnytska	Khmilnytskyi	49.6667	28.1667
22035	Пагурці	Vinnytska	Khmilnytskyi	49.7022	28.1805
22036	Пустовійти	Vinnytska	Khmilnytskyi	49.6722	28.214
22037	Чернятинці	Vinnytska	Khmilnytskyi	49.6722	28.214
22038	Зозулинці	Vinnytska	Khmilnytskyi	49.5727	28.9245
22039	Митинці	Vinnytska	Khmilnytskyi	49.6751	27.9634
22040	Великий Остріжок	Vinnytska	Khmilnytskyi	49.5748	28.6615
22041	Вишенька	Vinnytska	Khmilnytskyi	49.7183	28.365
22042	Крижанівка	Vinnytska	Khmilnytskyi	49.7061	28.4212
22044	Рогинці	Vinnytska	Khmilnytskyi	49.5748	28.6615
22045	Лозна	Vinnytska	Khmilnytskyi	49.6531	28.2306
22046	Хутори-Кривошиїнецькі	Vinnytska	Khmilnytskyi	49.5748	28.6615
22047	Вугли	Vinnytska	Khmilnytskyi	49.5748	28.6615
22048	Малий Остріжок	Vinnytska	Khmilnytskyi	49.5748	28.6615
22049	Осична	Vinnytska	Khmilnytskyi	49.2218	29.6292
22050	Війтівці	Vinnytska	Khmilnytskyi	49.6411	27.6547
22051	Дібрівка	Vinnytska	Khmilnytskyi	50.4734	25.8415
22052	Березна	Vinnytska	Khmilnytskyi	49.5621	27.8492
22053	Куманівці	Vinnytska	Khmilnytskyi	49.6411	27.6547
22054	Лозова	Vinnytska	Khmilnytskyi	49.5156	27.8393
22055	Думенки	Vinnytska	Khmilnytskyi	49.5216	27.8002
22056	Гулі	Vinnytska	Khmilnytskyi	48.92	27.4264
22057	Дубина	Vinnytska	Khmilnytskyi	49.7701	28.5932
22058	Слобода-Кустовецька	Vinnytska	Khmilnytskyi	49.6411	27.6547
22059	Чепелі	Vinnytska	Khmilnytskyi	49.725	28.2335
22060	Великий Митник	Vinnytska	Khmilnytskyi	49.2131	28.441
22061	Малий Митник	Vinnytska	Khmilnytskyi	49.2131	28.441
22062	Будків	Vinnytska	Khmilnytskyi	49.2131	28.441
22063	Філіопіль	Vinnytska	Khmilnytskyi	49.2131	28.441
22064	Голодьки	Vinnytska	Khmilnytskyi	49.5226	27.976
22065	Широка Гребля	Vinnytska	Khmilnytskyi	49.5742	28.8301
22066	Порик	Vinnytska	Khmilnytskyi	49.2131	28.441
22067	Томашпіль	Vinnytska	Khmilnytskyi	48.5426	28.5168
22068	Курилівка	Vinnytska	Khmilnytskyi	49.2131	28.441
22069	Чудинівці	Vinnytska	Khmilnytskyi	49.2131	28.441
22070	Сьомаки	Vinnytska	Khmilnytskyi	49.6863	28.1555
22071	Білий Рукав	Vinnytska	Khmilnytskyi	49.6863	28.1555
22072	Колибабинці	Vinnytska	Khmilnytskyi	49.6863	28.1555
22073	Кривошиї	Vinnytska	Khmilnytskyi	49.6863	28.1555
22074	Сербанівка	Vinnytska	Khmilnytskyi	49.6863	28.1555
22075	Ступник	Vinnytska	Khmilnytskyi	49.7441	28.2883
22076	Червоний Степ	Vinnytska	Khmilnytskyi	49.7381	28.3635
22077	Ольгине	Vinnytska	Khmilnytskyi	49.6863	28.1555
22078	Крупин	Vinnytska	Khmilnytskyi	49.5768	27.8146
22079	Педоси	Vinnytska	Khmilnytskyi	49.6863	28.1555
22080	Кушелівка	Vinnytska	Khmilnytskyi	49.6523	27.7479
22081	Кустівці	Vinnytska	Khmilnytskyi	49.9246	27.4059
22082	Гнатівка	Vinnytska	Khmilnytskyi	49.7698	28.0046
22083	Кустовецьке	Vinnytska	Khmilnytskyi	49.6821	28.3784
22084	Вербівка	Vinnytska	Khmilnytskyi	48.7007	28.358
22085	Крутнів	Vinnytska	Khmilnytskyi	49.9452	25.4277
22086	Стара Гута	Vinnytska	Khmilnytskyi	49.6523	27.7479
22087	Держанівка	Vinnytska	Khmilnytskyi	49.8137	28.8172
22088	Володимирівка	Vinnytska	Khmilnytskyi	49.7301	27.8437
22100	Козятин	Vinnytska	Kosiatin	49.7143	28.8338
22102	Козятин (Козятинська сільська Рада)	Vinnytska	Koziatynskyi	49.7143	28.8338
22102	Козятин	Vinnytska	Kosiatin	49.7143	28.8338
22109	Козятин (Козятинська сільська Рада)	Vinnytska	Koziatynskyi	49.7143	28.8338
22110	Поличинці	Vinnytska	Koziatynskyi	49.7997	28.5277
22111	Тернівка	Vinnytska	Koziatynskyi	49.8012	28.4415
22112	Юрівка	Vinnytska	Koziatynskyi	49.7504	28.4699
22113	Вовчинець	Vinnytska	Koziatynskyi	49.7495	28.5616
22114	Безіменне	Vinnytska	Koziatynskyi	49.6966	28.5532
22115	Бродецьке	Vinnytska	Koziatynskyi	49.7604	28.6308
22116	Жежелів	Vinnytska	Koziatynskyi	49.8003	28.6436
22117	Дубина	Vinnytska	Koziatynskyi	49.7701	28.5932
22118	Немиринці	Vinnytska	Koziatynskyi	49.6223	29.0589
22119	Листопадівка	Vinnytska	Koziatynskyi	49.7577	28.4211
22120	Білопілля	Vinnytska	Koziatynskyi	49.8441	28.8639
22121	Кашперівка	Vinnytska	Koziatynskyi	49.8586	28.891
22122	Пузирки	Vinnytska	Koziatynskyi	49.8283	28.7815
22123	Непедівка	Vinnytska	Koziatynskyi	49.7755	28.8071
22124	Гурівці	Vinnytska	Koziatynskyi	49.8008	28.7751
22125	Вернигородок	Vinnytska	Koziatynskyi	49.7845	28.8932
22126	Велике	Vinnytska	Koziatynskyi	49.8	28.9333
22127	Верболози	Vinnytska	Koziatynskyi	49.7985	28.8608
22128	Держанівка	Vinnytska	Koziatynskyi	49.8137	28.8172
22129	Панасівка	Vinnytska	Koziatynskyi	49.8374	28.8034
22130	Глухівці	Vinnytska	Koziatynskyi	49.7704	28.7334
22131	Залізничне	Vinnytska	Koziatynskyi	49.7114	28.6843
22132	Пляхова	Vinnytska	Koziatynskyi	49.7403	28.7358
22133	Махнівка	Vinnytska	Koziatynskyi	49.7194	28.6666
22134	Перемога	Vinnytska	Koziatynskyi	49.6647	28.6438
22135	Куманівка	Vinnytska	Koziatynskyi	49.6497	28.7038
22136	Глухівці (сільска рада с.Глухівці)	Vinnytska	Koziatynskyi	49.7114	28.6843
22137	Марківці	Vinnytska	Koziatynskyi	49.6878	28.6408
22138	Медведівка	Vinnytska	Koziatynskyi	49.7478	28.6657
22139	Мшанець	Vinnytska	Koziatynskyi	49.7114	28.6843
22140	Сестринівка	Vinnytska	Koziatynskyi	49.7352	28.9449
22141	Махаринці	Vinnytska	Koziatynskyi	49.7128	28.9101
22142	Сокілець	Vinnytska	Koziatynskyi	49.6866	28.8471
22143	Титусівка	Vinnytska	Koziatynskyi	49.6776	28.8315
22144	Пиковець	Vinnytska	Koziatynskyi	49.6791	28.7554
22145	Сигнал	Vinnytska	Koziatynskyi	49.6906	28.8127
22146	Кордишівка	Vinnytska	Koziatynskyi	49.6866	28.8471
22147	Королівка	Vinnytska	Koziatynskyi	49.6684	28.9101
22148	Прушинка	Vinnytska	Koziatynskyi	49.648	28.887
22149	Пустоха	Vinnytska	Koziatynskyi	49.6812	28.7254
22150	Дубові Махаринці	Vinnytska	Koziatynskyi	49.632	28.9597
22151	Журбинці	Vinnytska	Koziatynskyi	49.6547	28.9527
22152	Блажіївка	Vinnytska	Koziatynskyi	49.4832	28.745
22153	Флоріанівка	Vinnytska	Koziatynskyi	49.6259	28.7987
22154	Йосипівка	Vinnytska	Koziatynskyi	48.5194	28.0693
22155	Зозулинці	Vinnytska	Koziatynskyi	49.5727	28.9245
22156	Садове	Vinnytska	Koziatynskyi	49.7177	28.7244
22157	Воскодавинці	Vinnytska	Koziatynskyi	49.4832	28.745
22158	Малишівка	Vinnytska	Koziatynskyi	49.4832	28.745
22159	Рубанка	Vinnytska	Koziatynskyi	49.6602	28.7854
22160	Миколаївка	Vinnytska	Koziatynskyi	49.5996	28.7548
22161	Лопатин	Vinnytska	Koziatynskyi	49.5678	28.7604
22162	Михайлин	Vinnytska	Koziatynskyi	50.94	25.2065
22163	Самгородок	Vinnytska	Koziatynskyi	49.5327	28.8427
22164	Вівсяники	Vinnytska	Koziatynskyi	49.4707	28.9263
22165	Збараж	Vinnytska	Koziatynskyi	49.4964	28.8196
22166	Коритувата	Vinnytska	Koziatynskyi	49.6459	28.245
22167	Красне	Vinnytska	Koziatynskyi	48.9139	28.4048
22168	Лозівка	Vinnytska	Koziatynskyi	49.6459	28.245
22169	Мухувата	Vinnytska	Koziatynskyi	49.6459	28.245
22170	Туча	Vinnytska	Koziatynskyi	49.638	28.6633
22171	Сошанське	Vinnytska	Koziatynskyi	49.7085	28.6693
22172	Широка Гребля	Vinnytska	Koziatynskyi	49.5742	28.8301
22173	Великий Степ	Vinnytska	Koziatynskyi	49.7085	28.6693
22174	Селище	Vinnytska	Koziatynskyi	49.8333	28.9167
22175	Чернички	Vinnytska	Koziatynskyi	49.7195	28.5694
22176	Хліборобне	Vinnytska	Koziatynskyi	49.6696	28.5507
22177	Іванківці	Vinnytska	Koziatynskyi	49.75	28.85
22178	Мала Клітинка	Vinnytska	Koziatynskyi	49.7979	28.4771
22179	Молодіжне	Vinnytska	Koziatynskyi	49.6854	28.4972
22180	Молотківці	Vinnytska	Koziatynskyi	49.7139	28.5288
22200	Погребище	Vinnytska	Pohrebyshchenskyi	49.4864	29.2636
22209	Педоси	Vinnytska	Pohrebyshchenskyi	49.4864	29.2636
22210	Ширмівка	Vinnytska	Pohrebyshchenskyi	49.5618	29.1006
22211	Свитинці	Vinnytska	Pohrebyshchenskyi	49.5352	29.1505
22212	Старостинці	Vinnytska	Pohrebyshchenskyi	49.5352	29.1505
22213	Ліщинці	Vinnytska	Pohrebyshchenskyi	49.5671	29.1708
22214	Станилівка	Vinnytska	Pohrebyshchenskyi	49.5352	29.1505
22215	Білашки	Vinnytska	Pohrebyshchenskyi	49.5099	29.1704
22216	Гопчиця	Vinnytska	Pohrebyshchenskyi	49.5308	29.2731
22217	Вишнівка	Vinnytska	Pohrebyshchenskyi	49.5352	29.1505
22218	Іваньки	Vinnytska	Pohrebyshchenskyi	49.5479	29.2096
22219	Смаржинці	Vinnytska	Pohrebyshchenskyi	49.4937	28.9787
22220	Морозівка	Vinnytska	Pohrebyshchenskyi	49.7152	28.1037
22221	Бухни	Vinnytska	Pohrebyshchenskyi	49.8041	29.0349
22222	Сніжна	Vinnytska	Pohrebyshchenskyi	49.8041	29.0349
22223	Новофастів	Vinnytska	Pohrebyshchenskyi	49.8041	29.0349
22224	Бабинці	Vinnytska	Pohrebyshchenskyi	50.6331	30.0239
22225	Малинки	Vinnytska	Pohrebyshchenskyi	49.4482	29.1859
22226	Бурківці	Vinnytska	Pohrebyshchenskyi	49.8804	28.0458
22227	Задорожнє	Vinnytska	Pohrebyshchenskyi	49.8041	29.0349
22228	Озерна	Vinnytska	Pohrebyshchenskyi	49.642	29.5068
22229	Круподеринці	Vinnytska	Pohrebyshchenskyi	49.5055	29.343
22230	Саражинці	Vinnytska	Pohrebyshchenskyi	49.5076	29.3935
22231	Кур'янці	Vinnytska	Pohrebyshchenskyi	49.7082	29.2576
22232	Дзюньків	Vinnytska	Pohrebyshchenskyi	49.4577	29.4464
22233	Борщагівка	Vinnytska	Pohrebyshchenskyi	49.7082	29.2576
22234	Скибинці	Vinnytska	Pohrebyshchenskyi	50.1916	32.6962
22235	Збаржівка	Vinnytska	Pohrebyshchenskyi	49.7082	29.2576
22236	Довгалівка	Vinnytska	Pohrebyshchenskyi	50.2887	25.364
22237	Попівці	Vinnytska	Pohrebyshchenskyi	49.5333	29.3667
22238	Обозівка	Vinnytska	Pohrebyshchenskyi	49.4602	29.4735
22239	Талалаї	Vinnytska	Pohrebyshchenskyi	49.5182	29.0632
22240	Черемошне	Vinnytska	Pohrebyshchenskyi	49.4651	29.1222
22241	Григорівка	Vinnytska	Pohrebyshchenskyi	49.344	29.4238
22242	Степанки	Vinnytska	Pohrebyshchenskyi	49.4864	29.0799
22243	Левківка	Vinnytska	Pohrebyshchenskyi	49.4654	29.0038
22244	Ординці	Vinnytska	Pohrebyshchenskyi	49.4351	29.0551
22245	Надросся	Vinnytska	Pohrebyshchenskyi	49.4167	29.0833
22246	Мончин	Vinnytska	Pohrebyshchenskyi	49.4213	28.9781
22247	Сопин	Vinnytska	Pohrebyshchenskyi	49.4269	28.9419
22248	Булаї	Vinnytska	Pohrebyshchenskyi	49.4151	29.0982
22249	Веселівка	Vinnytska	Pohrebyshchenskyi	48.5643	32.4522
22250	Спичинці	Vinnytska	Pohrebyshchenskyi	49.2659	28.7017
22251	Васильківці	Vinnytska	Pohrebyshchenskyi	49.2659	28.7017
22252	Плисків	Vinnytska	Pohrebyshchenskyi	49.2659	28.7017
22253	Очеретня	Vinnytska	Pohrebyshchenskyi	49.2659	28.7017
22254	Довжок	Vinnytska	Pohrebyshchenskyi	48.8313	28.9708
22255	Андрушівка	Vinnytska	Pohrebyshchenskyi	50.0229	29.0202
22256	Паріївка	Vinnytska	Pohrebyshchenskyi	49.2659	28.7017
22257	Травневе	Vinnytska	Pohrebyshchenskyi	48.9437	28.114
22258	Філютка	Vinnytska	Pohrebyshchenskyi	49.2659	28.7017
22259	Юнашки	Vinnytska	Pohrebyshchenskyi	49.2659	28.7017
22260	Павлівка	Vinnytska	Pohrebyshchenskyi	49.1273	29.16
22261	Адамівка	Vinnytska	Pohrebyshchenskyi	49.4344	29.3196
22262	Погребище Перше (Адамівська сільська рада)	Vinnytska	Pohrebyshchenskyi	49.4077	29.1514
22263	Розкопане	Vinnytska	Pohrebyshchenskyi	49.4077	29.1514
22265	Кулешів	Vinnytska	Pohrebyshchenskyi	49.4917	29.1237
22266	Бистрик	Vinnytska	Pohrebyshchenskyi	49.4077	29.1514
22267	Соснівка	Vinnytska	Pohrebyshchenskyi	49.5773	29.0023
22271	Погребище Друге (Очеретнянська сільська рада)	Vinnytska	Pohrebyshchenskyi	49.5279	29.1862
22300	Літин	Vinnytska	Litynskyi	49.3251	28.0809
22307	Селище	Vinnytska	Litynskyi	49.8333	28.9167
22308	Садове	Vinnytska	Litynskyi	49.7177	28.7244
22309	Майдан-Бобрик	Vinnytska	Litynskyi	49.6254	28.574
22310	Білозірка	Vinnytska	Litynskyi	49.7678	26.183
22311	Іванівці	Vinnytska	Litynskyi	49.3885	24.1022
22312	Шевченка	Vinnytska	Litynskyi	49.7204	27.7311
22313	Кожухів	Vinnytska	Litynskyi	49.7204	27.7311
22314	Красносілка	Vinnytska	Litynskyi	48.3378	28.8362
22315	Лисогірка	Vinnytska	Litynskyi	49.7667	27.9
22316	Лісне	Vinnytska	Litynskyi	51.3141	30.6995
22317	Медведівка	Vinnytska	Litynskyi	49.7478	28.6657
22318	Осічок	Vinnytska	Litynskyi	49.7204	27.7311
22320	Уладівка	Vinnytska	Litynskyi	49.5013	28.234
22321	Іванопіль	Vinnytska	Litynskyi	49.8625	28.2145
22324	Супрунів	Vinnytska	Litynskyi	49.6819	28.2243
22325	Журавне	Vinnytska	Litynskyi	49.6819	28.2243
22326	Олександрівка	Vinnytska	Litynskyi	49.6819	28.2243
22327	Кам'янка	Vinnytska	Litynskyi	49.6819	28.2243
22328	Пиківська Слобідка	Vinnytska	Litynskyi	49.6819	28.2243
22329	Матяшівка	Vinnytska	Litynskyi	49.6819	28.2243
22330	Осолинка	Vinnytska	Litynskyi	49.4191	28.1096
22331	Миколаївка	Vinnytska	Litynskyi	49.5996	28.7548
22332	Івча	Vinnytska	Litynskyi	49.4117	28.0578
22333	Бруслинів	Vinnytska	Litynskyi	49.0148	29.3972
22334	Вербівка	Vinnytska	Litynskyi	48.7007	28.358
22335	Новоселиця	Vinnytska	Litynskyi	48.2193	26.2653
22336	Пеньківка	Vinnytska	Litynskyi	48.8967	28.2648
22337	Підлісне	Vinnytska	Litynskyi	48.7831	32.2539
22338	Бруслинівка	Vinnytska	Litynskyi	49.0148	29.3972
22339	Гавришівка	Vinnytska	Litynskyi	49.0885	35.1134
22340	Кусиківці	Vinnytska	Litynskyi	49.8113	30.5752
22341	Дяківці	Vinnytska	Litynskyi	49.8113	30.5752
22342	Літинка	Vinnytska	Litynskyi	49.3522	27.9266
22343	Громадське	Vinnytska	Litynskyi	49.8113	30.5752
22344	Сосни	Vinnytska	Litynskyi	49.8113	30.5752
22345	Літинські Хутори	Vinnytska	Litynskyi	49.8113	30.5752
22346	Кулига	Vinnytska	Litynskyi	49.8113	30.5752
22347	Городище	Vinnytska	Litynskyi	49.2849	31.4451
22348	Українка	Vinnytska	Litynskyi	50.1432	30.7461
22349	Яблунівка	Vinnytska	Litynskyi	50.4648	32.1829
22350	Багринівці	Vinnytska	Litynskyi	49.2916	27.5865
22351	Горбівці	Vinnytska	Litynskyi	49.2916	27.5865
22352	Бірків	Vinnytska	Litynskyi	49.2916	27.5865
22353	Микулинці	Vinnytska	Litynskyi	49.396	25.6052
22354	Антонівка	Vinnytska	Litynskyi	49.0858	27.7842
22355	Вінниківці	Vinnytska	Litynskyi	49.2916	27.5865
22356	Залужне	Vinnytska	Litynskyi	50.2388	27.9723
22357	Кільянівка	Vinnytska	Litynskyi	49.2916	27.5865
22358	Соколівка	Vinnytska	Litynskyi	48.4457	28.9843
22359	Лука	Vinnytska	Litynskyi	49.2916	27.5865
22360	Малинівка	Vinnytska	Litynskyi	48.6949	28.57
22361	Балин	Vinnytska	Litynskyi	49.3544	28.2122
22362	Петрик	Vinnytska	Litynskyi	48.6949	28.57
22363	Дашківці	Vinnytska	Litynskyi	48.6949	28.57
22364	Лукашівка	Vinnytska	Litynskyi	48.7282	28.1721
22365	Гончарівка	Vinnytska	Litynskyi	46.2364	30.0702
22366	Іскриня	Vinnytska	Litynskyi	48.6949	28.57
22367	Вишенька	Vinnytska	Litynskyi	49.7183	28.365
22368	Трибухи	Vinnytska	Litynskyi	49.4371	28.0304
22370	Ріжок	Vinnytska	Litynskyi	49.3302	28.726
22371	Теси	Vinnytska	Litynskyi	49.3302	28.726
22400	Калинівка	Vinnytska	Kalynivskyi	49.4539	28.5261
22403	Калинівка	Vinnytska	Kalynivskyi	49.4539	28.5261
22407	Писарівка	Vinnytska	Kalynivskyi	49.5276	28.4689
22408	Рівнинне	Vinnytska	Kalynivskyi	49.4785	28.507
22410	Лемешівка	Vinnytska	Kalynivskyi	49.6602	28.4558
22411	Люлинці	Vinnytska	Kalynivskyi	50.0198	28.0831
22412	Вишневе	Vinnytska	Kalynivskyi	50.3891	30.3705
22413	Нападівка	Vinnytska	Kalynivskyi	49.8572	27.0612
22414	Прилуцьке	Vinnytska	Kalynivskyi	50.7912	25.4045
22415	Радівка	Vinnytska	Kalynivskyi	50.3	29.1937
22416	Адамівка	Vinnytska	Kalynivskyi	49.4344	29.3196
22417	Великі Кутища	Vinnytska	Kalynivskyi	50.0198	28.0831
22418	Малі Кутищі	Vinnytska	Kalynivskyi	50.0198	28.0831
22419	Мончинці	Vinnytska	Kalynivskyi	49.7064	26.7766
22420	Пиків	Vinnytska	Kalynivskyi	49.5479	29.4944
22421	Шепіївка	Vinnytska	Kalynivskyi	49.5479	29.4944
22422	Уладівське	Vinnytska	Kalynivskyi	49.5479	29.4944
22423	Жигалівка	Vinnytska	Kalynivskyi	49.5373	28.3139
22424	Хомутинці	Vinnytska	Kalynivskyi	49.5479	29.4944
22425	Глинськ	Vinnytska	Kalynivskyi	48.9562	32.8995
22426	Бережани	Vinnytska	Kalynivskyi	49.45	24.9333
22427	Антонопіль	Vinnytska	Kalynivskyi	49.5479	29.4944
22428	Панасівка	Vinnytska	Kalynivskyi	49.8374	28.8034
22429	Яблуневе	Vinnytska	Kalynivskyi	49.9587	32.5221
22430	Байківка	Vinnytska	Kalynivskyi	48.4131	33.9525
22431	Грушківці	Vinnytska	Kalynivskyi	48.4758	30.8195
22432	Іванів	Vinnytska	Kalynivskyi	48.4758	30.8195
22433	Слобідка	Vinnytska	Kalynivskyi	47.8869	29.3461
22434	Гущинці	Vinnytska	Kalynivskyi	48.4758	30.8195
22435	Кам'яногірка	Vinnytska	Kalynivskyi	48.4758	30.8195
22436	Павлівка	Vinnytska	Kalynivskyi	49.1273	29.16
22437	Мізяків	Vinnytska	Kalynivskyi	48.4758	30.8195
22439	Калинівка Друга	Vinnytska	Kalynivskyi	48.4758	30.8195
22440	Заливанщина	Vinnytska	Kalynivskyi	49.4683	28.464
22441	Червоний Степ	Vinnytska	Kalynivskyi	49.7381	28.3635
22442	Голендри	Vinnytska	Kalynivskyi	49.5648	28.7174
22443	Черепашинці	Vinnytska	Kalynivskyi	49.4683	28.464
22444	Чернятин	Vinnytska	Kalynivskyi	49.5	28.7333
22445	Корделівка	Vinnytska	Kalynivskyi	49.5215	28.5501
22446	Загребельня	Vinnytska	Kalynivskyi	49.4683	28.464
22447	Котюжинці	Vinnytska	Kalynivskyi	49.4683	28.464
22448	Герасимівка	Vinnytska	Kalynivskyi	49.4683	28.464
22449	Голубівка	Vinnytska	Kalynivskyi	49.017	27.9558
22450	Дружелюбівка	Vinnytska	Kalynivskyi	49.4667	28.6
22451	Мирне	Vinnytska	Kalynivskyi	49.46	28.7327
22452	Нова Гребля	Vinnytska	Kalynivskyi	49.4635	28.7747
22453	Дружне	Vinnytska	Kalynivskyi	49.4667	28.8167
22455	Польова Лисіївка	Vinnytska	Kalynivskyi	49.4078	28.5567
22456	Тарасівка	Vinnytska	Kalynivskyi	48.9067	28.1661
22457	Забара	Vinnytska	Kalynivskyi	49.6833	28.25
22458	Гулівці	Vinnytska	Kalynivskyi	49.4078	28.5567
22459	Мізяківська Слобідка	Vinnytska	Kalynivskyi	49.4078	28.5567
22460	Сальник	Vinnytska	Kalynivskyi	49.405	28.556
22461	Лісова Лисіївка	Vinnytska	Kalynivskyi	49.6863	28.5273
22463	Павленки	Vinnytska	Kalynivskyi	49.6863	28.5273
22464	Первомайське	Vinnytska	Kalynivskyi	49.6863	28.5273
22465	Софіївка	Vinnytska	Kalynivskyi	49.6863	28.5273
22466	Весела	Vinnytska	Kalynivskyi	49.6863	28.5273
22467	Райки	Vinnytska	Kalynivskyi	49.9675	28.4986
22500	Липовець	Vinnytska	Lypovetskyi	48.4246	28.9575
22506	Вікентіївка	Vinnytska	Lypovetskyi	48.4246	28.9575
22507	Петрівка	Vinnytska	Lypovetskyi	49.0112	28.2214
22508	Нове	Vinnytska	Lypovetskyi	46.8875	29.8712
22509	Чупринівка	Vinnytska	Lypovetskyi	49.3751	28.78
22510	Костянтинівка	Vinnytska	Lypovetskyi	49.4064	28.8138
22511	Стара Прилука	Vinnytska	Lypovetskyi	48.6776	29.2317
22512	Нова Прилука	Vinnytska	Lypovetskyi	49.3749	28.6995
22513	Турбів	Vinnytska	Lypovetskyi	49.3479	28.7212
22514	Сиваківці	Vinnytska	Lypovetskyi	48.6776	29.2317
22515	Приборівка	Vinnytska	Lypovetskyi	48.6776	29.2317
22516	Соболівка	Vinnytska	Lypovetskyi	48.619	29.4872
22518	Червона Зірка	Vinnytska	Lypovetskyi	46.6398	30.4366
22519	Кобильня	Vinnytska	Lypovetskyi	48.6776	29.2317
22520	Біла	Vinnytska	Lypovetskyi	49.3892	28.9223
22521	Зозівка	Vinnytska	Lypovetskyi	49.3384	28.3648
22522	Вербівка	Vinnytska	Lypovetskyi	48.7007	28.358
22523	Брицьке	Vinnytska	Lypovetskyi	49.3525	28.9048
22524	Вахнівка	Vinnytska	Lypovetskyi	49.3194	28.8484
22525	Зозів	Vinnytska	Lypovetskyi	50.6766	26.211
22527	Конюшівка	Vinnytska	Lypovetskyi	49.3704	28.8546
22528	Ксаверівка	Vinnytska	Lypovetskyi	49.2655	28.2991
22529	Олександрівка	Vinnytska	Lypovetskyi	48.6331	28.5198
22530	Козинці	Vinnytska	Lypovetskyi	50.5145	30.0616
22531	Підлісне	Vinnytska	Lypovetskyi	48.7831	32.2539
22532	Щаслива	Vinnytska	Lypovetskyi	49.1178	31.1966
22533	Лозувата	Vinnytska	Lypovetskyi	49.1178	31.1966
22534	Лукашівка	Vinnytska	Lypovetskyi	48.7282	28.1721
22535	Нарцизівка	Vinnytska	Lypovetskyi	50.5833	28.1833
22536	Ясенки	Vinnytska	Lypovetskyi	49.1178	31.1966
22537	Королівка	Vinnytska	Lypovetskyi	49.6684	28.9101
22538	Косаківка	Vinnytska	Lypovetskyi	47.0296	34.3556
22539	Коханівка	Vinnytska	Lypovetskyi	48.5175	36.4393
22540	Славна	Vinnytska	Lypovetskyi	49.2753	29.042
22541	Нападівка	Vinnytska	Lypovetskyi	49.8572	27.0612
22542	Росоша	Vinnytska	Lypovetskyi	49.248	29.1784
22543	Богданівка	Vinnytska	Lypovetskyi	48.6422	29.1078
22544	Липовець (Росошанська сільська рада)	Vinnytska	Lypovetskyi	49.1891	28.6343
22545	Скитка	Vinnytska	Lypovetskyi	49.2152	29.1518
22546	Ганнівка	Vinnytska	Lypovetskyi	49.1891	28.6343
22547	Білозерівка	Vinnytska	Lypovetskyi	49.1891	28.6343
22548	Пилипенкове	Vinnytska	Lypovetskyi	49.1891	28.6343
22549	Пеньківка	Vinnytska	Lypovetskyi	48.8967	28.2648
22550	Струтинка	Vinnytska	Lypovetskyi	49.1924	28.9865
22551	Попівка	Vinnytska	Lypovetskyi	49.1491	29.0412
22552	Троща	Vinnytska	Lypovetskyi	49.9084	28.0911
22553	Війтівці	Vinnytska	Lypovetskyi	49.4001	28.8879
22554	Іваньки	Vinnytska	Lypovetskyi	49.5479	29.2096
22555	Пісочин	Vinnytska	Lypovetskyi	49.4001	28.8879
22556	Гордіївка	Vinnytska	Lypovetskyi	49.4001	28.8879
22557	Ульянівка	Vinnytska	Lypovetskyi	49.4001	28.8879
22558	Хороша	Vinnytska	Lypovetskyi	49.2027	29.1113
22559	Тельмана (Скитецька сільська рада)	Vinnytska	Lypovetskyi	49.4001	28.8879
22560	Теклинівка	Vinnytska	Lypovetskyi	49.5848	28.5292
22561	Вернянка	Vinnytska	Lypovetskyi	49.5848	28.5292
22562	Берестівка	Vinnytska	Lypovetskyi	50.3415	27.4785
22563	Ясенецьке	Vinnytska	Lypovetskyi	49.2835	28.8837
22564	Шендерівка	Vinnytska	Lypovetskyi	49.4105	28.9155
22565	Журава	Vinnytska	Lypovetskyi	49.3039	28.839
22600	Оратів	Vinnytska	Orativskyi	49.0161	29.5487
22606	Степове	Vinnytska	Orativskyi	49.0161	29.5487
22607	Озерне	Vinnytska	Orativskyi	49.0161	29.5487
22608	Люлинці	Vinnytska	Orativskyi	49.0161	29.5487
22609	Кам'яногірка	Vinnytska	Orativskyi	49.0161	29.5487
22610	Очитків	Vinnytska	Orativskyi	49.4352	28.9369
22611	Кожанка	Vinnytska	Orativskyi	49.2998	29.276
22612	Чернявка	Vinnytska	Orativskyi	50.5411	28.2122
22613	Човновиця	Vinnytska	Orativskyi	49.4352	28.9369
22614	Бартошівка	Vinnytska	Orativskyi	49.4352	28.9369
22615	Скоморошки	Vinnytska	Orativskyi	49.3291	29.4401
22616	Скала	Vinnytska	Orativskyi	49.3053	29.3981
22617	Вербівка	Vinnytska	Orativskyi	48.7007	28.358
22618	Ганнівка	Vinnytska	Orativskyi	49.4352	28.9369
22619	Закриниччя	Vinnytska	Orativskyi	49.4352	28.9369
22620	Новоживотів	Vinnytska	Orativskyi	48.213	31.0819
22621	Прибережне	Vinnytska	Orativskyi	44.86	35.1337
22622	Якимівка	Vinnytska	Orativskyi	46.6997	35.1592
22623	Животівка	Vinnytska	Orativskyi	49.2306	29.5342
22624	Осична	Vinnytska	Orativskyi	49.2218	29.6292
22625	Угарове	Vinnytska	Orativskyi	48.213	31.0819
22626	Березівка	Vinnytska	Orativskyi	48.9355	28.8769
22627	Бугаївка	Vinnytska	Orativskyi	49.3124	29.5719
22628	Каленівка	Vinnytska	Orativskyi	49.2309	29.6681
22629	Мала Ростівка	Vinnytska	Orativskyi	48.213	31.0819
22630	Велика Ростівка	Vinnytska	Orativskyi	49.2288	29.6363
22631	Медівка	Vinnytska	Orativskyi	49.2288	29.6363
22632	Лопатинка	Vinnytska	Orativskyi	49.1966	29.4106
22633	Оратів (Лопатинська сільська рада)	Vinnytska	Orativskyi	49.2288	29.6363
22634	Сологубівка	Vinnytska	Orativskyi	49.2288	29.6363
22635	Чагів	Vinnytska	Orativskyi	49.2288	29.6363
22636	Мервин	Vinnytska	Orativskyi	49.1933	29.3564
22637	Скибин	Vinnytska	Orativskyi	49.2965	30.142
22638	Тарасівка (Лопатинська сільська рада)	Vinnytska	Orativskyi	49.2288	29.6363
22639	Чагівське	Vinnytska	Orativskyi	49.2288	29.6363
22640	Стрижаків	Vinnytska	Orativskyi	49.7941	27.749
22641	Синарна	Vinnytska	Orativskyi	49.7941	27.749
22642	Яблуновиця	Vinnytska	Orativskyi	49.7941	27.749
22643	Заруддя	Vinnytska	Orativskyi	50.443	25.9775
22644	Кошлани	Vinnytska	Orativskyi	49.7941	27.749
22645	Дібровинці	Vinnytska	Orativskyi	49.7941	27.749
22646	Гоноратка	Vinnytska	Orativskyi	49.1452	29.5205
22647	Оратівка	Vinnytska	Orativskyi	49.7941	27.749
22648	Тарасівка (Підвисоцька)	Vinnytska	Orativskyi	49.7941	27.749
22649	Ступки	Vinnytska	Orativskyi	49.7941	27.749
22650	Рожична	Vinnytska	Orativskyi	49.187	29.615
22651	Сабарівка	Vinnytska	Orativskyi	49.1396	29.66
22652	Юшківці	Vinnytska	Orativskyi	49.2823	28.6815
22653	Балабанівка	Vinnytska	Orativskyi	49.12	29.6124
22654	Фронтівка	Vinnytska	Orativskyi	49.2823	28.6815
22655	Підвисоке	Vinnytska	Orativskyi	50.3229	25.4124
22656	Богданівка	Vinnytska	Orativskyi	48.6422	29.1078
22657	Дівочина	Vinnytska	Orativskyi	49.2823	28.6815
22658	Лінеччина	Vinnytska	Orativskyi	49.2823	28.6815
22700	Іллінці	Vinnytska	Illinetskyi	49.1048	29.2177
22708	Борисівка	Vinnytska	Illinetskyi	49.1048	29.2177
22709	Неменка	Vinnytska	Illinetskyi	49.1048	29.2177
22710	Тягун	Vinnytska	Illinetskyi	49.1562	28.9414
22711	Володимирівка	Vinnytska	Illinetskyi	49.7301	27.8437
22712	Іллінецьке	Vinnytska	Illinetskyi	49.1562	28.9414
22713	Павлівка	Vinnytska	Illinetskyi	49.1273	29.16
22714	Бабин	Vinnytska	Illinetskyi	49.1367	29.3264
22715	Даньківка	Vinnytska	Illinetskyi	49.106	29.315
22716	Дашів (Бабинська сільська рада)	Vinnytska	Illinetskyi	49.1562	28.9414
22717	Романово-Хутір	Vinnytska	Illinetskyi	49.1562	28.9414
22718	Слобідка	Vinnytska	Illinetskyi	47.8869	29.3461
22719	Хмельове	Vinnytska	Illinetskyi	49.9505	28.657
22720	Якубівка	Vinnytska	Illinetskyi	51.3798	31.1172
22721	Жорнище	Vinnytska	Illinetskyi	49.6251	28.2444
22722	Красненьке	Vinnytska	Illinetskyi	49.6251	28.2444
22723	Лиса Гора	Vinnytska	Illinetskyi	49.6251	28.2444
22724	Хрінівка	Vinnytska	Illinetskyi	49.6251	28.2444
22725	Пархомівка	Vinnytska	Illinetskyi	49.0329	29.3158
22726	Паріївка	Vinnytska	Illinetskyi	49.6251	28.2444
22727	Василівка	Vinnytska	Illinetskyi	48.9878	28.4445
22728	В'язовиця	Vinnytska	Illinetskyi	49.6251	28.2444
22729	Лугова	Vinnytska	Illinetskyi	49.1	24.1
22730	Жадани	Vinnytska	Illinetskyi	49.3586	29.0823
22731	Сорока	Vinnytska	Illinetskyi	49.0728	29.3552
22732	Кальник	Vinnytska	Illinetskyi	49.0356	29.393
22733	Шабельня	Vinnytska	Illinetskyi	49.3586	29.0823
22734	Кантелина	Vinnytska	Illinetskyi	49.3586	29.0823
22735	Купчинці	Vinnytska	Illinetskyi	49.3586	29.0823
22736	Яструбинці	Vinnytska	Illinetskyi	49.3586	29.0823
22737	Волошкове	Vinnytska	Illinetskyi	49.3586	29.0823
22738	Кабатня	Vinnytska	Illinetskyi	49.3586	29.0823
22739	Райки	Vinnytska	Illinetskyi	49.9675	28.4986
22740	Дашів (Дашівська селищна Рада)	Vinnytska	Illinetskyi	48.7877	28.7882
22740	Дашів (Бабинська сільська рада)	Vinnytska	Illinetskyi	48.7877	28.7882
22741	Копіївка	Vinnytska	Illinetskyi	48.7081	28.7174
22742	Криштопівка	Vinnytska	Illinetskyi	48.7877	28.7882
22743	Вербівка	Vinnytska	Illinetskyi	48.7007	28.358
22744	Білки	Vinnytska	Illinetskyi	48.9543	29.2893
22745	Іванівка	Vinnytska	Illinetskyi	48.7877	28.7882
22746	Криштопівське	Vinnytska	Illinetskyi	48.7877	28.7882
22747	Первомайське	Vinnytska	Illinetskyi	48.7877	28.7882
22748	Олексіївка	Vinnytska	Illinetskyi	48.7877	28.7882
22749	Привільне	Vinnytska	Illinetskyi	48.7877	28.7882
22750	Розсохувата	Vinnytska	Illinetskyi	49.3466	35.7343
22751	Китайгород	Vinnytska	Illinetskyi	48.8999	34.4466
22752	Кам'яногірка	Vinnytska	Illinetskyi	49.3137	30.8349
22753	Городок	Vinnytska	Illinetskyi	48.9516	29.5297
22754	Чортория	Vinnytska	Illinetskyi	49.3137	30.8349
22755	Слободище	Vinnytska	Illinetskyi	50.0208	28.4776
22756	Леухи	Vinnytska	Illinetskyi	48.9338	29.6287
22757	Петро-Марківка	Vinnytska	Illinetskyi	49.3137	30.8349
22758	Уланівка	Vinnytska	Illinetskyi	49.0935	29.1588
22759	Червоне	Vinnytska	Illinetskyi	49.9497	28.8687
22760	Шевченкове	Vinnytska	Illinetskyi	49.2574	29.3875
22800	Немирів	Vinnytska	Nemyrivskyi	48.9708	28.8378
22805	Дубовець	Vinnytska	Nemyrivskyi	49.4767	29.3732
22806	Монастирок	Vinnytska	Nemyrivskyi	48.9699	28.8638
22807	Будки	Vinnytska	Nemyrivskyi	48.9479	28.9754
22808	Березівка	Vinnytska	Nemyrivskyi	48.9355	28.8769
22809	Шевченка	Vinnytska	Nemyrivskyi	51.5598	31.3121
22810	Воловодівка	Vinnytska	Nemyrivskyi	48.9826	28.8955
22811	Обідне	Vinnytska	Nemyrivskyi	48.9826	28.8955
22812	Сподахи	Vinnytska	Nemyrivskyi	49.0505	28.8829
22813	Боблів	Vinnytska	Nemyrivskyi	48.9826	28.8955
22814	Байраківка	Vinnytska	Nemyrivskyi	48.9826	28.8955
22815	Глинянець	Vinnytska	Nemyrivskyi	48.9826	28.8955
22816	Дубмаслівка	Vinnytska	Nemyrivskyi	48.9826	28.8955
22817	Йосипенки	Vinnytska	Nemyrivskyi	48.9146	28.9081
22818	Вовчок (Зарудинецька сільська рада)	Vinnytska	Nemyrivskyi	48.9826	28.8955
22819	Язвинки	Vinnytska	Nemyrivskyi	48.9826	28.8955
22820	Кудлаї	Vinnytska	Nemyrivskyi	49.0003	28.7087
22821	Никифорівці	Vinnytska	Nemyrivskyi	49.0003	28.7087
22822	Медвежа	Vinnytska	Nemyrivskyi	48.9896	28.7737
22823	Гостинне	Vinnytska	Nemyrivskyi	49.0049	28.7374
22824	Козаківка	Vinnytska	Nemyrivskyi	49.0003	28.7087
22825	Супрунівка	Vinnytska	Nemyrivskyi	49.0109	28.7739
22826	Гунька	Vinnytska	Nemyrivskyi	49.0043	28.8199
22827	Чаульське	Vinnytska	Nemyrivskyi	49.0003	28.7087
22828	Сажки	Vinnytska	Nemyrivskyi	48.956	28.9118
22829	Потоки	Vinnytska	Nemyrivskyi	49.0359	28.2353
22830	Ковалівка	Vinnytska	Nemyrivskyi	50.1705	32.0579
22831	Рубань	Vinnytska	Nemyrivskyi	49.0117	28.9778
22832	Бондурівка	Vinnytska	Nemyrivskyi	49.1569	29.3973
22833	Рачки	Vinnytska	Nemyrivskyi	48.9961	28.9066
22834	Криківці	Vinnytska	Nemyrivskyi	48.9783	29.001
22835	Сорокотяжинці	Vinnytska	Nemyrivskyi	48.9587	28.9448
22836	Данилки	Vinnytska	Nemyrivskyi	48.9884	28.9555
22837	Коровайна	Vinnytska	Nemyrivskyi	48.9943	28.9376
22838	Мар'янівка (Бондурівська сільська рада)	Vinnytska	Nemyrivskyi	49.1569	29.3973
22839	Межигірка	Vinnytska	Nemyrivskyi	49.1569	29.3973
22840	Мухівці	Vinnytska	Nemyrivskyi	48.9488	28.7821
22841	Мала Бушинка	Vinnytska	Nemyrivskyi	48.8864	28.7571
22842	Шолудьки	Vinnytska	Nemyrivskyi	48.9005	28.7701
22843	Стрільчинці	Vinnytska	Nemyrivskyi	48.9552	28.6882
22844	Воробіївка	Vinnytska	Nemyrivskyi	48.9217	28.678
22845	Велика Бушинка	Vinnytska	Nemyrivskyi	48.9278	28.8413
22846	Сокілець	Vinnytska	Nemyrivskyi	48.9005	28.7701
22847	Вишківці	Vinnytska	Nemyrivskyi	48.8249	28.8277
22848	Забужжя	Vinnytska	Nemyrivskyi	48.8774	28.7704
22849	Вигнанка	Vinnytska	Nemyrivskyi	48.8613	28.8156
22850	Зарудинці	Vinnytska	Nemyrivskyi	48.9267	28.9313
22851	Чуків	Vinnytska	Nemyrivskyi	48.8944	28.8836
22852	Бугаків	Vinnytska	Nemyrivskyi	48.9018	28.938
22853	Остапківці	Vinnytska	Nemyrivskyi	48.8805	28.832
22854	Перепеличчя	Vinnytska	Nemyrivskyi	48.8499	28.8787
22855	Вовчок	Vinnytska	Nemyrivskyi	48.8411	28.9363
22856	Нові Обіходи	Vinnytska	Nemyrivskyi	48.8808	28.9245
22857	Городниця	Vinnytska	Nemyrivskyi	48.891	28.9816
22858	Довжок	Vinnytska	Nemyrivskyi	48.8313	28.9708
22859	Зеленянка	Vinnytska	Nemyrivskyi	48.9106	28.9677
22860	Мельниківці	Vinnytska	Nemyrivskyi	49.7882	29.3268
22861	Червоне	Vinnytska	Nemyrivskyi	49.9497	28.8687
22862	Ометинці	Vinnytska	Nemyrivskyi	49.7882	29.3268
22863	Юрківці	Vinnytska	Nemyrivskyi	50.779	32.9337
22864	Джуринці	Vinnytska	Nemyrivskyi	49.7882	29.3268
22865	Ситківці	Vinnytska	Nemyrivskyi	49.7882	29.3268
22866	Рубіжне	Vinnytska	Nemyrivskyi	49.7882	29.3268
22867	Вища Кропивна	Vinnytska	Nemyrivskyi	49.7882	29.3268
22868	Гута	Vinnytska	Nemyrivskyi	48.668	29.1032
22869	Кароліна	Vinnytska	Nemyrivskyi	49.7558	26.4017
22870	Брацлав	Vinnytska	Nemyrivskyi	48.8226	28.9407
22871	Коржів	Vinnytska	Nemyrivskyi	48.8649	28.897
22872	Монастирське	Vinnytska	Nemyrivskyi	48.8649	28.897
22873	Гриненки	Vinnytska	Nemyrivskyi	48.7736	28.9092
22874	Грабовець	Vinnytska	Nemyrivskyi	48.8649	28.897
22875	Гранітне	Vinnytska	Nemyrivskyi	48.8532	28.9968
22876	Коржівка	Vinnytska	Nemyrivskyi	48.8736	28.982
22877	Нова Миколаївка	Vinnytska	Nemyrivskyi	48.9315	28.6521
22878	Сорокодуби	Vinnytska	Nemyrivskyi	48.8649	28.897
22879	Озеро	Vinnytska	Nemyrivskyi	48.935	28.901
22880	Райгород	Vinnytska	Nemyrivskyi	49.0961	31.9675
22881	Нижча Кропивна	Vinnytska	Nemyrivskyi	48.8393	31.1881
22882	Зяньківці	Vinnytska	Nemyrivskyi	48.8393	31.1881
22883	Скрицьке	Vinnytska	Nemyrivskyi	48.8393	31.1881
22884	Анциполівка	Vinnytska	Nemyrivskyi	48.8393	31.1881
22885	Глинське	Vinnytska	Nemyrivskyi	48.8393	31.1881
22886	Мар'янівка (Семенська сільська рада)	Vinnytska	Nemyrivskyi	48.8393	31.1881
22887	Новоселівка	Vinnytska	Nemyrivskyi	48.5748	35.2419
22888	Яструбиха	Vinnytska	Nemyrivskyi	48.8059	28.8685
22889	Олексіївка	Vinnytska	Nemyrivskyi	48.8805	28.6745
22890	Самчинці	Vinnytska	Nemyrivskyi	48.7055	28.6982
22891	Головеньки	Vinnytska	Nemyrivskyi	48.7055	28.6982
22892	Семенки	Vinnytska	Nemyrivskyi	49.0013	27.6461
22893	Селевинці	Vinnytska	Nemyrivskyi	48.9684	28.8848
22894	Гвоздів	Vinnytska	Nemyrivskyi	48.8991	28.6429
22895	Слобідка	Vinnytska	Nemyrivskyi	47.8869	29.3461
22896	Лука	Vinnytska	Nemyrivskyi	48.7055	28.6982
22897	Салинці	Vinnytska	Nemyrivskyi	48.7055	28.6982
22898	Шура	Vinnytska	Nemyrivskyi	48.772	28.9712
23000	Бар	Vinnytska	Barskyi	49.0772	27.6826
23001	Бар	Vinnytska	Barskyi	49.0772	27.6826
23005	Мельники	Vinnytska	Barskyi	49.0717	27.6812
23006	Балки	Vinnytska	Barskyi	49.0607	27.6784
23007	Бар (Войнашівська сільська рада)	Vinnytska	Barskyi	49.0717	27.6812
23008	Окладне	Vinnytska	Barskyi	49.0717	27.6812
23009	Чемериси-Барські	Vinnytska	Barskyi	49.0717	27.6812
23010	Комарівці	Vinnytska	Barskyi	49.8755	27.1924
23011	Гармаки	Vinnytska	Barskyi	49.111	27.5423
23012	Гайове	Vinnytska	Barskyi	51.0798	31.1082
23013	Іванівці	Vinnytska	Barskyi	49.3885	24.1022
23014	Антонівка	Vinnytska	Barskyi	49.0858	27.7842
23015	Лука-Барська	Vinnytska	Barskyi	49.8755	27.1924
23016	Васютинці	Vinnytska	Barskyi	49.4504	32.4642
23017	Глинянка	Vinnytska	Barskyi	51.1351	24.1977
23018	Горяни	Vinnytska	Barskyi	48.5982	22.3613
23019	Діброва	Vinnytska	Barskyi	51.1556	27.979
23020	Ходаки	Vinnytska	Barskyi	49.0308	27.4587
23021	Ялтушків	Vinnytska	Barskyi	48.696	28.1553
23022	Слобода-Ялтушківська	Vinnytska	Barskyi	48.696	28.1553
23023	Мигалівці	Vinnytska	Barskyi	48.696	28.1553
23024	Біличин	Vinnytska	Barskyi	48.9579	27.4876
23025	Журавлівка	Vinnytska	Barskyi	48.6409	28.7255
23026	Чемериське	Vinnytska	Barskyi	48.696	28.1553
23027	Терешки	Vinnytska	Barskyi	49.0176	27.6153
23028	Борщі	Vinnytska	Barskyi	47.8329	29.4893
23029	Котова	Vinnytska	Barskyi	48.696	28.1553
23030	Маньківці	Vinnytska	Barskyi	50.134	29.9256
23031	Войнашівка	Vinnytska	Barskyi	50.134	29.9256
23032	Міжлісся	Vinnytska	Barskyi	50.8404	24.5301
23033	Заможне	Vinnytska	Barskyi	50.2564	28.2873
23034	Мальчівці	Vinnytska	Barskyi	50.134	29.9256
23035	Степанки	Vinnytska	Barskyi	49.4864	29.0799
23036	Митки	Vinnytska	Barskyi	50.134	29.9256
23037	Киянівка	Vinnytska	Barskyi	50.134	29.9256
23038	Гавришівка	Vinnytska	Barskyi	49.0885	35.1134
23039	Мартинівка	Vinnytska	Barskyi	50.9985	32.6174
23040	Кузьминці	Vinnytska	Barskyi	48.8127	27.9093
23041	Голубівка	Vinnytska	Barskyi	49.017	27.9558
23042	Гулі	Vinnytska	Barskyi	48.92	27.4264
23043	Підлісний Ялтушків	Vinnytska	Barskyi	48.8127	27.9093
23044	Верхівка	Vinnytska	Barskyi	48.8127	27.9093
23045	Супівка	Vinnytska	Barskyi	48.8127	27.9093
23046	Мурашка	Vinnytska	Barskyi	48.8127	27.9093
23047	Павлівка	Vinnytska	Barskyi	48.8127	27.9093
23048	Переліски	Vinnytska	Barskyi	48.8127	27.9093
23049	Пилипи	Vinnytska	Barskyi	48.501	28.3458
23050	Матейків	Vinnytska	Barskyi	49.1963	28.5818
23051	Попівці	Vinnytska	Barskyi	49.5333	29.3667
23052	Кошаринці	Vinnytska	Barskyi	49.1963	28.5818
23053	Копайгород	Vinnytska	Barskyi	48.8592	27.7969
23054	Копай	Vinnytska	Barskyi	49.1963	28.5818
23055	Шевченкове	Vinnytska	Barskyi	49.1963	28.5818
23056	Шипинки	Vinnytska	Barskyi	49.1963	28.5818
23057	Зелене	Vinnytska	Barskyi	49.1963	28.5818
23058	Примощаниця	Vinnytska	Barskyi	49.1963	28.5818
23059	Регентівка	Vinnytska	Barskyi	49.1963	28.5818
23060	Мар'янівка	Vinnytska	Barskyi	50.1537	28.1253
23061	Лісове	Vinnytska	Barskyi	51.6667	26.4
23062	Каришків	Vinnytska	Barskyi	50.1537	28.1253
23063	Червоне	Vinnytska	Barskyi	49.9497	28.8687
23064	Семенки	Vinnytska	Barskyi	48.8446	29.1071
23065	Сеферівка	Vinnytska	Barskyi	50.1537	28.1253
23066	Слобода	Vinnytska	Barskyi	50.1537	28.1253
23067	Слобода-Ходацька	Vinnytska	Barskyi	50.1537	28.1253
23068	Слобода-Гулівська	Vinnytska	Barskyi	50.1537	28.1253
23069	Стасюки	Vinnytska	Barskyi	50.1537	28.1253
23070	Трудолюбівка	Vinnytska	Barskyi	48.1047	35.6942
23071	Українське	Vinnytska	Barskyi	48.5756	31.7576
23072	Ульянівка	Vinnytska	Barskyi	48.2375	35.9758
23073	Шевченка	Vinnytska	Barskyi	48.5756	31.7576
23074	Черешневе	Vinnytska	Barskyi	48.5756	31.7576
23075	Шершні	Vinnytska	Barskyi	48.5756	31.7576
23076	Широке	Vinnytska	Barskyi	48.5756	31.7576
23077	Шпирки	Vinnytska	Barskyi	49.1105	27.6726
23078	Барок	Vinnytska	Barskyi	48.8495	27.6878
23079	Губачівка	Vinnytska	Barskyi	48.5756	31.7576
23080	Йосипівці	Vinnytska	Barskyi	48.398	30.5479
23081	Колосівка	Vinnytska	Barskyi	51.2881	28.8604
23083	Каноницьке	Vinnytska	Barskyi	48.398	30.5479
23084	Мирне	Vinnytska	Barskyi	49.46	28.7327
23085	Пляцина	Vinnytska	Barskyi	48.398	30.5479
23086	Зоряне	Vinnytska	Barskyi	45.5944	33.0676
23087	Квітка	Vinnytska	Barskyi	47.2497	31.5308
23088	Козарівка	Vinnytska	Barskyi	48.398	30.5479
23089	Лугове	Vinnytska	Barskyi	48.398	30.5479
23090	Володіївці	Vinnytska	Barskyi	48.574	28.2162
23091	Адамівка	Vinnytska	Barskyi	49.4344	29.3196
23092	Бригидівка	Vinnytska	Barskyi	49.8036	30.0021
23093	Буцні	Vinnytska	Barskyi	49.8036	30.0021
23094	Івановецьке	Vinnytska	Barskyi	49.8036	30.0021
23095	Затоки	Vinnytska	Barskyi	49.8036	30.0021
23096	Лядова	Vinnytska	Barskyi	49.8036	30.0021
23097	Верешки	Vinnytska	Barskyi	49.8036	30.0021
23098	Польове	Vinnytska	Barskyi	51.4023	32.4704
23100	Жмеринка	Vinnytska	Zhmerynka	49.0371	28.112
23102	Жмеринка	Vinnytska	Zhmerynka	49.0371	28.112
23104	Жмеринка	Vinnytska	Zhmerynka	49.0371	28.112
23108	Леляки	Vinnytska	Zhmerynskyi	49.031	28.1094
23109	Мала Жмеринка	Vinnytska	Zhmerynskyi	49.0127	28.1015
23110	Дубова	Vinnytska	Zhmerynskyi	49.9584	28.6511
23111	Зоринці	Vinnytska	Zhmerynskyi	49.3219	28.0853
23112	Почапинці	Vinnytska	Zhmerynskyi	49.3219	28.0853
23113	Матейкове	Vinnytska	Zhmerynskyi	49.3219	28.0853
23114	Курилівці	Vinnytska	Zhmerynskyi	48.7235	27.5189
23115	Василівка	Vinnytska	Zhmerynskyi	48.9878	28.4445
23116	Лисогірка	Vinnytska	Zhmerynskyi	49.7667	27.9
23117	Повал	Vinnytska	Zhmerynskyi	49.3219	28.0853
23118	Петрані	Vinnytska	Zhmerynskyi	49.1729	27.9118
23119	Мельники	Vinnytska	Zhmerynskyi	49.3219	28.0853
23120	Кармалюкове	Vinnytska	Zhmerynskyi	48.8899	28.3011
23121	Стодульці	Vinnytska	Zhmerynskyi	48.8899	28.3011
23122	Сербинівці	Vinnytska	Zhmerynskyi	48.8899	28.3011
23123	Слобода-Межирівська	Vinnytska	Zhmerynskyi	48.8899	28.3011
23124	Чернятин	Vinnytska	Zhmerynskyi	49.5	28.7333
23125	Токарівка	Vinnytska	Zhmerynskyi	49.0677	27.871
23126	Северинівка	Vinnytska	Zhmerynskyi	48.2314	28.4255
23127	Олександрівка	Vinnytska	Zhmerynskyi	48.6331	28.5198
23128	Кудіївці	Vinnytska	Zhmerynskyi	48.8899	28.3011
23129	Голубівка	Vinnytska	Zhmerynskyi	49.017	27.9558
23130	Браїлів	Vinnytska	Zhmerynskyi	49.1099	28.1746
23131	Сьомаки	Vinnytska	Zhmerynskyi	49.5155	27.5905
23132	Людавка	Vinnytska	Zhmerynskyi	49.5155	27.5905
23133	Біликівці	Vinnytska	Zhmerynskyi	49.5155	27.5905
23134	Мартинівка	Vinnytska	Zhmerynskyi	49.5155	27.5905
23135	Рів	Vinnytska	Zhmerynskyi	50.6231	26.2274
23136	Межирів	Vinnytska	Zhmerynskyi	49.5155	27.5905
23137	Лопатинці	Vinnytska	Zhmerynskyi	48.8135	28.3695
23138	Слобода-Чернятинська	Vinnytska	Zhmerynskyi	49.5155	27.5905
23139	Хатки	Vinnytska	Zhmerynskyi	49.5155	27.5905
23140	Демидівка	Vinnytska	Zhmerynskyi	49.076	28.4655
23141	Могилівка	Vinnytska	Zhmerynskyi	49.076	28.4655
23142	Потоки	Vinnytska	Zhmerynskyi	49.0629	29.0036
23143	Жуківці	Vinnytska	Zhmerynskyi	49.076	28.4655
23144	Щучинці	Vinnytska	Zhmerynskyi	48.9627	28.2467
23145	Петрівка	Vinnytska	Zhmerynskyi	49.419	28.842
23146	Рижавка	Vinnytska	Zhmerynskyi	49.031	28.2972
23147	Сідава	Vinnytska	Zhmerynskyi	49.0374	28.1663
23148	Малі Коростівці	Vinnytska	Zhmerynskyi	49.076	28.4655
23149	Ярошенка	Vinnytska	Zhmerynskyi	48.9429	28.2374
23150	Коростівці	Vinnytska	Zhmerynskyi	49.0736	28.7957
23151	Носківці	Vinnytska	Zhmerynskyi	49.0736	28.7957
23152	Телелинці	Vinnytska	Zhmerynskyi	48.9168	27.995
23153	Кацмазів	Vinnytska	Zhmerynskyi	49.0736	28.7957
23154	Мовчани	Vinnytska	Zhmerynskyi	48.8767	28.0223
23155	Лука-Мовчанська	Vinnytska	Zhmerynskyi	48.861	27.9692
23156	Подільське	Vinnytska	Zhmerynskyi	49.7445	31.9706
23157	Гута-Мовчанська	Vinnytska	Zhmerynskyi	49.0736	28.7957
23158	Демків	Vinnytska	Zhmerynskyi	48.9689	28.0213
23159	Варжинка	Vinnytska	Zhmerynskyi	49.0736	28.7957
23160	Станіславчик	Vinnytska	Zhmerynskyi	48.9712	28.11
23161	Тарасівка	Vinnytska	Zhmerynskyi	48.9067	28.1661
23162	Будьки	Vinnytska	Zhmerynskyi	48.96	28.2016
23163	Кам'яногірка	Vinnytska	Zhmerynskyi	48.9452	28.124
23164	Вознівці	Vinnytska	Zhmerynskyi	48.8996	28.214
23165	Рожепи	Vinnytska	Zhmerynskyi	48.9452	28.124
23166	Олексіївка	Vinnytska	Zhmerynskyi	48.9579	28.0637
23167	Травневе	Vinnytska	Zhmerynskyi	48.9437	28.114
23168	Настасіївка	Vinnytska	Zhmerynskyi	48.9452	28.124
23169	Слобода-Носковецька	Vinnytska	Zhmerynskyi	48.9772	27.9989
23170	Тартак	Vinnytska	Zhmerynskyi	48.2099	29.3902
23171	Новоселиця	Vinnytska	Zhmerynskyi	48.2193	26.2653
23172	Майдан-Головчинський	Vinnytska	Zhmerynskyi	49.4106	30.8559
23173	Володимирівка	Vinnytska	Zhmerynskyi	49.7301	27.8437
23174	Браїлів (Браїлівська селищна рада)	Vinnytska	Zhmerynskyi	49.4106	30.8559
23175	Слобода	Vinnytska	Zhmerynskyi	51.1981	33.607
23176	Шевченкове	Vinnytska	Zhmerynskyi	49.6959	37.1735
23202	Гавришівка	Vinnytska	Vinnytskyi	49.7634	29.3798
23203	Гуменне	Vinnytska	Vinnytskyi	49.7634	29.3798
23204	Михайлівка	Vinnytska	Vinnytskyi	48.8068	28.2954
23205	Писарівка	Vinnytska	Vinnytskyi	49.5276	28.4689
23206	Щітки	Vinnytska	Vinnytskyi	49.7634	29.3798
23207	Сокиринці	Vinnytska	Vinnytskyi	50.6996	32.7842
23208	Парпурівці	Vinnytska	Vinnytskyi	49.7634	29.3798
23209	Хижинці	Vinnytska	Vinnytskyi	50.0197	27.9705
23210	Стрижавка	Vinnytska	Vinnytskyi	49.3856	30.0025
23211	Стрижавка	Vinnytska	Vinnytskyi	49.3856	30.0025
23213	Мізяківські Хутори	Vinnytska	Vinnytskyi	49.1599	29.0437
23214	Переорки	Vinnytska	Vinnytskyi	49.3157	28.414
23215	Лаврівка	Vinnytska	Vinnytskyi	48.3774	28.223
23216	Медвідка	Vinnytska	Vinnytskyi	49.1599	29.0437
23217	Дорожнє	Vinnytska	Vinnytskyi	49.1599	29.0437
23218	Сосонка	Vinnytska	Vinnytskyi	49.3352	28.5766
23219	Вінницькі Хутори	Vinnytska	Vinnytskyi	49.1599	29.0437
23220	Ксаверівка	Vinnytska	Vinnytskyi	49.2655	28.2991
23221	Лисогора	Vinnytska	Vinnytskyi	49.2688	28.3331
23222	Якушинці	Vinnytska	Vinnytskyi	49.7396	27.6842
23223	Зарванці	Vinnytska	Vinnytskyi	49.7396	27.6842
23224	Майдан	Vinnytska	Vinnytskyi	48.9886	28.4119
23225	Некрасове	Vinnytska	Vinnytskyi	49.7396	27.6842
23226	Медвеже Вушко	Vinnytska	Vinnytskyi	49.7396	27.6842
23227	Агрономічне	Vinnytska	Vinnytskyi	49.7396	27.6842
23228	Березина	Vinnytska	Vinnytskyi	51.4353	25.6926
23229	Слобода Дашковецька	Vinnytska	Vinnytskyi	49.7396	27.6842
23230	Широка Гребля	Vinnytska	Vinnytskyi	49.5742	28.8301
23231	Ільківка	Vinnytska	Vinnytskyi	49.143	28.293
23232	Горбанівка	Vinnytska	Vinnytskyi	49.5822	28.4523
23233	Бохоники	Vinnytska	Vinnytskyi	49.5822	28.4523
23234	Лука-Мелешківська	Vinnytska	Vinnytskyi	49.5822	28.4523
23235	Прибузьке	Vinnytska	Vinnytskyi	49.5822	28.4523
23236	Тютьки	Vinnytska	Vinnytskyi	49.5822	28.4523
23237	Славне	Vinnytska	Vinnytskyi	49.5822	28.4523
23238	Тютюнники	Vinnytska	Vinnytskyi	50.0293	28.2337
23239	Рівець	Vinnytska	Vinnytskyi	49.5822	28.4523
23240	Десна	Vinnytska	Vinnytskyi	50.9273	30.7605
23241	Стадниця	Vinnytska	Vinnytskyi	49.9074	34.8913
23242	Малі Крушлинці	Vinnytska	Vinnytskyi	49.4074	30.1865
23243	Великі Крушлинці	Vinnytska	Vinnytskyi	49.4074	30.1865
23244	Оленівка	Vinnytska	Vinnytskyi	48.3825	27.9851
23245	Жабелівка	Vinnytska	Vinnytskyi	49.1868	28.7759
23246	Олександрівка	Vinnytska	Vinnytskyi	48.6331	28.5198
23247	Цвіжин	Vinnytska	Vinnytskyi	49.4074	30.1865
23250	Іванівка	Vinnytska	Vinnytskyi	48.8786	24.1168
23251	Комарів	Vinnytska	Vinnytskyi	49.1333	28.3833
23252	Вороновиця	Vinnytska	Vinnytskyi	49.1095	28.6808
23255	Степанівка	Vinnytska	Vinnytskyi	49.0577	27.4654
23256	Побережне	Vinnytska	Vinnytskyi	49.0577	27.4654
23257	Вороновиця	Vinnytska	Vinnytskyi	49.1095	28.6808
23258	Майдан-Чапельський	Vinnytska	Vinnytskyi	49.0577	27.4654
23259	Кордишівка	Vinnytska	Vinnytskyi	49.0577	27.4654
23262	Пултівці	Vinnytska	Vinnytskyi	49.4859	29.748
23263	Махнівка	Vinnytska	Vinnytskyi	49.7194	28.6666
23264	Лисянка	Vinnytska	Vinnytskyi	49.2523	30.8295
23300	Тиврів	Vinnytska	Tyvrivskyi	49.014	28.5085
23303	Василівка	Vinnytska	Tyvrivskyi	48.9878	28.4445
23304	Шершні	Vinnytska	Tyvrivskyi	49.0235	28.4295
23305	Дзвониха	Vinnytska	Tyvrivskyi	48.9858	28.5695
23306	Колюхів	Vinnytska	Tyvrivskyi	48.9902	28.635
23307	Зарванка	Vinnytska	Tyvrivskyi	48.991	28.4699
23308	Курники	Vinnytska	Tyvrivskyi	48.9916	28.4103
23309	Майдан	Vinnytska	Tyvrivskyi	48.9886	28.4119
23310	Гнівань	Vinnytska	Tyvrivskyi	49.089	28.3459
23315	Грижинці	Vinnytska	Tyvrivskyi	49.1142	28.591
23316	Селище	Vinnytska	Tyvrivskyi	49.8333	28.9167
23317	Яришівка	Vinnytska	Tyvrivskyi	48.5261	28.5105
23318	Лани	Vinnytska	Tyvrivskyi	49.1142	28.591
23319	Соколинці	Vinnytska	Tyvrivskyi	49.0082	28.5908
23320	Сутиски	Vinnytska	Tyvrivskyi	49.0424	28.4173
23323	Ворошилівка	Vinnytska	Tyvrivskyi	49.1707	28.442
23324	Маянів	Vinnytska	Tyvrivskyi	49.0117	28.325
23325	Черемошне	Vinnytska	Tyvrivskyi	48.9539	28.4193
23326	Іванківці	Vinnytska	Tyvrivskyi	48.9589	28.3882
23327	Гришівці	Vinnytska	Tyvrivskyi	48.9503	28.3442
23328	Кобелецьке	Vinnytska	Tyvrivskyi	48.9364	28.302
23329	Студениця	Vinnytska	Tyvrivskyi	50.3411	28.8983
23330	Пилява	Vinnytska	Tyvrivskyi	51.0335	30.311
23331	Довгополівка	Vinnytska	Tyvrivskyi	50.7609	33.3577
23332	Тростянець	Vinnytska	Tyvrivskyi	50.4848	34.9657
23333	Марківка	Vinnytska	Tyvrivskyi	48.461	28.7183
23334	Шендерів	Vinnytska	Tyvrivskyi	49.6587	30.4039
23335	Кальнишівка	Vinnytska	Tyvrivskyi	49.6587	30.4039
23336	Потуш	Vinnytska	Tyvrivskyi	49.0237	28.6481
23337	Урожайне	Vinnytska	Tyvrivskyi	49.6587	30.4039
23338	Федорівка	Vinnytska	Tyvrivskyi	48.8759	28.1722
23339	Канава	Vinnytska	Tyvrivskyi	48.971	28.654
23340	Строїнці	Vinnytska	Tyvrivskyi	48.9082	28.2994
23341	Нове Місто	Vinnytska	Tyvrivskyi	48.9016	28.403
23342	Красне	Vinnytska	Tyvrivskyi	48.9139	28.4048
23343	Краснянка	Vinnytska	Tyvrivskyi	48.8634	28.3383
23344	Уяринці	Vinnytska	Tyvrivskyi	48.8643	28.4828
23345	Бушинка	Vinnytska	Tyvrivskyi	48.8338	28.4593
23346	Сліди	Vinnytska	Tyvrivskyi	48.8154	28.5198
23347	Гута-Бушинська	Vinnytska	Tyvrivskyi	48.8359	28.413
23348	Дубина	Vinnytska	Tyvrivskyi	48.8489	28.3129
23349	Іскрівка	Vinnytska	Tyvrivskyi	48.8864	28.3383
23350	Жахнівка	Vinnytska	Tyvrivskyi	48.936	28.578
23351	Івонівці	Vinnytska	Tyvrivskyi	48.9068	28.5888
23352	Рахни-Польові	Vinnytska	Tyvrivskyi	48.9152	28.5113
23353	Мала Вулига	Vinnytska	Tyvrivskyi	48.8637	28.6289
23354	Онитківці	Vinnytska	Tyvrivskyi	48.9424	28.5362
23355	Велика Вулига	Vinnytska	Tyvrivskyi	48.8593	28.5844
23356	Пирогів	Vinnytska	Tyvrivskyi	48.9065	28.4819
23357	Підлісівка	Vinnytska	Tyvrivskyi	48.843	28.6485
23358	Польова Слобідка	Vinnytska	Tyvrivskyi	48.8334	28.628
23359	Кліщів	Vinnytska	Tyvrivskyi	48.8896	28.5762
23360	Рогізна	Vinnytska	Tyvrivskyi	48.8842	28.6329
23361	Гута-Шершнівська	Vinnytska	Tyvrivskyi	48.8603	28.4824
23363	Борсків	Vinnytska	Tyvrivskyi	48.8603	28.4824
23364	Круги	Vinnytska	Tyvrivskyi	48.8365	28.3319
23400	Муровані Курилівці	Vinnytska	Murovanokurylovetskyi	49.6667	28.1667
23406	Роздолівка	Vinnytska	Murovanokurylovetskyi	49.6667	28.1667
23407	Дружба	Vinnytska	Murovanokurylovetskyi	49.6667	28.1667
23408	Воронівці	Vinnytska	Murovanokurylovetskyi	49.6667	28.1667
23409	Бахтинок	Vinnytska	Murovanokurylovetskyi	49.6667	28.1667
23410	Конищів	Vinnytska	Murovanokurylovetskyi	49.1248	27.6608
23411	Михайлівці	Vinnytska	Murovanokurylovetskyi	49.6478	27.0917
23412	Бахтин	Vinnytska	Murovanokurylovetskyi	48.8127	27.4859
23413	Петримани	Vinnytska	Murovanokurylovetskyi	49.1248	27.6608
23414	Дерешова	Vinnytska	Murovanokurylovetskyi	49.1248	27.6608
23415	Долиняни	Vinnytska	Murovanokurylovetskyi	49.1248	27.6608
23416	Кривохижинці	Vinnytska	Murovanokurylovetskyi	49.1248	27.6608
23417	Снітків	Vinnytska	Murovanokurylovetskyi	49.1248	27.6608
23418	Золотогірка	Vinnytska	Murovanokurylovetskyi	49.1248	27.6608
23419	Красне	Vinnytska	Murovanokurylovetskyi	48.9139	28.4048
23420	Вербовець	Vinnytska	Murovanokurylovetskyi	49.6538	27.1839
23421	Виноградне	Vinnytska	Murovanokurylovetskyi	49.6538	27.1839
23422	Наддністрянське	Vinnytska	Murovanokurylovetskyi	49.6538	27.1839
23423	Галайківці	Vinnytska	Murovanokurylovetskyi	49.6538	27.1839
23424	Жван	Vinnytska	Murovanokurylovetskyi	48.6082	27.4805
23425	Рівне	Vinnytska	Murovanokurylovetskyi	50.6231	26.2274
23426	Нишівці	Vinnytska	Murovanokurylovetskyi	49.6538	27.1839
23427	Володимирівка	Vinnytska	Murovanokurylovetskyi	49.7301	27.8437
23428	Дігтярка	Vinnytska	Murovanokurylovetskyi	49.6538	27.1839
23429	Балківка	Vinnytska	Murovanokurylovetskyi	49.6538	27.1839
23430	Курашівці	Vinnytska	Murovanokurylovetskyi	49.4469	27.3429
23431	Посухів	Vinnytska	Murovanokurylovetskyi	49.4469	27.3429
23432	Вищеольчедаїв	Vinnytska	Murovanokurylovetskyi	49.4469	27.3429
23433	Морозівка	Vinnytska	Murovanokurylovetskyi	49.7152	28.1037
23434	Попелюхи	Vinnytska	Murovanokurylovetskyi	49.4469	27.3429
23435	Перекоринці	Vinnytska	Murovanokurylovetskyi	49.4469	27.3429
23436	Горай	Vinnytska	Murovanokurylovetskyi	49.4469	27.3429
23437	Глибока Долина	Vinnytska	Murovanokurylovetskyi	50.3699	25.2944
23438	Вільшанка	Vinnytska	Murovanokurylovetskyi	48.2557	28.6305
23439	Блакитне	Vinnytska	Murovanokurylovetskyi	49.4469	27.3429
23440	Котюжани	Vinnytska	Murovanokurylovetskyi	49.4878	27.9675
23441	Обухів	Vinnytska	Murovanokurylovetskyi	49.4878	27.9675
23442	Котюжани (Обухівська сільска рада)	Vinnytska	Murovanokurylovetskyi	49.4878	27.9675
23443	Привітне	Vinnytska	Murovanokurylovetskyi	50.64	24.7464
23444	Степанки	Vinnytska	Murovanokurylovetskyi	49.4864	29.0799
23445	Біляни	Vinnytska	Murovanokurylovetskyi	48.6227	28.015
23446	Житники	Vinnytska	Murovanokurylovetskyi	49.202	30.0287
23447	Новосілка	Vinnytska	Murovanokurylovetskyi	49.4878	27.9675
23448	Яр	Vinnytska	Murovanokurylovetskyi	49.4878	27.9675
23449	Ягідне	Vinnytska	Murovanokurylovetskyi	49.4878	27.9675
23450	Немерче	Vinnytska	Murovanokurylovetskyi	49.4111	27.4884
23451	Немерче	Vinnytska	Murovanokurylovetskyi	49.4111	27.4884
23452	Лучинчик	Vinnytska	Murovanokurylovetskyi	49.4111	27.4884
23453	Лучинець	Vinnytska	Murovanokurylovetskyi	49.4111	27.4884
23454	Плоске	Vinnytska	Murovanokurylovetskyi	49.4111	27.4884
23455	Вінож	Vinnytska	Murovanokurylovetskyi	49.4111	27.4884
23456	Знаменівка	Vinnytska	Murovanokurylovetskyi	49.4111	27.4884
23458	Кукавка	Vinnytska	Murovanokurylovetskyi	49.4111	27.4884
23459	Кам'янецькі Хутори	Vinnytska	Murovanokurylovetskyi	49.4111	27.4884
23460	Малий Обухів	Vinnytska	Murovanokurylovetskyi	48.8719	25.7266
23462	Берлядка	Vinnytska	Murovanokurylovetskyi	48.8719	25.7266
23463	Рясне	Vinnytska	Murovanokurylovetskyi	48.8719	25.7266
23464	Кукурівка	Vinnytska	Murovanokurylovetskyi	48.8719	25.7266
23465	Свидова	Vinnytska	Murovanokurylovetskyi	48.8719	25.7266
23466	Струсове	Vinnytska	Murovanokurylovetskyi	48.8719	25.7266
23500	Шаргород	Vinnytska	Sharhorodskyi	48.7383	28.085
23505	Слобода-Шаргородська	Vinnytska	Sharhorodskyi	48.7341	28.0702
23506	Будне	Vinnytska	Sharhorodskyi	48.7183	28.014
23507	Гибалівка	Vinnytska	Sharhorodskyi	48.734	28.0948
23508	Дерев'янки	Vinnytska	Sharhorodskyi	48.7219	28.0997
23509	Борівське	Vinnytska	Sharhorodskyi	48.7226	28.1345
23510	Плебанівка	Vinnytska	Sharhorodskyi	48.7967	28.0091
23511	Перепільчинці	Vinnytska	Sharhorodskyi	48.7947	28.0689
23512	Калинівка	Vinnytska	Sharhorodskyi	48.7502	28.0277
23513	Носиківка	Vinnytska	Sharhorodskyi	48.8105	28.0542
23514	Козлівка	Vinnytska	Sharhorodskyi	48.7786	28.1324
23515	Руданське	Vinnytska	Sharhorodskyi	48.7947	28.0689
23516	Івашківці	Vinnytska	Sharhorodskyi	48.7947	28.0689
23517	Конатківці	Vinnytska	Sharhorodskyi	48.7947	28.0689
23518	Андріївка	Vinnytska	Sharhorodskyi	48.8446	28.0469
23519	Мальовниче	Vinnytska	Sharhorodskyi	48.7875	28.1432
23520	Пасинки	Vinnytska	Sharhorodskyi	48.8768	28.0848
23521	Пеньківка	Vinnytska	Sharhorodskyi	48.8967	28.2648
23522	Федорівка	Vinnytska	Sharhorodskyi	48.8759	28.1722
23523	Михайлівка	Vinnytska	Sharhorodskyi	48.8068	28.2954
23524	Юхимівка	Vinnytska	Sharhorodskyi	48.8415	28.2578
23525	Клекотина	Vinnytska	Sharhorodskyi	48.7906	28.2203
23526	Копистирин	Vinnytska	Sharhorodskyi	48.8517	28.1381
23527	Бабина Долина	Vinnytska	Sharhorodskyi	48.9096	28.2429
23528	Мишівське	Vinnytska	Sharhorodskyi	48.6911	28.1135
23529	Оліхи	Vinnytska	Sharhorodskyi	48.8379	28.1989
23530	Мурафа	Vinnytska	Sharhorodskyi	48.7676	28.2157
23531	Довжок	Vinnytska	Sharhorodskyi	48.7377	28.233
23532	Деребчин	Vinnytska	Sharhorodskyi	48.7556	28.3356
23533	Аристівка	Vinnytska	Sharhorodskyi	48.7809	28.3089
23534	Стрільники	Vinnytska	Sharhorodskyi	48.679	28.369
23535	Володимирка	Vinnytska	Sharhorodskyi	48.7479	28.367
23536	Рахни-Лісові	Vinnytska	Sharhorodskyi	48.7826	28.4793
23537	Мала Деребчинка	Vinnytska	Sharhorodskyi	48.7315	28.3033
23538	Поляна	Vinnytska	Sharhorodskyi	48.1045	28.9044
23539	Роля	Vinnytska	Sharhorodskyi	48.7028	28.1734
23540	Лозова	Vinnytska	Sharhorodskyi	48.6769	28.013
23541	Теклівка	Vinnytska	Sharhorodskyi	48.6755	28.0628
23542	Політанки	Vinnytska	Sharhorodskyi	48.6402	28.1308
23543	Писарівка	Vinnytska	Sharhorodskyi	48.6734	28.1281
23544	Хоменки	Vinnytska	Sharhorodskyi	48.6932	28.2328
23545	Джурин	Vinnytska	Sharhorodskyi	48.6797	28.2863
23546	Лісничівка	Vinnytska	Sharhorodskyi	48.6136	28.1801
23547	Дубинки	Vinnytska	Sharhorodskyi	48.6792	28.1716
23548	Сурогатка	Vinnytska	Sharhorodskyi	48.7071	28.1402
23549	Нові Хоменки	Vinnytska	Sharhorodskyi	48.671	28.1495
23550	Юліямпіль	Vinnytska	Sharhorodskyi	48.7227	28.4822
23551	Зведенівка	Vinnytska	Sharhorodskyi	48.711	28.4118
23552	Голинчинці	Vinnytska	Sharhorodskyi	48.6709	28.3913
23553	Калитинка	Vinnytska	Sharhorodskyi	48.6275	28.2544
23554	Покутине	Vinnytska	Sharhorodskyi	48.6351	28.2702
23555	Садківці	Vinnytska	Sharhorodskyi	48.6296	28.2326
23556	Сапіжанка	Vinnytska	Sharhorodskyi	48.6418	28.3025
23557	Синьожупанники	Vinnytska	Sharhorodskyi	48.6705	28.3163
23558	Кропивня	Vinnytska	Sharhorodskyi	48.6956	28.1431
23559	Вербівка	Vinnytska	Sharhorodskyi	48.7007	28.358
23560	Юліямпільське	Vinnytska	Sharhorodskyi	48.7515	28.2826
23561	Семенівка	Vinnytska	Sharhorodskyi	48.7924	28.3424
23562	Ярове	Vinnytska	Sharhorodskyi	48.6881	28.5066
23563	Лопатинці	Vinnytska	Sharhorodskyi	48.8135	28.3695
23564	Грелівка	Vinnytska	Sharhorodskyi	48.7353	28.0226
23566	Лукашівка	Vinnytska	Sharhorodskyi	48.7282	28.1721
23600	Тульчин	Vinnytska	Tulchynskyi	48.6745	28.8464
23607	Кинашів	Vinnytska	Tulchynskyi	48.6718	28.8994
23608	Мазурівка	Vinnytska	Tulchynskyi	48.6548	28.8106
23609	Нестерварка	Vinnytska	Tulchynskyi	48.6897	28.8611
23610	Печера	Vinnytska	Tulchynskyi	48.8546	28.7191
23611	Петрашівка	Vinnytska	Tulchynskyi	48.8024	28.6724
23612	Бортники	Vinnytska	Tulchynskyi	48.7934	28.7906
23613	Торків	Vinnytska	Tulchynskyi	48.7645	28.6917
23614	Шпиків	Vinnytska	Tulchynskyi	48.7887	28.5657
23615	Левківці	Vinnytska	Tulchynskyi	48.7453	28.5382
23616	Бурдії	Vinnytska	Tulchynskyi	48.7199	28.5287
23617	Винокурня	Vinnytska	Tulchynskyi	48.7703	28.5489
23618	Кленове	Vinnytska	Tulchynskyi	48.7809	28.5237
23619	Соснівка	Vinnytska	Tulchynskyi	48.8133	28.6033
23620	Юрківка	Vinnytska	Tulchynskyi	48.691	28.5803
23621	Сільниця	Vinnytska	Tulchynskyi	48.6935	28.6738
23622	Шура-Копіівська	Vinnytska	Tulchynskyi	48.6849	28.6624
23623	Копіївка	Vinnytska	Tulchynskyi	48.7081	28.7174
23624	Зарічне	Vinnytska	Tulchynskyi	48.699	28.7868
23625	Гуральня	Vinnytska	Tulchynskyi	48.6853	28.7361
23626	Калинівка	Vinnytska	Tulchynskyi	48.6404	28.67
23627	Станіславка	Vinnytska	Tulchynskyi	48.6673	28.6164
23628	Шпиківка	Vinnytska	Tulchynskyi	48.7724	28.6212
23629	Щурі	Vinnytska	Tulchynskyi	48.6935	28.6738
23630	Тарасівка	Vinnytska	Tulchynskyi	48.7357	28.8446
23631	Крищинці	Vinnytska	Tulchynskyi	48.7305	28.9073
23632	Холодівка	Vinnytska	Tulchynskyi	48.7136	28.9725
23633	Михайлівка	Vinnytska	Tulchynskyi	48.8068	28.2954
23634	Маньківка	Vinnytska	Tulchynskyi	48.0852	30.9998
23635	Маркове	Vinnytska	Tulchynskyi	45.287	35.003
23636	Федьківка	Vinnytska	Tulchynskyi	48.0852	30.9998
23637	Ульянівка	Vinnytska	Tulchynskyi	48.2375	35.9758
23641	Журавлівка	Vinnytska	Tulchynskyi	48.6409	28.7255
23642	Маяки	Vinnytska	Tulchynskyi	48.6043	28.7253
23643	Суворовське	Vinnytska	Tulchynskyi	48.6247	28.8074
23644	Тиманівка	Vinnytska	Tulchynskyi	48.5762	28.8399
23646	Пестеля	Vinnytska	Tulchynskyi	48.6316	28.8852
23647	Даньківка	Vinnytska	Tulchynskyi	49.106	29.315
23648	Хмельницьке	Vinnytska	Tulchynskyi	48.6905	28.8701
23649	Марусине	Vinnytska	Tulchynskyi	48.6497	28.7928
23650	Дранка	Vinnytska	Tulchynskyi	48.5807	28.8651
23651	Одаї	Vinnytska	Tulchynskyi	48.5859	28.9069
23652	Кирнасівка	Vinnytska	Tulchynskyi	48.596	28.9759
23655	Ганнопіль	Vinnytska	Tulchynskyi	48.6047	28.8808
23656	Капки	Vinnytska	Tulchynskyi	48.6565	28.7753
23660	Клебань	Vinnytska	Tulchynskyi	48.6595	29.0263
23661	Гути	Vinnytska	Tulchynskyi	49.0577	29.7388
23662	Богданівка	Vinnytska	Tulchynskyi	48.6422	29.1078
23663	Білоусівка	Vinnytska	Tulchynskyi	49.9413	32.3766
23664	Заозерне	Vinnytska	Tulchynskyi	49.0577	29.7388
23665	Василівка	Vinnytska	Tulchynskyi	48.9878	28.4445
23700	Гайсин	Vinnytska	Haisynskyi	48.8114	29.3898
23706	Павлівка	Vinnytska	Haisynskyi	49.1273	29.16
23707	Рахни (семиріцька сільська рада)	Vinnytska	Haisynskyi	48.9693	29.2749
23708	Розівка	Vinnytska	Haisynskyi	48.9693	29.2749
23709	Карбівське	Vinnytska	Haisynskyi	48.9693	29.2749
23710	Носівці	Vinnytska	Haisynskyi	48.7795	29.1549
23711	Косанове	Vinnytska	Haisynskyi	48.7795	29.1549
23712	Кузьминці	Vinnytska	Haisynskyi	48.7795	29.1549
23713	Кунка	Vinnytska	Haisynskyi	48.8195	29.2706
23714	Куна	Vinnytska	Haisynskyi	48.7832	29.3495
23715	Крутогорб	Vinnytska	Haisynskyi	48.7795	29.1549
23716	Мар'янівка	Vinnytska	Haisynskyi	48.7795	29.1549
23717	Тишківська Слобода	Vinnytska	Haisynskyi	48.7795	29.1549
23718	Сокільці	Vinnytska	Haisynskyi	48.7795	29.1549
23719	Тарасівка	Vinnytska	Haisynskyi	48.7357	28.8446
23720	Мітлинці	Vinnytska	Haisynskyi	48.9708	29.3651
23721	Шура-Мітлинецька	Vinnytska	Haisynskyi	48.9708	29.3651
23722	Бондурі	Vinnytska	Haisynskyi	48.9007	29.4215
23723	Семирічка	Vinnytska	Haisynskyi	48.9056	29.4722
23724	Гунча	Vinnytska	Haisynskyi	48.8741	29.4554
23725	Карбівка	Vinnytska	Haisynskyi	48.9708	29.3651
23726	Кисляк	Vinnytska	Haisynskyi	48.9708	29.3651
23727	Трубочка	Vinnytska	Haisynskyi	48.9708	29.3651
23728	Хороша	Vinnytska	Haisynskyi	49.2027	29.1113
23729	Шура-Бондурівська	Vinnytska	Haisynskyi	48.9708	29.3651
23730	Нараївка	Vinnytska	Haisynskyi	50.8062	27.9048
23731	Гранів	Vinnytska	Haisynskyi	49.6105	28.1241
23732	Михайлівка	Vinnytska	Haisynskyi	48.8068	28.2954
23733	Краснопілка	Vinnytska	Haisynskyi	49.6105	28.1241
23734	Митків	Vinnytska	Haisynskyi	49.6105	28.1241
23735	Чечелівка	Vinnytska	Haisynskyi	48.7909	29.5025
23736	Рахнівка	Vinnytska	Haisynskyi	49.6105	28.1241
23737	Степове	Vinnytska	Haisynskyi	49.6105	28.1241
23738	Щурівці	Vinnytska	Haisynskyi	50.0379	26.7936
23739	Тимар	Vinnytska	Haisynskyi	49.6105	28.1241
23740	Ярмолинці	Vinnytska	Haisynskyi	49.1924	26.8373
23742	Харпачка	Vinnytska	Haisynskyi	48.741	29.2211
23743	Степашки	Vinnytska	Haisynskyi	48.7331	29.1367
23744	Бубнівка	Vinnytska	Haisynskyi	50.4298	26.4079
23745	Ладижинські Хутори	Vinnytska	Haisynskyi	49.1035	30.0665
23746	Губник	Vinnytska	Haisynskyi	48.6195	29.3228
23746	Губник (Губницької сільської ради)	Vinnytska	Haisynskyi	48.6195	29.3228
23747	Губник (Губницької сільської ради)	Vinnytska	Haisynskyi	49.1035	30.0665
23748	Дмитренки	Vinnytska	Haisynskyi	49.4342	34.2977
23749	Новоселівка	Vinnytska	Haisynskyi	48.5748	35.2419
23750	Жерденівка	Vinnytska	Haisynskyi	49.6021	28.6621
23751	Зятківці	Vinnytska	Haisynskyi	49.6021	28.6621
23752	Зятківці (Зятковецька сільська рада)	Vinnytska	Haisynskyi	49.6021	28.6621
23753	Кущинці	Vinnytska	Haisynskyi	49.6021	28.6621
23754	Гнатівка	Vinnytska	Haisynskyi	49.7698	28.0046
23755	Кіблич	Vinnytska	Haisynskyi	49.6021	28.6621
23756	Грузьке	Vinnytska	Haisynskyi	49.6021	28.6621
23757	Адамівка	Vinnytska	Haisynskyi	49.4344	29.3196
23757	Огіївка	Vinnytska	Haisynskyi	49.4344	29.3196
23758	Бережне	Vinnytska	Haisynskyi	49.6021	28.6621
23759	Тишківка	Vinnytska	Haisynskyi	49.6021	28.6621
23760	Бур'яни	Vinnytska	Haisynskyi	49.1977	24.8892
23761	Мелешків	Vinnytska	Haisynskyi	49.1977	24.8892
23762	Борсуки	Vinnytska	Haisynskyi	49.8856	25.9823
23763	Басаличівка	Vinnytska	Haisynskyi	49.1977	24.8892
23764	Заріччя	Vinnytska	Haisynskyi	49.5176	22.7894
23765	Кочурів	Vinnytska	Haisynskyi	48.1901	25.8959
23766	Лісна Поляна	Vinnytska	Haisynskyi	49.1977	24.8892
23767	Млинки	Vinnytska	Haisynskyi	49.1977	24.8892
23800	Теплик	Vinnytska	Teplytskyi	48.6657	29.745
23806	Залужжя	Vinnytska	Teplytskyi	48.6657	29.745
23807	Стражгород	Vinnytska	Teplytskyi	48.6657	29.745
23808	Розкошівка (Стражгородська сільська рада)	Vinnytska	Teplytskyi	48.6657	29.745
23809	Дубина (Кивачівська сільська рада)	Vinnytska	Teplytskyi	48.6657	29.745
23810	Кивачівка	Vinnytska	Teplytskyi	48.8711	29.3068
23811	Тополівка	Vinnytska	Teplytskyi	48.8711	29.3068
23812	Комарівка	Vinnytska	Teplytskyi	48.8711	29.3068
23813	Розкошівка (Комарівська сільська рада)	Vinnytska	Teplytskyi	48.8711	29.3068
23814	Степанівка	Vinnytska	Teplytskyi	48.8711	29.3068
23815	Марківка (Степанівська сільська рада)	Vinnytska	Teplytskyi	48.8711	29.3068
23816	Карабелівка (Степанівська сільська рада)	Vinnytska	Teplytskyi	48.8711	29.3068
23817	Іванів (Комарівська сільська рада)	Vinnytska	Teplytskyi	48.8711	29.3068
23818	Кублич (Степанівська сільська рада)	Vinnytska	Teplytskyi	48.8711	29.3068
23820	Соболівка	Vinnytska	Teplytskyi	49.336	28.651
23821	Антонівка (Соболівська сільська рада)	Vinnytska	Teplytskyi	50.0099	28.2744
23822	Шиманівка	Vinnytska	Teplytskyi	50.0099	28.2744
23823	Велика Мочулка	Vinnytska	Teplytskyi	50.0099	28.2744
23824	Брідок	Vinnytska	Teplytskyi	50.6838	27.8978
23825	Побірка	Vinnytska	Teplytskyi	50.0099	28.2744
23826	Панчишине (Велико Мочулківська сільська рада)	Vinnytska	Teplytskyi	50.0099	28.2744
23827	Шевченка (Велико Мочулківська сільська рада)	Vinnytska	Teplytskyi	50.0099	28.2744
23828	Важне (Степанівська сілбсбка рада)	Vinnytska	Teplytskyi	50.0099	28.2744
23829	Цвіліхівка (Кивачівська сільська рада)	Vinnytska	Teplytskyi	50.0099	28.2744
23830	Петрашівка	Vinnytska	Teplytskyi	48.3048	28.1627
23831	Метанівка	Vinnytska	Teplytskyi	48.3048	28.1627
23832	Завадівка	Vinnytska	Teplytskyi	48.3048	28.1627
23833	Орлівка	Vinnytska	Teplytskyi	48.3048	28.1627
23834	Мала Мочулка	Vinnytska	Teplytskyi	48.3048	28.1627
23835	Мишарівка (М. Мочулківська сільська рада)	Vinnytska	Teplytskyi	48.3048	28.1627
23836	Шевченківка (Комарівська сільська рада)	Vinnytska	Teplytskyi	48.3048	28.1627
23840	Бджільна	Vinnytska	Teplytskyi	48.546	28.9956
23841	Пологи	Vinnytska	Teplytskyi	48.579	29.7481
23842	Сокиряни	Vinnytska	Teplytskyi	48.4475	27.4168
23843	Саша	Vinnytska	Teplytskyi	48.6117	29.8218
23844	Костюківка	Vinnytska	Teplytskyi	48.546	28.9956
23846	Ленінка (Сокирянська сільська рада)	Vinnytska	Teplytskyi	48.546	28.9956
23847	Лозовата (Пологівська сільська рада)	Vinnytska	Teplytskyi	48.546	28.9956
23848	Червона Долина (Бджілянська сільська рада)	Vinnytska	Teplytskyi	48.546	28.9956
23850	Веселівка	Vinnytska	Teplytskyi	48.5643	32.4522
23851	Росоша	Vinnytska	Teplytskyi	48.647	29.8661
23852	Кам'янки (Росошівська сільська рада)	Vinnytska	Teplytskyi	48.6056	31.1591
23853	Удич	Vinnytska	Teplytskyi	48.6056	31.1591
23854	Погоріла (Погорільська сільська рада)	Vinnytska	Teplytskyi	48.6056	31.1591
23855	Кизими (Погорільська сільська рада)	Vinnytska	Teplytskyi	48.6056	31.1591
23856	Кожухівка (Росошівська сільська рада)	Vinnytska	Teplytskyi	48.6056	31.1591
23857	Червоний Кут (Удичська сільська рада)	Vinnytska	Teplytskyi	48.6056	31.1591
24000	Могилів-Подільський	Vinnytska	Mohyliv-Podilskyi	48.446	27.7982
24001	Могилів-Подільський	Vinnytska	Mohyliv-Podilskyi	48.446	27.7982
24004	Могилів-Подільський	Vinnytska	Mohyliv-Podilskyi	48.446	27.7982
24006	Немія	Vinnytska	Mohyliv-Podilskyi	48.8042	29.0229
24007	Сонячне	Vinnytska	Mohyliv-Podilskyi	48.4078	28.8328
24008	Підлісне	Vinnytska	Mohyliv-Podilskyi	48.7831	32.2539
24009	Яструбна	Vinnytska	Mohyliv-Podilskyi	50.2962	29.6561
24010	Жеребилівка	Vinnytska	Mohyliv-Podilskyi	50.6221	27.2896
24011	Кукавка	Vinnytska	Mohyliv-Podilskyi	48.6017	27.7081
24012	Нова григорівка	Vinnytska	Mohyliv-Podilskyi	48.9925	27.7806
24013	Нижчий Ольчедаїв	Vinnytska	Mohyliv-Podilskyi	48.9925	27.7806
24014	Серебринці	Vinnytska	Mohyliv-Podilskyi	48.9925	27.7806
24015	Грабарівка	Vinnytska	Mohyliv-Podilskyi	48.1705	28.6444
24016	Слобода-Яришівська	Vinnytska	Mohyliv-Podilskyi	48.9925	27.7806
24017	Ломазів	Vinnytska	Mohyliv-Podilskyi	48.9925	27.7806
24018	Іракліївка	Vinnytska	Mohyliv-Podilskyi	48.9925	27.7806
24019	Бернашівка	Vinnytska	Mohyliv-Podilskyi	48.5755	27.4805
24020	Хоньківці	Vinnytska	Mohyliv-Podilskyi	49.1348	27.9078
24021	Козлів	Vinnytska	Mohyliv-Podilskyi	48.4789	27.5181
24022	Липчани	Vinnytska	Mohyliv-Podilskyi	49.1348	27.9078
24023	Нагоряни	Vinnytska	Mohyliv-Podilskyi	51.3681	28.5367
24024	Яришів	Vinnytska	Mohyliv-Podilskyi	49.1348	27.9078
24025	Лядова	Vinnytska	Mohyliv-Podilskyi	49.1348	27.9078
24026	Серебрія	Vinnytska	Mohyliv-Podilskyi	48.4559	27.7192
24027	Кремінне	Vinnytska	Mohyliv-Podilskyi	48.4645	27.5989
24028	Одая	Vinnytska	Mohyliv-Podilskyi	49.1348	27.9078
24029	Тарасівка	Vinnytska	Mohyliv-Podilskyi	48.9067	28.1661
24030	Тропове	Vinnytska	Mohyliv-Podilskyi	48.57	28.0621
24031	Сугаки	Vinnytska	Mohyliv-Podilskyi	48.6376	27.8702
24032	Вендичани	Vinnytska	Mohyliv-Podilskyi	48.6118	27.7932
24033	Борщівці	Vinnytska	Mohyliv-Podilskyi	48.57	28.0621
24034	Кричанівка	Vinnytska	Mohyliv-Podilskyi	48.57	28.0621
24035	Сліди	Vinnytska	Mohyliv-Podilskyi	48.8154	28.5198
24036	Новомикільськ	Vinnytska	Mohyliv-Podilskyi	48.4113	28.0778
24037	Мервинці	Vinnytska	Mohyliv-Podilskyi	48.3741	28.0496
24040	Юрківці	Vinnytska	Mohyliv-Podilskyi	48.7326	28.3153
24041	Озаринці	Vinnytska	Mohyliv-Podilskyi	48.7326	28.3153
24042	Конева	Vinnytska	Mohyliv-Podilskyi	48.7326	28.3153
24043	Воєводчинці	Vinnytska	Mohyliv-Podilskyi	48.7326	28.3153
24044	Сказинці	Vinnytska	Mohyliv-Podilskyi	48.7326	28.3153
24045	Карпівка	Vinnytska	Mohyliv-Podilskyi	48.7326	28.3153
24046	Пилипи	Vinnytska	Mohyliv-Podilskyi	48.7326	28.3153
24048	Коштуля	Vinnytska	Mohyliv-Podilskyi	48.7326	28.3153
24049	Вільне	Vinnytska	Mohyliv-Podilskyi	48.7326	28.3153
24050	Грушка	Vinnytska	Mohyliv-Podilskyi	48.4457	27.991
24051	Слобода-Шлишковецька	Vinnytska	Mohyliv-Podilskyi	48.4103	27.9937
24052	Бронниця	Vinnytska	Mohyliv-Podilskyi	48.4103	27.9937
24053	Оленівка	Vinnytska	Mohyliv-Podilskyi	48.3825	27.9851
24054	Бандишівка	Vinnytska	Mohyliv-Podilskyi	48.4029	28.0049
24055	Криштофівка	Vinnytska	Mohyliv-Podilskyi	48.4103	27.9937
24057	Григорівка	Vinnytska	Mohyliv-Podilskyi	48.4103	27.9937
24060	Суботівка	Vinnytska	Mohyliv-Podilskyi	48.329	27.9927
24061	Садківці	Vinnytska	Mohyliv-Podilskyi	48.6296	28.2326
24062	Яруга	Vinnytska	Mohyliv-Podilskyi	48.3307	28.0468
24063	Івонівка	Vinnytska	Mohyliv-Podilskyi	48.3676	28.0498
24065	Петрівка	Vinnytska	Mohyliv-Podilskyi	49.0112	28.2214
24066	Садки	Vinnytska	Mohyliv-Podilskyi	48.8	28.5667
24067	Садова	Vinnytska	Mohyliv-Podilskyi	47.9586	31.2591
24068	Шлишківці	Vinnytska	Mohyliv-Podilskyi	48.4895	28.6242
24100	Чернівці	Vinnytska	Chernivetskyi	48.5423	28.1147
24106	Мазурівка	Vinnytska	Chernivetskyi	48.6548	28.8106
24107	Вишневе	Vinnytska	Chernivetskyi	50.3891	30.3705
24108	Абрамівська Долина	Vinnytska	Chernivetskyi	48.5143	28.1089
24109	Скорячий Яр	Vinnytska	Chernivetskyi	48.4713	28.0819
24110	Біляни	Vinnytska	Chernivetskyi	48.6227	28.015
24111	Березівка	Vinnytska	Chernivetskyi	48.5999	28.1117
24112	Гонтівка	Vinnytska	Chernivetskyi	48.5413	28.016
24113	Шендерівка	Vinnytska	Chernivetskyi	48.5676	28.019
24114	Лозове	Vinnytska	Chernivetskyi	48.5078	28.0388
24115	Дубина	Vinnytska	Chernivetskyi	48.564	28.0382
24116	Камінське	Vinnytska	Chernivetskyi	48.5268	28.0056
24117	Котлубаївка	Vinnytska	Chernivetskyi	48.556	28.046
24118	Лужок	Vinnytska	Chernivetskyi	48.5798	28.1105
24119	Скалопіль	Vinnytska	Chernivetskyi	48.494	28.059
24120	Володіївці	Vinnytska	Chernivetskyi	48.574	28.2162
24121	Пелинівка	Vinnytska	Chernivetskyi	48.5445	28.2804
24122	Саїнка	Vinnytska	Chernivetskyi	48.5497	28.1954
24123	Борівка	Vinnytska	Chernivetskyi	48.5054	28.2607
24124	Сокіл	Vinnytska	Chernivetskyi	48.4839	28.1621
24125	Вазлуївка	Vinnytska	Chernivetskyi	48.4666	28.1528
24126	Грабовець	Vinnytska	Chernivetskyi	48.5217	28.2244
24127	Степок	Vinnytska	Chernivetskyi	48.5288	28.2948
24128	Трактове	Vinnytska	Chernivetskyi	48.533	28.2589
24129	Туліїв	Vinnytska	Chernivetskyi	48.5091	28.1984
24130	Вила-Ярузькі	Vinnytska	Chernivetskyi	48.445	28.0376
24131	Букатинка	Vinnytska	Chernivetskyi	48.4216	28.0326
24132	Бабчинці	Vinnytska	Chernivetskyi	48.4193	28.162
24133	Степне	Vinnytska	Chernivetskyi	48.4012	28.2686
24133	Моївка	Vinnytska	Chernivetskyi	48.4581	28.2175
24134	Ясне	Vinnytska	Chernivetskyi	48.591	28.1589
24135	Гамулівка	Vinnytska	Chernivetskyi	48.3852	28.1099
24136	Майорщина	Vinnytska	Chernivetskyi	48.4495	28.1199
24137	Нове Життя	Vinnytska	Chernivetskyi	48.3761	28.1736
24139	Коси	Vinnytska	Chernivetskyi	48.4656	28.0196
24140	Весняне	Vinnytska	Chernivetskyi	48.4751	28.1078
24141	Вівчарня	Vinnytska	Chernivetskyi	48.5509	28.2275
24142	Йосипівка	Vinnytska	Chernivetskyi	48.5194	28.0693
24143	Ромашка	Vinnytska	Chernivetskyi	48.4929	28.0987
24200	Томашпіль	Vinnytska	Tomashpilskyi	48.5426	28.5168
24205	Липівка	Vinnytska	Tomashpilskyi	48.5313	28.5709
24206	Яришівка	Vinnytska	Tomashpilskyi	48.5261	28.5105
24207	Горишківське	Vinnytska	Tomashpilskyi	48.6119	28.5533
24210	Велика Русава	Vinnytska	Tomashpilskyi	48.6103	28.4505
24211	Пеньківка	Vinnytska	Tomashpilskyi	48.5734	28.4233
24212	Рожнятівка	Vinnytska	Tomashpilskyi	48.5684	28.3543
24213	Антонівка	Vinnytska	Tomashpilskyi	48.5394	28.4275
24214	Вила	Vinnytska	Tomashpilskyi	48.4965	28.4385
24215	Пилипи-Борівські	Vinnytska	Tomashpilskyi	48.501	28.3458
24216	Калинка	Vinnytska	Tomashpilskyi	48.506	28.3716
24218	Касянівка	Vinnytska	Tomashpilskyi	48.6182	28.6606
24219	Забіляни	Vinnytska	Tomashpilskyi	48.6381	28.5599
24220	Олександрівка	Vinnytska	Tomashpilskyi	48.6331	28.5198
24220	Благодатне	Vinnytska	Tomashpilskyi	48.6498	28.484
24221	Горишківка	Vinnytska	Tomashpilskyi	48.6406	28.6155
24222	Паланка	Vinnytska	Tomashpilskyi	48.6008	28.6549
24224	Жолоби	Vinnytska	Tomashpilskyi	48.5946	28.6087
24225	Комаргород	Vinnytska	Tomashpilskyi	48.532	28.6024
24226	Кислицьке	Vinnytska	Tomashpilskyi	48.5451	28.6816
24227	Вапнярки	Vinnytska	Tomashpilskyi	48.5864	28.673
24228	Комаргородське	Vinnytska	Tomashpilskyi	48.5582	28.6114
24231	Стіна	Vinnytska	Tomashpilskyi	48.4555	28.4152
24232	Гнатків	Vinnytska	Tomashpilskyi	48.4477	28.4919
24233	Нетребівка	Vinnytska	Tomashpilskyi	48.4113	28.5483
24234	Яланець	Vinnytska	Tomashpilskyi	48.3813	28.4902
24235	Русава	Vinnytska	Tomashpilskyi	48.2807	28.3121
24240	Вапнярка	Vinnytska	Tomashpilskyi	48.5348	28.7436
24241	Вапнярка	Vinnytska	Tomashpilskyi	48.5348	28.7436
24245	Колоденка	Vinnytska	Tomashpilskyi	48.5184	28.724
24246	Вербова	Vinnytska	Tomashpilskyi	48.5048	28.7453
24247	Високе	Vinnytska	Tomashpilskyi	48.4843	28.7903
24248	Марківка	Vinnytska	Tomashpilskyi	48.461	28.7183
24249	Антопіль	Vinnytska	Tomashpilskyi	48.4698	28.6877
24262	Ракова	Vinnytska	Tomashpilskyi	48.5109	28.4879
24300	Тростянець	Vinnytska	Trostianetskyi	50.4848	34.9657
24310	Летківка	Vinnytska	Trostianetskyi	49.9731	31.944
24311	Северинівка (Летківська сільська рада)	Vinnytska	Trostianetskyi	49.9731	31.944
24312	Буди	Vinnytska	Trostianetskyi	49.8913	36.021
24313	Гордіївка	Vinnytska	Trostianetskyi	50.0549	27.867
24314	Велика Стратіївка (Ново Ободівська сільська рада)	Vinnytska	Trostianetskyi	49.9731	31.944
24315	Дубина (Буддівська сільська рада)	Vinnytska	Trostianetskyi	49.9731	31.944
24317	Верхівське (Верхівська сільська рада)	Vinnytska	Trostianetskyi	49.9731	31.944
24320	Ладижин	Vinnytska	Ladyzhyn	48.685	29.2368
24321	Ладижин	Vinnytska	Ladyzhyn	48.685	29.2368
24324	Губник (Ладижинська райдержадміністрація)	Vinnytska	Trostianetskyi	48.6994	28.8819
24325	Лукашівка	Vinnytska	Trostianetskyi	48.7282	28.1721
24326	Оляниця	Vinnytska	Trostianetskyi	48.6994	28.8819
24327	Четвертинівка	Vinnytska	Trostianetskyi	48.6994	28.8819
24328	Ладижинське (Оляницька сільська рада)	Vinnytska	Trostianetskyi	48.6994	28.8819
24329	Ружицьке (Ладижинська міська рада)	Vinnytska	Trostianetskyi	48.6994	28.8819
24330	Ілляшівка	Vinnytska	Trostianetskyi	48.542	28.9617
24331	Красногірка (Ілляшівська сільська рада)	Vinnytska	Trostianetskyi	48.5875	28.7407
24332	Капустяни	Vinnytska	Trostianetskyi	48.5875	28.7407
24333	Олександрівка	Vinnytska	Trostianetskyi	48.6331	28.5198
24334	Демківка (Олександрівська сільська рада)	Vinnytska	Trostianetskyi	48.5875	28.7407
24335	Савинці	Vinnytska	Trostianetskyi	48.5875	28.7407
24336	Демківське (Олександрівська сільська рада)	Vinnytska	Trostianetskyi	48.5875	28.7407
24337	Довжок (Савинська сільська рада)	Vinnytska	Trostianetskyi	48.5875	28.7407
24338	Зелений Довжок (Савинська сільська рада)	Vinnytska	Trostianetskyi	48.5875	28.7407
24339	Китайгород (Савинецька сільська рада)	Vinnytska	Trostianetskyi	48.5875	28.7407
24340	Глибочок	Vinnytska	Trostianetskyi	49.5651	34.1794
24341	Скибинці (Глибочанська сільська рада)	Vinnytska	Trostianetskyi	49.5651	34.1794
24342	Тростянчик	Vinnytska	Trostianetskyi	49.5651	34.1794
24343	Демидівка	Vinnytska	Trostianetskyi	49.5651	34.1794
24344	Глибочанське (Глибочанська сільська рада)	Vinnytska	Trostianetskyi	49.5651	34.1794
24345	Митківка (Тростянчик сільська рада)	Vinnytska	Trostianetskyi	49.5651	34.1794
24346	Підлісне (Ілляшівська сільська рада)	Vinnytska	Trostianetskyi	49.5651	34.1794
24350	Верхівка	Vinnytska	Trostianetskyi	47.5927	36.7366
24351	Козинці (Верхівська сільська рада)	Vinnytska	Trostianetskyi	47.9989	32.9922
24352	Мала Стратіївка (Ново Ободівська сільська рада)	Vinnytska	Trostianetskyi	47.9989	32.9922
24353	Ободівка	Vinnytska	Trostianetskyi	48.4051	29.2477
24356	Бережанка (Ободівська сільська рада)	Vinnytska	Trostianetskyi	47.9989	32.9922
24357	Нова Ободівка	Vinnytska	Trostianetskyi	47.9989	32.9922
24360	Цибулівка	Vinnytska	Trostianetskyi	48.3246	29.1475
24361	Торканівка	Vinnytska	Trostianetskyi	48.3246	29.1475
24366	Дубівка (Торканівська сільська рада)	Vinnytska	Trostianetskyi	48.3246	29.1475
24400	Бершадь	Vinnytska	Bershadskyi	48.3678	29.5173
24402	Бершадь	Vinnytska	Bershadskyi	48.3678	29.5173
24405	Флорине	Vinnytska	Bershadskyi	48.3345	29.5673
24406	Партизанське (приналежність до Осіївської сільської Ради)	Vinnytska	Bershadskyi	48.3345	29.5673
24407	Романівка	Vinnytska	Bershadskyi	48.2678	29.6672
24410	Сумівка	Vinnytska	Bershadskyi	49.5253	32.4767
24411	Кошаринці	Vinnytska	Bershadskyi	49.5253	32.4767
24412	Війтівка	Vinnytska	Bershadskyi	48.426	29.5429
24413	Баланівка	Vinnytska	Bershadskyi	50.0659	35.8117
24414	Бирлівка	Vinnytska	Bershadskyi	50.084	32.0755
24415	П'ятківка	Vinnytska	Bershadskyi	49.5253	32.4767
24416	Глинське	Vinnytska	Bershadskyi	49.5253	32.4767
24420	М'якохід	Vinnytska	Bershadskyi	48.9481	33.6449
24421	Красносілка	Vinnytska	Bershadskyi	48.3378	28.8362
24422	Маньківка	Vinnytska	Bershadskyi	49.5585	38.4536
24423	Крушинівка	Vinnytska	Bershadskyi	48.9481	33.6449
24424	Шумилів	Vinnytska	Bershadskyi	48.9481	33.6449
24430	Чернятка	Vinnytska	Bershadskyi	50.4577	30.1093
24431	Хмарівка	Vinnytska	Bershadskyi	49.8053	36.4103
24432	Шляхова	Vinnytska	Bershadskyi	50.632	28.4354
24433	Теофілівка	Vinnytska	Bershadskyi	50.4577	30.1093
24434	Тирлівка	Vinnytska	Bershadskyi	50.4577	30.1093
24435	Завітне	Vinnytska	Bershadskyi	50.9358	25.4823
24436	Кавкули	Vinnytska	Bershadskyi	50.4577	30.1093
24440	Серединка	Vinnytska	Bershadskyi	48.5528	29.8946
24441	Серебрія	Vinnytska	Bershadskyi	48.4559	27.7192
24442	Березівка	Vinnytska	Bershadskyi	48.9355	28.8769
24443	Тернівка	Vinnytska	Bershadskyi	48.3936	28.8931
24444	Дяківка	Vinnytska	Bershadskyi	48.5844	28.846
24450	Джулинка	Vinnytska	Bershadskyi	48.4413	29.7514
24451	Берізки-Бершадські	Vinnytska	Bershadskyi	49.15	27.4859
24452	Ставки	Vinnytska	Bershadskyi	48.2629	28.884
24453	Устя	Vinnytska	Bershadskyi	50.7956	27.2084
24454	Лугова	Vinnytska	Bershadskyi	49.1	24.1
24455	Велика Киріївка	Vinnytska	Bershadskyi	49.15	27.4859
24456	Осіївка	Vinnytska	Bershadskyi	49.15	27.4859
24457	Мала Киріївка	Vinnytska	Bershadskyi	49.15	27.4859
24459	Устя (Устянська сільська рада)	Vinnytska	Bershadskyi	49.15	27.4859
24460	Яланець	Vinnytska	Bershadskyi	48.3813	28.4902
24461	Поташня	Vinnytska	Bershadskyi	50.3837	29.3047
24462	Лісниче	Vinnytska	Bershadskyi	48.8136	29.0761
24463	Михайлівка	Vinnytska	Bershadskyi	48.8068	28.2954
24464	Голдашівка	Vinnytska	Bershadskyi	48.2195	29.7001
24465	Кидрасівка	Vinnytska	Bershadskyi	48.249	29.7299
24466	Вовчок	Vinnytska	Bershadskyi	48.8411	28.9363
24467	Яланець (Яланецька сільська рада)	Vinnytska	Bershadskyi	48.8136	29.0761
24500	Ямпіль	Vinnytska	Yampilskyi	48.2657	28.2527
24504	Гальжбіївка	Vinnytska	Yampilskyi	48.2633	28.2206
24505	Біла	Vinnytska	Yampilskyi	48.2535	28.2199
24506	Оксанівка	Vinnytska	Yampilskyi	48.2307	28.1886
24507	Франківка	Vinnytska	Yampilskyi	48.2526	28.3665
24508	Дзюброве	Vinnytska	Yampilskyi	48.3283	28.2678
24510	Русава	Vinnytska	Yampilskyi	48.2807	28.3121
24511	Нечуївка	Vinnytska	Yampilskyi	48.296	28.2811
24512	Пороги	Vinnytska	Yampilskyi	48.2384	28.3236
24513	Добрянка	Vinnytska	Yampilskyi	48.2794	28.3693
24514	Лаврівка	Vinnytska	Yampilskyi	48.3774	28.223
24515	Регляшинці	Vinnytska	Yampilskyi	48.378	28.2289
24516	Улянівка	Vinnytska	Yampilskyi	48.222	28.2294
24520	Тростянець	Vinnytska	Yampilskyi	48.4389	28.3475
24521	Вітрівка	Vinnytska	Yampilskyi	48.3932	28.2496
24522	Гонорівка	Vinnytska	Yampilskyi	48.1841	29.0017
24523	Буша	Vinnytska	Yampilskyi	48.3433	28.1223
24524	Дорошівка	Vinnytska	Yampilskyi	48.3337	28.1142
24525	Петрашівка	Vinnytska	Yampilskyi	48.8024	28.6724
24526	Миронівка	Vinnytska	Yampilskyi	48.2982	28.17
24527	Михайлівка	Vinnytska	Yampilskyi	48.8068	28.2954
24528	Держанка	Vinnytska	Yampilskyi	48.3495	28.1545
24529	Слобода-Бушанська	Vinnytska	Yampilskyi	48.4389	28.3475
24530	Безводне	Vinnytska	Yampilskyi	48.4349	28.3145
24531	Дзигівка	Vinnytska	Yampilskyi	48.3591	28.3208
24532	Клембівка	Vinnytska	Yampilskyi	48.3904	28.4109
24533	Качківка	Vinnytska	Yampilskyi	48.2882	28.463
24534	Ратуш	Vinnytska	Yampilskyi	48.3482	28.4565
24535	Писарівка	Vinnytska	Yampilskyi	48.3266	28.398
24536	Прилужне	Vinnytska	Yampilskyi	48.4519	28.2822
24537	Хмелівщина	Vinnytska	Yampilskyi	48.3361	28.1989
24540	Северинівка	Vinnytska	Yampilskyi	48.2314	28.4255
24541	Слобода-Підлісівська	Vinnytska	Yampilskyi	48.217	28.46
24542	Підлісівка	Vinnytska	Yampilskyi	48.2363	28.4798
24543	Придністрянське	Vinnytska	Yampilskyi	48.1972	28.4411
24544	Довжок	Vinnytska	Yampilskyi	48.2377	28.5185
24545	Цекинівка	Vinnytska	Yampilskyi	48.1546	28.3192
24546	Велика Кісниця	Vinnytska	Yampilskyi	48.1359	28.4434
24547	Іванків	Vinnytska	Yampilskyi	48.2141	28.3769
24600	Крижопіль	Vinnytska	Kryzhopilskyi	48.3829	28.8662
24601	Крижопіль	Vinnytska	Kryzhopilskyi	48.3829	28.8662
24605	Тернівка	Vinnytska	Kryzhopilskyi	48.3936	28.8931
24606	Голубече	Vinnytska	Kryzhopilskyi	48.3709	28.8405
24607	Княжа Криниця	Vinnytska	Kryzhopilskyi	48.398	28.843
24608	Красне	Vinnytska	Kryzhopilskyi	48.4531	28.8291
24609	Горби	Vinnytska	Kryzhopilskyi	48.4046	28.7631
24610	Савчине	Vinnytska	Kryzhopilskyi	48.434	28.611
24611	Андріяшівка	Vinnytska	Kryzhopilskyi	48.4072	28.7173
24612	Висока Гребля	Vinnytska	Kryzhopilskyi	48.3966	28.7008
24613	Кісниця	Vinnytska	Kryzhopilskyi	48.4314	28.7321
24614	Дахталія	Vinnytska	Kryzhopilskyi	48.3964	28.5797
24615	Городківка	Vinnytska	Kryzhopilskyi	48.3775	28.6935
24617	Мар'янівське	Vinnytska	Kryzhopilskyi	48.4072	28.6724
24618	Залісся	Vinnytska	Kryzhopilskyi	48.4072	28.6724
24619	Долинка (Долинка)	Vinnytska	Kryzhopilskyi	48.4072	28.6724
24620	Джугастра	Vinnytska	Kryzhopilskyi	48.3422	28.6419
24621	Леонівка	Vinnytska	Kryzhopilskyi	48.3383	28.5884
24622	Гарячківка	Vinnytska	Kryzhopilskyi	48.3305	28.7519
24623	Вербка	Vinnytska	Kryzhopilskyi	48.2882	28.568
24624	Вільшанка	Vinnytska	Kryzhopilskyi	48.2557	28.6305
24625	Красносілка	Vinnytska	Kryzhopilskyi	48.3378	28.8362
24626	Зеленянка	Vinnytska	Kryzhopilskyi	48.3446	28.8759
24627	Вербецьке (Вербка)	Vinnytska	Kryzhopilskyi	48.3144	28.6979
24628	Вигода	Vinnytska	Kryzhopilskyi	48.3144	28.6979
24629	Доярня	Vinnytska	Kryzhopilskyi	48.2782	28.6904
24630	Шарапанівка	Vinnytska	Kryzhopilskyi	48.4908	28.8931
24631	Заболотне	Vinnytska	Kryzhopilskyi	48.4301	28.9031
24632	Куниче	Vinnytska	Kryzhopilskyi	48.4871	28.9763
24633	Соколівка	Vinnytska	Kryzhopilskyi	48.4457	28.9843
24634	Соколівка	Vinnytska	Kryzhopilskyi	48.4457	28.9843
24636	Левків	Vinnytska	Kryzhopilskyi	50.2378	28.8501
24637	Рудник	Vinnytska	Kryzhopilskyi	48.2224	28.5831
24638	Сонячне	Vinnytska	Kryzhopilskyi	48.4078	28.8328
24639	Суха Долина	Vinnytska	Kryzhopilskyi	48.3061	28.6619
24640	Жабокрич	Vinnytska	Kryzhopilskyi	48.3883	28.9849
24641	Крикливець	Vinnytska	Kryzhopilskyi	48.4765	28.8269
24642	Іллівка	Vinnytska	Kryzhopilskyi	48.3368	28.9363
24643	Павлівка	Vinnytska	Kryzhopilskyi	49.1273	29.16
24644	Файгород	Vinnytska	Kryzhopilskyi	48.2421	28.7128
24645	Шуми	Vinnytska	Kryzhopilskyi	48.257	28.5535
24646	Теклівка	Vinnytska	Kryzhopilskyi	48.4615	28.6188
24647	Одаї	Vinnytska	Kryzhopilskyi	48.5859	28.9069
24648	Кринички	Vinnytska	Kryzhopilskyi	48.413	28.7421
24649	Мар'янівка	Vinnytska	Kryzhopilskyi	48.4765	28.8269
24650	Петрунівка	Vinnytska	Kryzhopilskyi	48.35	28.5545
24700	Піщанка	Vinnytska	Pishchanskyi	48.2073	28.8861
24703	Трудове	Vinnytska	Pishchanskyi	48.1919	28.8085
24704	Миколаївка	Vinnytska	Pishchanskyi	48.1958	28.8158
24705	П'ятихатка	Vinnytska	Pishchanskyi	48.1625	28.8319
24706	Брохвичі	Vinnytska	Pishchanskyi	48.1865	28.9334
24707	Палійове	Vinnytska	Pishchanskyi	48.1761	28.8561
24708	Калинівка	Vinnytska	Pishchanskyi	48.2168	28.6548
24709	Верхня Слобідка	Vinnytska	Pishchanskyi	48.1823	28.587
24710	Трибусівка	Vinnytska	Pishchanskyi	48.1854	28.6575
24711	Грабарівка	Vinnytska	Pishchanskyi	48.1705	28.6444
24712	Болган	Vinnytska	Pishchanskyi	48.15	28.7412
24713	Кукули	Vinnytska	Pishchanskyi	48.181	28.7567
24714	Дмитрашківка	Vinnytska	Pishchanskyi	48.1986	28.7758
24715	Студена	Vinnytska	Pishchanskyi	48.1451	28.8531
24716	Чабанове	Vinnytska	Pishchanskyi	48.1684	28.8397
24717	Затишне	Vinnytska	Pishchanskyi	48.1582	28.8965
24718	Червона Поляна	Vinnytska	Pishchanskyi	48.1045	28.9044
24720	Миролюбівка	Vinnytska	Pishchanskyi	48.257	28.8454
24721	Ставки	Vinnytska	Pishchanskyi	48.2629	28.884
24722	Яворівка	Vinnytska	Pishchanskyi	48.2966	28.9225
24723	Рудниця	Vinnytska	Pishchanskyi	48.2554	28.9357
24730	Рудницьке	Vinnytska	Pishchanskyi	48.6178	29.3956
24731	Городище	Vinnytska	Pishchanskyi	49.2849	31.4451
24732	Чорномин	Vinnytska	Pishchanskyi	48.2237	29.003
24733	Попелюхи	Vinnytska	Pishchanskyi	48.6178	29.3956
24734	Козлівка	Vinnytska	Pishchanskyi	48.7786	28.1324
24735	Рибки	Vinnytska	Pishchanskyi	48.6178	29.3956
24736	Гонорівка	Vinnytska	Pishchanskyi	48.1841	29.0017
24737	Козацьке	Vinnytska	Pishchanskyi	48.6178	29.3956
24800	Чечельник	Vinnytska	Chechelnytskyi	48.2151	29.3673
24805	Тартак	Vinnytska	Chechelnytskyi	48.2099	29.3902
24806	Анютине	Vinnytska	Chechelnytskyi	48.2125	29.3788
24810	Бондурівка	Vinnytska	Chechelnytskyi	49.264	27.1478
24811	Дохно	Vinnytska	Chechelnytskyi	49.264	27.1478
24812	Каташин	Vinnytska	Chechelnytskyi	49.264	27.1478
24813	Жабокричка	Vinnytska	Chechelnytskyi	49.264	27.1478
24814	Білий Камінь	Vinnytska	Chechelnytskyi	49.8977	24.8328
24815	Рогізка	Vinnytska	Chechelnytskyi	49.264	27.1478
24816	Тарасівка	Vinnytska	Chechelnytskyi	48.9067	28.1661
24817	Василівка	Vinnytska	Chechelnytskyi	48.9878	28.4445
24820	Луги	Vinnytska	Chechelnytskyi	48.2241	29.1344
24821	Вербка	Vinnytska	Chechelnytskyi	48.2106	29.2747
24822	Куренівка	Vinnytska	Chechelnytskyi	48.234	29.7775
24823	Бритавка	Vinnytska	Chechelnytskyi	48.1751	29.1722
24824	Попова Гребля	Vinnytska	Chechelnytskyi	48.234	29.7775
24825	Новоукраїнка	Vinnytska	Chechelnytskyi	48.3264	31.5285
24830	Ольгопіль	Vinnytska	Chechelnytskyi	49.0308	32.4445
24831	Стратіївка	Vinnytska	Chechelnytskyi	49.0308	32.4445
24832	Демівка	Vinnytska	Chechelnytskyi	49.0308	32.4445
24833	Любомирка	Vinnytska	Chechelnytskyi	49.0308	32.4445
24834	Берізки-Чечельницькі	Vinnytska	Chechelnytskyi	49.0308	32.4445
43005	Луцьк	Volynska	Volynska	50.7593	25.3424
43006	Луцьк	Volynska	Volynska	50.7593	25.3424
43008	Луцьк	Volynska	Volynska	50.7593	25.3424
43010	Луцьк	Volynska	Volynska	50.7593	25.3424
43012	Луцьк	Volynska	Volynska	50.7593	25.3424
43016	Луцьк	Volynska	Volynska	50.7593	25.3424
43017	Луцьк	Volynska	Volynska	50.7593	25.3424
43018	Луцьк	Volynska	Volynska	50.7593	25.3424
43020	Луцьк	Volynska	Volynska	50.7593	25.3424
43021	Луцьк	Volynska	Volynska	50.7593	25.3424
43022	Луцьк	Volynska	Volynska	50.7593	25.3424
43023	Луцьк	Volynska	Volynska	50.7593	25.3424
43024	Луцьк	Volynska	Volynska	50.7593	25.3424
43025	Луцьк	Volynska	Volynska	50.7593	25.3424
43026	Луцьк	Volynska	Volynska	50.7593	25.3424
43027	Луцьк	Volynska	Volynska	50.7593	25.3424
44000	Шацьк	Volynska	Shatskyi	51.5021	23.9381
44008	Мельники	Volynska	Shatskyi	51.4	24.1167
44009	Гаївка	Volynska	Shatskyi	51.5596	23.9109
44010	Піща	Volynska	Shatskyi	51.6093	23.8208
44011	Острів'я	Volynska	Shatskyi	51.5553	23.7931
44012	Ростань	Volynska	Shatskyi	51.5994	23.7094
44013	Пулемець	Volynska	Shatskyi	51.5398	23.7109
44014	Положеве	Volynska	Shatskyi	51.4309	23.9418
44020	Пульмо	Volynska	Shatskyi	51.5142	23.782
44021	Світязь	Volynska	Shatskyi	51.459	24.2611
44022	Підманове	Volynska	Shatskyi	51.459	24.2611
44023	Грабове	Volynska	Shatskyi	51.4038	24.7402
44030	Прип'ять	Volynska	Shatskyi	51.4965	24.1193
44031	Самійличі	Volynska	Shatskyi	51.3931	23.9215
44032	Хомичі	Volynska	Shatskyi	51.3974	23.9027
44040	Адамчуки	Volynska	Shatskyi	51.4151	23.7149
44041	Вілиця	Volynska	Shatskyi	51.4919	24.0547
44042	Вільшанка	Volynska	Shatskyi	51.4715	24.042
44044	Голядин	Volynska	Shatskyi	51.4058	23.8187
44045	Залісся	Volynska	Shatskyi	51.5479	24.9488
44046	Затишшя	Volynska	Shatskyi	51.4715	24.042
44047	Кам'янка	Volynska	Shatskyi	51.4715	24.042
44048	Кошари	Volynska	Shatskyi	51.497	23.673
44049	Красний Бір	Volynska	Shatskyi	51.4715	24.042
44050	Кропивники	Volynska	Shatskyi	51.5126	24.0789
44051	Омельне	Volynska	Shatskyi	51.0059	25.6252
44052	Перешпа	Volynska	Shatskyi	51.3667	23.95
44053	Пехи	Volynska	Shatskyi	51.4236	24.001
44054	Плоске	Volynska	Shatskyi	51.4575	24.0169
44055	Смоляри Світязькі	Volynska	Shatskyi	51.4183	23.7896
44056	Хрипськ	Volynska	Shatskyi	51.6399	23.73
44101	Ратне	Volynska	Ratnivskyi	51.6683	24.5303
44106	Конище	Volynska	Ratnivskyi	51.7141	24.5392
44107	Комарове	Volynska	Ratnivskyi	51.7059	24.5865
44108	Прохід	Volynska	Ratnivskyi	51.6905	24.4943
44110	Млинове	Volynska	Ratnivskyi	51.8485	24.3793
44111	Кортеліси	Volynska	Ratnivskyi	51.8526	24.4277
44112	Височне	Volynska	Ratnivskyi	51.8227	24.5332
44113	Самари	Volynska	Ratnivskyi	51.8614	24.616
44114	Язавні	Volynska	Ratnivskyi	51.8268	24.6103
44115	Самари-Оріхові	Volynska	Ratnivskyi	51.8455	24.6752
44116	Косиці	Volynska	Ratnivskyi	51.8227	24.5332
44117	Старостине	Volynska	Ratnivskyi	51.7012	24.4908
44120	Залухів	Volynska	Ratnivskyi	51.8376	24.8823
44121	Щитинська-Воля	Volynska	Ratnivskyi	51.8819	24.8571
44122	Щедрогір	Volynska	Ratnivskyi	51.8	24.7821
44123	Підгір'я	Volynska	Ratnivskyi	51.8384	24.8108
44124	Межисить	Volynska	Ratnivskyi	51.834	24.7219
44130	Гірники	Volynska	Ratnivskyi	51.7238	24.4835
44131	Сільце	Volynska	Ratnivskyi	51.754	24.6089
44132	Броди	Volynska	Ratnivskyi	51.7672	24.5298
44133	Річиця	Volynska	Ratnivskyi	51.7632	24.6717
44134	Піски-Річицькі	Volynska	Ratnivskyi	51.7773	24.6571
44135	Мельники-Річицькі	Volynska	Ratnivskyi	51.7384	24.7025
44140	Тур	Volynska	Ratnivskyi	51.6726	24.285
44141	Жиричі	Volynska	Ratnivskyi	51.6884	24.4092
44142	Заболоття	Volynska	Ratnivskyi	51.6321	24.2539
44144	Заліси	Volynska	Ratnivskyi	51.626	24.3007
44145	Гута	Volynska	Ratnivskyi	51.6291	24.1264
44150	Здомишель	Volynska	Ratnivskyi	51.6225	24.424
44151	Шменьки	Volynska	Ratnivskyi	51.6387	24.449
44152	Видраниця	Volynska	Ratnivskyi	51.6101	24.569
44153	Замшани	Volynska	Ratnivskyi	51.5645	24.5743
44160	Заброди	Volynska	Ratnivskyi	51.6669	24.6013
44161	Лучичі	Volynska	Ratnivskyi	51.6523	24.5871
44162	Якушів	Volynska	Ratnivskyi	51.6898	24.6078
44163	Поступель	Volynska	Ratnivskyi	51.6694	24.6717
44164	Велимче	Volynska	Ratnivskyi	51.582	24.7373
44165	Датинь	Volynska	Ratnivskyi	51.5234	24.7612
44169	Хабарище	Volynska	Ratnivskyi	51.8893	24.8981
44170	Теребовичі	Volynska	Ratnivskyi	51.829	24.5498
44171	Сільця-Млинівські	Volynska	Ratnivskyi	51.7152	24.5775
44172	Почапи	Volynska	Ratnivskyi	51.278	24.2624
44173	Під'язівні	Volynska	Ratnivskyi	51.7152	24.5775
44174	Окачеве	Volynska	Ratnivskyi	51.8036	24.7469
44175	Мале Оріхове	Volynska	Ratnivskyi	51.8641	24.7056
44176	Краска	Volynska	Ratnivskyi	51.5817	24.317
44177	Козовата	Volynska	Ratnivskyi	51.8804	24.5828
44178	Зоряне	Volynska	Ratnivskyi	51.6451	24.644
44179	Заприп'ять	Volynska	Ratnivskyi	51.8399	24.8112
44180	Запоківне	Volynska	Ratnivskyi	51.6336	24.432
44181	Запілля	Volynska	Ratnivskyi	51.2593	23.9882
44182	Занивське	Volynska	Ratnivskyi	51.6336	24.432
44183	Залюття	Volynska	Ratnivskyi	51.5035	24.3558
44184	Залисиця	Volynska	Ratnivskyi	51.8657	24.7292
44185	Заіванове	Volynska	Ratnivskyi	51.6336	24.432
44186	Задолина	Volynska	Ratnivskyi	51.588	24.5711
44187	Дошне	Volynska	Ratnivskyi	51.5491	24.6809
44188	Доманове	Volynska	Ratnivskyi	51.8245	24.3406
44189	Долина	Volynska	Ratnivskyi	51.8454	24.3582
44190	Головище	Volynska	Ratnivskyi	51.8597	24.5713
44191	Годинь	Volynska	Ratnivskyi	51.7805	24.5953
44192	Вужиськ	Volynska	Ratnivskyi	51.5211	24.5783
44193	Витень	Volynska	Ratnivskyi	51.8677	24.4756
44194	Вижичне	Volynska	Ratnivskyi	51.7805	24.5953
44195	Бродятине	Volynska	Ratnivskyi	51.8279	24.703
44196	Боровуха	Volynska	Ratnivskyi	51.8311	24.5826
44197	Березники	Volynska	Ratnivskyi	51.8727	24.6845
44198	Береза	Volynska	Ratnivskyi	51.8392	24.4958
44199	Адамівка	Volynska	Ratnivskyi	51.6242	24.6709
44201	Любешів	Volynska	Lyubeshivskyi	51.7653	25.5142
44202	Витуле	Volynska	Lyubeshivskyi	51.7959	25.1605
44203	Віл	Volynska	Lyubeshivskyi	51.6866	25.492
44204	Гречища	Volynska	Lyubeshivskyi	51.8854	25.4424
44205	Діброва	Volynska	Lyubeshivskyi	51.7377	25.1298
44206	Каливиця	Volynska	Lyubeshivskyi	51.7505	24.9765
44207	Люботин	Volynska	Lyubeshivskyi	51.8687	25.2893
44208	Міжгайці	Volynska	Lyubeshivskyi	51.7	25.5333
44209	Нові Березичі	Volynska	Lyubeshivskyi	51.7026	25.4175
44210	Великий Курінь	Volynska	Lyubeshivskyi	51.7914	25.4213
44211	В'язівне	Volynska	Lyubeshivskyi	51.7694	25.4379
44212	Любешівська Воля	Volynska	Lyubeshivskyi	51.7304	25.4393
44213	Зарудчі	Volynska	Lyubeshivskyi	51.7734	25.5259
44214	Підкормілля	Volynska	Lyubeshivskyi	51.8036	25.5151
44215	Селісок	Volynska	Lyubeshivskyi	51.7961	25.5604
44220	Ветли	Volynska	Lyubeshivskyi	51.8855	25.1307
44221	Велика Глуша	Volynska	Lyubeshivskyi	51.8159	25.0517
44222	Погулянка	Volynska	Lyubeshivskyi	51.821	25.1171
44223	Невір	Volynska	Lyubeshivskyi	51.8742	24.9879
44224	Мала Глуша	Volynska	Lyubeshivskyi	51.7945	24.9866
44225	Щитинь	Volynska	Lyubeshivskyi	51.7844	24.8646
44230	Гірки	Volynska	Lyubeshivskyi	51.894	25.2825
44231	Мукошин	Volynska	Lyubeshivskyi	51.9112	25.2187
44232	Дольськ	Volynska	Lyubeshivskyi	51.899	25.5133
44233	Шлапань	Volynska	Lyubeshivskyi	51.8667	25.4676
44234	Хоцунь	Volynska	Lyubeshivskyi	51.849	25.522
44235	Люб'язь	Volynska	Lyubeshivskyi	51.8425	25.4723
44240	Бірки	Volynska	Lyubeshivskyi	51.8102	25.2005
44241	Цир	Volynska	Lyubeshivskyi	51.8214	25.2861
44242	Бихів	Volynska	Lyubeshivskyi	51.7536	25.2824
44243	Деревок	Volynska	Lyubeshivskyi	51.7511	25.3491
44244	Залаззя	Volynska	Lyubeshivskyi	51.7291	25.1708
44245	Лахвичі	Volynska	Lyubeshivskyi	51.8314	25.3774
44246	Заріка	Volynska	Lyubeshivskyi	51.7491	25.5218
44248	Хутомир	Volynska	Lyubeshivskyi	51.7482	25.2215
44250	Судче	Volynska	Lyubeshivskyi	51.7355	25.5853
44251	Березна Воля	Volynska	Lyubeshivskyi	51.7778	25.6222
44252	Березичі	Volynska	Lyubeshivskyi	51.6956	25.4561
44253	Залізниця	Volynska	Lyubeshivskyi	51.6953	25.572
44254	Лобна	Volynska	Lyubeshivskyi	51.6473	25.5781
44255	Седлище	Volynska	Lyubeshivskyi	51.6659	25.3734
44256	Угриничі	Volynska	Lyubeshivskyi	51.6771	25.4008
44257	Бучин	Volynska	Lyubeshivskyi	51.8401	25.6104
44294	Сваловичі	Volynska	Lyubeshivskyi	51.8673	25.6339
44295	Рудка	Volynska	Lyubeshivskyi	51.7192	25.5016
44296	Проходи	Volynska	Lyubeshivskyi	51.7893	25.4674
44297	Пожог	Volynska	Lyubeshivskyi	51.7909	25.5959
44301	Любомль	Volynska	Lyubomlskyi	51.226	24.0373
44303	Біличі	Volynska	Lyubomlskyi	51.2444	24.3441
44304	Борове	Volynska	Lyubomlskyi	51.2673	23.8337
44305	Будники	Volynska	Lyubomlskyi	51.3361	23.7705
44306	Вербівка	Volynska	Lyubomlskyi	51.3463	23.7437
44307	Вигнанка	Volynska	Lyubomlskyi	51.2929	24.2766
44308	Бірки	Volynska	Lyubomlskyi	51.2465	24.0757
44309	Скиби	Volynska	Lyubomlskyi	51.228	24.1206
44310	Забужжя	Volynska	Lyubomlskyi	51.2893	23.9843
44311	Столинські Смоляри	Volynska	Lyubomlskyi	51.3864	23.7837
44312	Гороховище	Volynska	Lyubomlskyi	51.3323	23.746
44313	Згорани	Volynska	Lyubomlskyi	51.3597	23.9795
44314	Сильне	Volynska	Lyubomlskyi	51.2893	23.9843
44315	Полапи	Volynska	Lyubomlskyi	51.3073	23.9515
44316	Високе	Volynska	Lyubomlskyi	51.25	24.3
44317	Вишнівка	Volynska	Lyubomlskyi	51.2881	23.7159
44318	Вілька-Підгородненська	Volynska	Lyubomlskyi	51.2558	24.2005
44319	Глинянка	Volynska	Lyubomlskyi	51.1351	24.1977
44320	Нудиже	Volynska	Lyubomlskyi	51.3847	24.1102
44321	Заболоття	Volynska	Lyubomlskyi	51.4009	24.1231
44322	Черемошна Воля	Volynska	Lyubomlskyi	51.3732	24.195
44323	Головне	Volynska	Lyubomlskyi	51.3365	24.0816
44324	Бабаці	Volynska	Lyubomlskyi	51.1767	23.9825
44325	Масловець	Volynska	Lyubomlskyi	51.3264	24.1054
44326	Куснища	Volynska	Lyubomlskyi	51.2812	24.0464
44327	Городнє	Volynska	Lyubomlskyi	51.272	24.1268
44328	Замлиння	Volynska	Lyubomlskyi	51.1303	23.9661
44329	Заозерне	Volynska	Lyubomlskyi	51.371	23.9392
44330	Гуща	Volynska	Lyubomlskyi	51.2727	23.7518
44331	Запілля	Volynska	Lyubomlskyi	51.2593	23.9882
44332	Рівне	Volynska	Lyubomlskyi	51.2357	23.8165
44333	Застав'є	Volynska	Lyubomlskyi	51.246	24.2083
44334	Коцюри	Volynska	Lyubomlskyi	51.1992	23.9806
44335	Красноволя	Volynska	Lyubomlskyi	51.2291	23.9852
44336	Крушинець	Volynska	Lyubomlskyi	51.4147	24.0539
44337	Лисняки	Volynska	Lyubomlskyi	51.2377	23.9525
44338	Локутки	Volynska	Lyubomlskyi	51.3597	23.7269
44339	Миловань	Volynska	Lyubomlskyi	51.245	23.7743
44340	Зачернеччя	Volynska	Lyubomlskyi	51.282	24.3461
44341	Почапи	Volynska	Lyubomlskyi	51.278	24.2624
44342	Підгородне	Volynska	Lyubomlskyi	51.2385	24.1892
44343	Машів	Volynska	Lyubomlskyi	51.1905	24.1199
44344	Хворостів	Volynska	Lyubomlskyi	51.1981	24.2307
44345	Руда	Volynska	Lyubomlskyi	51.2307	24.2485
44346	Мосир	Volynska	Lyubomlskyi	51.0405	24.0894
44347	Мшанець	Volynska	Lyubomlskyi	51.2324	24.0952
44348	Новоугрузьке	Volynska	Lyubomlskyi	51.3205	23.6733
44349	Підлісся	Volynska	Lyubomlskyi	51.3127	23.6975
44350	Римачі	Volynska	Lyubomlskyi	51.1917	23.9089
44351	Вишнів	Volynska	Lyubomlskyi	51.198	24.0293
44352	Бережці	Volynska	Lyubomlskyi	51.1684	23.8715
44353	Радехів	Volynska	Lyubomlskyi	51.1608	24.0837
44354	Штунь	Volynska	Lyubomlskyi	51.1485	24.0331
44355	Висоцьк	Volynska	Lyubomlskyi	51.1458	24.0426
44356	Олеськ	Volynska	Lyubomlskyi	51.1106	24.1896
44357	Ладинь	Volynska	Lyubomlskyi	51.0715	24.1391
44359	Вижгів	Volynska	Lyubomlskyi	51.1167	24.0858
44360	Гупали	Volynska	Lyubomlskyi	51.3765	23.8718
44361	Боремщина	Volynska	Lyubomlskyi	51.2396	24.2127
44389	Чорноплеси	Volynska	Lyubomlskyi	51.3164	24.2654
44390	Чмикос	Volynska	Lyubomlskyi	51.1348	24.1067
44391	Терехи	Volynska	Lyubomlskyi	51.1178	23.8871
44392	Старовойтове	Volynska	Lyubomlskyi	51.1996	23.8323
44393	Сокіл	Volynska	Lyubomlskyi	51.3	23.9142
44394	Скрипиця	Volynska	Lyubomlskyi	51.3197	24.1491
44395	Рогові Смоляри	Volynska	Lyubomlskyi	51.3438	23.8024
44396	Ясне	Volynska	Lyubomlskyi	51.3333	24.1667
44397	Пустинка	Volynska	Lyubomlskyi	51.0809	24.115
44398	Приріччя	Volynska	Lyubomlskyi	51.1193	23.9013
44399	Гуменці	Volynska	Lyubomlskyi	51.3893	24.051
44401	Стара Вижівка	Volynska	Starovyzhivskyi	51.4376	24.44
44408	Нова Вижва	Volynska	Starovyzhivskyi	51.3962	24.4239
44410	Глухи	Volynska	Starovyzhivskyi	51.5821	24.4959
44411	Текля	Volynska	Starovyzhivskyi	51.5305	24.4755
44412	Дубечне	Volynska	Starovyzhivskyi	51.553	24.382
44413	Рокита	Volynska	Starovyzhivskyi	51.571	24.3774
44414	Мокре	Volynska	Starovyzhivskyi	50.4363	25.9363
44415	Чевель	Volynska	Starovyzhivskyi	51.5057	24.4373
44416	Поліське	Volynska	Starovyzhivskyi	51.4791	24.5125
44420	Кримне	Volynska	Starovyzhivskyi	51.5105	24.2751
44421	Яревище	Volynska	Starovyzhivskyi	51.5583	24.2343
44422	Любохини	Volynska	Starovyzhivskyi	51.4788	24.2074
44423	Стара Гута	Volynska	Starovyzhivskyi	51.4159	24.243
44424	Галина Воля	Volynska	Starovyzhivskyi	51.4163	24.3155
44425	Смоляри	Volynska	Starovyzhivskyi	51.4608	24.2914
44430	Синове	Volynska	Starovyzhivskyi	51.4839	24.6752
44431	Підсинівка	Volynska	Starovyzhivskyi	51.4804	24.7488
44432	Соколище	Volynska	Starovyzhivskyi	51.4822	24.6974
44433	Солов'ї	Volynska	Starovyzhivskyi	51.4714	24.7167
44434	Ниці	Volynska	Starovyzhivskyi	51.4391	24.7453
44440	Буцин	Volynska	Starovyzhivskyi	51.4215	24.5954
44441	Седлище	Volynska	Starovyzhivskyi	51.4146	24.5306
44442	Сереховичі	Volynska	Starovyzhivskyi	51.412	24.6721
44444	Секунь	Volynska	Starovyzhivskyi	51.3586	24.6344
44450	Рудня	Volynska	Starovyzhivskyi	51.3424	24.2815
44452	Мизове	Volynska	Starovyzhivskyi	51.3493	24.5361
44453	Смідин	Volynska	Starovyzhivskyi	51.2981	24.4355
44454	Паридуби	Volynska	Starovyzhivskyi	51.2415	24.4139
44455	Журавлине	Volynska	Starovyzhivskyi	51.3073	24.5318
44460	Грабове	Volynska	Starovyzhivskyi	51.4038	24.7402
44461	Залюття	Volynska	Starovyzhivskyi	51.5035	24.3558
44462	Комарове	Volynska	Starovyzhivskyi	51.4173	24.8106
44463	Кукуріки	Volynska	Starovyzhivskyi	51.3532	24.267
44464	Лісняки	Volynska	Starovyzhivskyi	51.3517	24.4156
44465	Лютка	Volynska	Starovyzhivskyi	51.5651	24.3246
44466	Мельники	Volynska	Starovyzhivskyi	51.4	24.1167
44467	Мильці	Volynska	Starovyzhivskyi	51.4282	24.4489
44468	Рудка	Volynska	Starovyzhivskyi	51.4096	24.362
44469	Нова Воля	Volynska	Starovyzhivskyi	51.4498	24.6477
44472	Сукачі	Volynska	Starovyzhivskyi	51.4166	24.2019
44474	Сьомаки	Volynska	Starovyzhivskyi	51.4184	24.3602
44476	Хотивель	Volynska	Starovyzhivskyi	51.4023	24.3779
44477	Черемшанка	Volynska	Starovyzhivskyi	51.4362	24.5009
44478	Шкроби	Volynska	Starovyzhivskyi	51.4184	24.3602
44480	Борзова	Volynska	Starovyzhivskyi	51.416	24.4628
44481	Брідки	Volynska	Starovyzhivskyi	51.4213	24.4304
44482	Брунетівка	Volynska	Starovyzhivskyi	51.4787	24.5447
44501	Камінь-Каширський	Volynska	Kamin-Kashyrskyi	51.6241	24.9586
44503	Винішок	Volynska	Kamin-Kashyrskyi	51.691	25.2105
44504	Городок	Volynska	Kamin-Kashyrskyi	51.6891	25.2683
44505	Дубровиця	Volynska	Kamin-Kashyrskyi	51.6661	24.7733
44506	Підцир'я	Volynska	Kamin-Kashyrskyi	51.594	24.9564
44507	Залазько	Volynska	Kamin-Kashyrskyi	51.6559	24.8809
44508	Запруддя	Volynska	Kamin-Kashyrskyi	51.4166	24.8495
44509	Іваномисль	Volynska	Kamin-Kashyrskyi	51.5837	25.1135
44510	Черче	Volynska	Kamin-Kashyrskyi	51.7396	24.8757
44511	Підбороччя	Volynska	Kamin-Kashyrskyi	51.7625	24.9372
44512	Хотешів	Volynska	Kamin-Kashyrskyi	51.7178	24.8018
44513	Добре	Volynska	Kamin-Kashyrskyi	51.6918	24.7842
44514	Мельники-Мостище	Volynska	Kamin-Kashyrskyi	51.6868	24.8304
44515	Мостище	Volynska	Kamin-Kashyrskyi	51.6634	24.8271
44516	Видричі	Volynska	Kamin-Kashyrskyi	51.6429	24.7699
44517	Теклине	Volynska	Kamin-Kashyrskyi	51.628	24.7929
44518	Олексіївка	Volynska	Kamin-Kashyrskyi	51.6458	24.972
44519	Краснилівка	Volynska	Kamin-Kashyrskyi	51.6201	24.8124
44520	Видерта	Volynska	Kamin-Kashyrskyi	51.733	25.0218
44521	Грудки	Volynska	Kamin-Kashyrskyi	51.6833	24.9407
44522	Осівці	Volynska	Kamin-Kashyrskyi	51.6758	24.9045
44523	Бузаки	Volynska	Kamin-Kashyrskyi	51.6362	24.8247
44524	Раків Ліс	Volynska	Kamin-Kashyrskyi	51.6217	24.9243
44525	Підріччя	Volynska	Kamin-Kashyrskyi	51.5839	24.7978
44527	Катуш	Volynska	Kamin-Kashyrskyi	51.7652	24.8017
44528	Малі Голоби	Volynska	Kamin-Kashyrskyi	51.5841	25.1879
44529	Надрічне	Volynska	Kamin-Kashyrskyi	51.4923	25.2799
44530	Ворокомле	Volynska	Kamin-Kashyrskyi	51.7094	25.0719
44531	Пнівне	Volynska	Kamin-Kashyrskyi	51.6807	25.2718
44532	Фаринки	Volynska	Kamin-Kashyrskyi	51.6692	25.2703
44533	Волиця	Volynska	Kamin-Kashyrskyi	51.6833	25.2833
44534	Воєгоща	Volynska	Kamin-Kashyrskyi	51.6568	25.0919
44535	Брониця	Volynska	Kamin-Kashyrskyi	51.6528	25.1569
44536	Ольшани	Volynska	Kamin-Kashyrskyi	51.6896	24.8989
44537	Соснівка	Volynska	Kamin-Kashyrskyi	51.6953	25.2538
44538	Старі Червища	Volynska	Kamin-Kashyrskyi	51.6058	25.3737
44539	Острівок	Volynska	Kamin-Kashyrskyi	51.7055	24.8681
44540	Нуйно	Volynska	Kamin-Kashyrskyi	51.5463	24.9102
44541	Залісся	Volynska	Kamin-Kashyrskyi	51.5479	24.9488
44542	Качин	Volynska	Kamin-Kashyrskyi	51.4952	24.7989
44543	Сошичне	Volynska	Kamin-Kashyrskyi	51.4709	24.8791
44544	Личини	Volynska	Kamin-Kashyrskyi	51.4511	24.7835
44545	Малий Обзир	Volynska	Kamin-Kashyrskyi	51.4415	25.2346
44546	Житнівка	Volynska	Kamin-Kashyrskyi	51.5167	25.2333
44549	Стобихва	Volynska	Kamin-Kashyrskyi	51.3963	25.1841
44550	Клітицьк	Volynska	Kamin-Kashyrskyi	51.561	25.0044
44551	Гута-Камінська	Volynska	Kamin-Kashyrskyi	51.5858	25.0375
44552	Полиці	Volynska	Kamin-Kashyrskyi	51.5676	25.1305
44553	Гута-Боровенська	Volynska	Kamin-Kashyrskyi	51.5756	25.2184
44554	Тоболи	Volynska	Kamin-Kashyrskyi	51.5994	25.3439
44560	Нові Червища	Volynska	Kamin-Kashyrskyi	51.5877	25.398
44561	Рудка-Червинська	Volynska	Kamin-Kashyrskyi	51.5701	25.3509
44562	Боровне	Volynska	Kamin-Kashyrskyi	51.5163	25.2925
44563	Оленине	Volynska	Kamin-Kashyrskyi	51.5369	25.3102
44565	Піщане	Volynska	Kamin-Kashyrskyi	51.5076	25.1673
44570	Верхи	Volynska	Kamin-Kashyrskyi	51.4629	25.1034
44571	Великий Обзир	Volynska	Kamin-Kashyrskyi	51.4542	25.2172
44572	Карасин	Volynska	Kamin-Kashyrskyi	51.3982	25.0092
44573	Радошинка	Volynska	Kamin-Kashyrskyi	51.3937	24.9435
44574	Карпилівка	Volynska	Kamin-Kashyrskyi	51.3931	25.0349
44575	Стобихівка	Volynska	Kamin-Kashyrskyi	51.373	24.9824
44576	Олександрія	Volynska	Kamin-Kashyrskyi	51.5048	24.8502
44577	Ставище	Volynska	Kamin-Kashyrskyi	51.5197	24.7766
44578	Яловацьк	Volynska	Kamin-Kashyrskyi	51.5498	24.9992
44581	Кримне	Volynska	Kamin-Kashyrskyi	51.6623	25.1754
44601	Маневичі	Volynska	Manevytskyi	51.2941	25.5344
44602	Маневичі	Volynska	Manevytskyi	51.2941	25.5344
44603	Оконськ	Volynska	Manevytskyi	51.2521	25.5502
44604	Довжиця	Volynska	Manevytskyi	51.1926	25.5461
44605	Загорівка	Volynska	Manevytskyi	51.1965	25.5283
44606	Замостя	Volynska	Manevytskyi	51.4609	25.5171
44607	Заріччя	Volynska	Manevytskyi	51.1843	25.9156
44608	Калинівка	Volynska	Manevytskyi	51.05	25.7
44609	Кам'януха	Volynska	Manevytskyi	51.2378	25.7227
44610	Лишнівка	Volynska	Manevytskyi	51.4804	25.4144
44611	Серхів	Volynska	Manevytskyi	51.4604	25.5981
44612	Карасин	Volynska	Manevytskyi	51.4491	25.5003
44613	Галузія	Volynska	Manevytskyi	51.4006	25.6035
44614	Прилісне	Volynska	Manevytskyi	51.3764	25.5224
44615	Городок	Volynska	Manevytskyi	51.3712	25.4736
44616	Вовчицьк	Volynska	Manevytskyi	51.3292	25.7032
44620	Нова Руда	Volynska	Manevytskyi	51.4236	25.3383
44621	Градиськ	Volynska	Manevytskyi	51.3849	25.3412
44622	Троянівка	Volynska	Manevytskyi	51.3363	25.2853
44623	Черськ	Volynska	Manevytskyi	51.3164	25.2353
44624	Череваха	Volynska	Manevytskyi	51.2782	25.4463
44630	Костюхнівка	Volynska	Manevytskyi	51.3552	25.756
44631	Велика Ведмежка	Volynska	Manevytskyi	51.306	25.7982
44632	Цміни	Volynska	Manevytskyi	51.2964	25.8473
44633	Козлиничі	Volynska	Manevytskyi	51.2691	25.9266
44634	Хряськ	Volynska	Manevytskyi	51.2851	25.8863
44635	Лісове	Volynska	Manevytskyi	51.2763	25.7057
44636	Старий Чорторийськ	Volynska	Manevytskyi	51.2254	25.8789
44640	Кукли	Volynska	Manevytskyi	51.2239	25.6431
44641	Будки	Volynska	Manevytskyi	51.2245	25.7397
44643	Велика Яблунька	Volynska	Manevytskyi	51.2188	25.5443
44644	Граддя	Volynska	Manevytskyi	51.1748	25.5648
44650	Велика Осниця	Volynska	Manevytskyi	51.188	25.957
44651	Комарове	Volynska	Manevytskyi	51.1679	25.7602
44652	Новосілки	Volynska	Manevytskyi	51.2022	25.8065
44653	Куликовичі	Volynska	Manevytskyi	51.1579	25.7904
44654	Красноволя	Volynska	Manevytskyi	51.1275	25.8726
44655	Тельчі	Volynska	Manevytskyi	51.1446	25.9142
44656	Матейки	Volynska	Manevytskyi	51.0872	25.8872
44657	Нічогівка	Volynska	Manevytskyi	51.1127	25.8885
44660	Копилля	Volynska	Manevytskyi	51.1131	25.5956
44661	Колки	Volynska	Manevytskyi	51.1008	25.6684
44662	Новоукраїнка	Volynska	Manevytskyi	51.0386	25.6522
44663	Старосілля	Volynska	Manevytskyi	51.1	25.65
44664	Розничі	Volynska	Manevytskyi	51.117	25.672
44665	Ситниця	Volynska	Manevytskyi	51.0514	25.615
44666	Боровичі (0,0043)	Volynska	Manevytskyi	51.1223	25.6394
44667	Грузятин	Volynska	Manevytskyi	51.0952	25.4483
44668	Бережниця (0,0029)	Volynska	Manevytskyi	51.1223	25.6394
44669	Колодії	Volynska	Manevytskyi	51.3621	25.8135
44670	Четвертня	Volynska	Manevytskyi	51.0495	25.4695
44671	Годомичі	Volynska	Manevytskyi	51.0663	25.5138
44672	Криничне	Volynska	Manevytskyi	51.0152	25.5438
44680	Чорниж	Volynska	Manevytskyi	51.0515	25.8554
44681	Гораймівка	Volynska	Manevytskyi	51.0479	25.8983
44682	Рудники	Volynska	Manevytskyi	51.0337	25.764
44684	Софіянівка	Volynska	Manevytskyi	51.206	25.4086
44685	Семки	Volynska	Manevytskyi	51.1201	25.7361
44686	Северинівка	Volynska	Manevytskyi	51.2506	25.626
44687	Рудка	Volynska	Manevytskyi	51.2134	25.7105
44688	Погулянка	Volynska	Manevytskyi	51.1077	25.8521
44689	Нові Підцаревичі	Volynska	Manevytskyi	51.3376	25.8124
44690	Підгаття	Volynska	Manevytskyi	51.2712	25.789
44691	Островки	Volynska	Manevytskyi	51.074	25.6909
44692	Набруска	Volynska	Manevytskyi	51.4698	25.2925
44693	Мар'янівка	Volynska	Manevytskyi	51.2406	25.6659
44694	Мала Яблунька	Volynska	Manevytskyi	51.2259	25.4923
44695	Мала Осниця	Volynska	Manevytskyi	51.2153	25.9515
44696	Мала Ведмежка	Volynska	Manevytskyi	51.2833	25.8
44697	Майдан-Липненський	Volynska	Manevytskyi	51.0756	25.9802
44698	Майдан	Volynska	Manevytskyi	51.3	25.2667
44699	Гута Лісівська	Volynska	Manevytskyi	51.2506	25.7306
44701	Володимир-Волинський	Volynska	Volodymyr-Volynskyi	50.8525	24.3236
44702	Володимир-Волинський	Volynska	Volodymyr-Volynskyi	50.8525	24.3236
44703	Володимир-Волинський	Volynska	Volodymyr-Volynskyi	50.8525	24.3236
44709	Русів	Volynska	Volodymyr-Volynskyi	50.8309	24.1647
44710	Микитичі	Volynska	Volodymyr-Volynskyi	50.9556	24.0626
44711	Коритниця	Volynska	Volodymyr-Volynskyi	50.9456	24.0159
44712	Стенжаричі	Volynska	Volodymyr-Volynskyi	50.9391	24.1125
44713	Білин	Volynska	Volodymyr-Volynskyi	50.9421	24.2657
44714	Зоря	Volynska	Volodymyr-Volynskyi	50.9343	24.2055
44720	Овадне	Volynska	Volodymyr-Volynskyi	50.9281	24.3884
44721	Верба	Volynska	Volodymyr-Volynskyi	50.9291	24.3477
44722	Сусваль	Volynska	Volodymyr-Volynskyi	50.8759	24.3432
44723	Красностав	Volynska	Volodymyr-Volynskyi	50.892	24.4792
44724	Руснів	Volynska	Volodymyr-Volynskyi	50.7414	24.3205
44725	Свійчів	Volynska	Volodymyr-Volynskyi	50.8721	24.5477
44726	Чесний Хрест	Volynska	Volodymyr-Volynskyi	50.7443	24.407
44727	Селіски	Volynska	Volodymyr-Volynskyi	50.9495	24.2405
44728	Тростянка	Volynska	Volodymyr-Volynskyi	50.8745	24.1925
44729	Турівка	Volynska	Volodymyr-Volynskyi	50.952	24.1653
44730	П'ятидні	Volynska	Volodymyr-Volynskyi	50.8609	24.2168
44731	Устилуг	Volynska	Volodymyr-Volynskyi	50.8605	24.1544
44732	Лудин	Volynska	Volodymyr-Volynskyi	50.8027	24.0504
44733	Рогожани	Volynska	Volodymyr-Volynskyi	50.7921	24.0843
44734	Амбуків	Volynska	Volodymyr-Volynskyi	50.7933	23.9851
44735	Фалемичі	Volynska	Volodymyr-Volynskyi	50.7969	24.3621
44736	Федорівка	Volynska	Volodymyr-Volynskyi	50.8516	24.2832
44737	Хворостів	Volynska	Volodymyr-Volynskyi	50.8183	24.5545
44738	Хмелів	Volynska	Volodymyr-Volynskyi	47.9155	24.1391
44739	Хотячів	Volynska	Volodymyr-Volynskyi	50.8312	24.146
44740	Заріччя	Volynska	Volodymyr-Volynskyi	50.8403	24.3039
44741	Новосілки	Volynska	Volodymyr-Volynskyi	50.8181	24.2494
44742	Суходоли	Volynska	Volodymyr-Volynskyi	50.7864	24.2235
44743	Ласків	Volynska	Volodymyr-Volynskyi	50.789	24.1891
44744	Хрипаличі	Volynska	Volodymyr-Volynskyi	50.8546	24.249
44745	Черчичі	Volynska	Volodymyr-Volynskyi	50.7532	24.3501
44746	Чорників	Volynska	Volodymyr-Volynskyi	50.8235	24.0301
44747	Шистів	Volynska	Volodymyr-Volynskyi	50.8183	24.3046
44750	Льотниче	Volynska	Volodymyr-Volynskyi	50.862	24.3523
44751	Острівок	Volynska	Volodymyr-Volynskyi	50.8501	24.3455
44752	Зимне	Volynska	Volodymyr-Volynskyi	50.8014	24.3311
44753	Селець	Volynska	Volodymyr-Volynskyi	50.8096	24.3729
44754	Бубнів	Volynska	Volodymyr-Volynskyi	50.7326	24.3614
44755	Підгайці	Volynska	Volodymyr-Volynskyi	50.8018	24.4741
44760	Хобултова	Volynska	Volodymyr-Volynskyi	50.8129	24.4559
44761	Микуличі	Volynska	Volodymyr-Volynskyi	50.7878	24.518
44762	Хмелівка	Volynska	Volodymyr-Volynskyi	50.7866	24.439
44763	Березовичі	Volynska	Volodymyr-Volynskyi	50.7974	24.5794
44764	Рокитниця	Volynska	Volodymyr-Volynskyi	50.8217	24.0574
44765	Поничів	Volynska	Volodymyr-Volynskyi	50.8528	24.3787
44766	Полум'яне	Volynska	Volodymyr-Volynskyi	50.9256	24.1025
44768	Писарева Воля	Volynska	Volodymyr-Volynskyi	50.98	24.2381
44769	Пархоменкове	Volynska	Volodymyr-Volynskyi	50.8914	24.114
44770	Охнівка	Volynska	Volodymyr-Volynskyi	50.9344	24.3188
44771	Орані	Volynska	Volodymyr-Volynskyi	50.8102	24.2131
44772	Новини	Volynska	Volodymyr-Volynskyi	50.9782	24.0625
44773	Нехвороща	Volynska	Volodymyr-Volynskyi	50.7463	24.5029
44774	Міжлісся	Volynska	Volodymyr-Volynskyi	50.8404	24.5301
44775	Маркостав	Volynska	Volodymyr-Volynskyi	50.7244	24.3982
44776	Маркелівка	Volynska	Volodymyr-Volynskyi	50.8957	24.3972
44777	Марія-Воля	Volynska	Volodymyr-Volynskyi	50.7438	24.4404
44778	Людмильпіль	Volynska	Volodymyr-Volynskyi	50.8776	24.4507
44779	Ліски	Volynska	Volodymyr-Volynskyi	50.9922	24.2754
44780	Когильне	Volynska	Volodymyr-Volynskyi	50.8507	24.4296
44781	Кладнів	Volynska	Volodymyr-Volynskyi	51.0328	23.9528
44782	Ізов	Volynska	Volodymyr-Volynskyi	50.8265	24.1004
44783	Залужжя	Volynska	Volodymyr-Volynskyi	50.8828	24.1399
44784	Заболоття	Volynska	Volodymyr-Volynskyi	50.9767	24.1847
44785	Житані	Volynska	Volodymyr-Volynskyi	50.7865	24.401
44786	Дігтів	Volynska	Volodymyr-Volynskyi	50.7563	24.2115
44787	Дарницьке	Volynska	Volodymyr-Volynskyi	50.8194	24.1606
44788	Горичів	Volynska	Volodymyr-Volynskyi	50.7867	24.3026
44789	Гевин	Volynska	Volodymyr-Volynskyi	50.8536	24.5596
44790	Галинівка	Volynska	Volodymyr-Volynskyi	50.8809	24.5074
44791	Вощатин	Volynska	Volodymyr-Volynskyi	50.7923	24.1465
44792	Ворчин	Volynska	Volodymyr-Volynskyi	50.9144	24.2231
44793	Воля Свійчівська	Volynska	Volodymyr-Volynskyi	50.8664	24.5245
44794	Володимирівка	Volynska	Volodymyr-Volynskyi	50.8268	24.3993
44795	Октавин	Volynska	Volodymyr-Volynskyi	50.7577	24.2685
44796	Яковичі	Volynska	Volodymyr-Volynskyi	50.7696	24.5604
44797	Бобичі	Volynska	Volodymyr-Volynskyi	50.7676	24.5873
44798	Бегета	Volynska	Volodymyr-Volynskyi	50.8211	24.5156
44801	Турійськ	Volynska	Turiiskyi	51.0864	24.5229
44803	Клюськ	Volynska	Turiiskyi	51.0743	24.6131
44804	Селець	Volynska	Turiiskyi	51.0542	24.515
44805	Турія	Volynska	Turiiskyi	50.9431	24.4552
44806	Туровичі	Volynska	Turiiskyi	51.181	24.4981
44807	Чорніїв	Volynska	Turiiskyi	50.9692	24.6795
44808	Туричани	Volynska	Turiiskyi	51.0714	24.3215
44810	Луків	Volynska	Turiiskyi	51.2303	24.3407
44811	Новосілки	Volynska	Turiiskyi	51.187	24.2928
44812	Перевали	Volynska	Turiiskyi	51.1248	24.3418
44813	Кульчин	Volynska	Turiiskyi	51.167	24.3603
44814	Растів	Volynska	Turiiskyi	51.1209	24.4329
44815	Торговище	Volynska	Turiiskyi	51.1717	24.3934
44820	Миляновичі	Volynska	Turiiskyi	51.1883	24.4484
44821	Тупали	Volynska	Turiiskyi	51.2335	24.4553
44822	Ружин	Volynska	Turiiskyi	51.1574	24.5478
44830	Овлочин	Volynska	Turiiskyi	51.0806	24.244
44831	Ставки	Volynska	Turiiskyi	51.063	24.1909
44832	Дуліби	Volynska	Turiiskyi	51.0752	24.4015
44833	Соловичі	Volynska	Turiiskyi	51.0642	24.4678
44835	Обенижі	Volynska	Turiiskyi	51.0349	24.4907
44836	Гайки	Volynska	Turiiskyi	51.0266	24.3012
44837	Ягідне	Volynska	Turiiskyi	51.0307	24.3265
44840	Мокрець	Volynska	Turiiskyi	50.9853	24.4983
44841	Туропин	Volynska	Turiiskyi	50.9851	24.452
44842	Бобли	Volynska	Turiiskyi	51.0063	24.4961
44843	Оса	Volynska	Turiiskyi	50.9643	24.5466
44850	Туличів	Volynska	Turiiskyi	51.0046	24.6586
44852	Купичів	Volynska	Turiiskyi	50.9943	24.7156
44853	Свинарин	Volynska	Turiiskyi	50.9441	24.6617
44854	Тагачин	Volynska	Turiiskyi	51.0702	24.6505
44855	Сушибаба	Volynska	Turiiskyi	51.0279	24.7718
44856	Ставок	Volynska	Turiiskyi	51.1137	24.4839
44857	Сомин	Volynska	Turiiskyi	51.1981	24.3385
44858	Синявка	Volynska	Turiiskyi	50.9017	24.7946
44859	Серкизів	Volynska	Turiiskyi	50.9389	24.7201
44860	Озеряни	Volynska	Turiiskyi	51.0234	24.8082
44861	Новий Двір	Volynska	Turiiskyi	50.9677	24.7971
44862	Осьмиговичі	Volynska	Turiiskyi	50.9319	24.7974
44863	Маковичі	Volynska	Turiiskyi	50.9196	24.7189
44864	Серебряниця	Volynska	Turiiskyi	51.0104	24.6022
44865	Руда	Volynska	Turiiskyi	50.9938	24.3181
44866	Ревушки	Volynska	Turiiskyi	50.9299	24.5431
44867	Радовичі	Volynska	Turiiskyi	51.0365	24.6335
44868	Поляна	Volynska	Turiiskyi	51.0079	24.7882
44869	Пересіка	Volynska	Turiiskyi	51.0521	24.8253
44870	Перевісся	Volynska	Turiiskyi	51.2414	24.4664
44871	Охотники	Volynska	Turiiskyi	51.1316	24.2996
44872	Осереби	Volynska	Turiiskyi	51.1469	24.275
44873	Осекрів	Volynska	Turiiskyi	50.9164	24.6871
44874	Окунин	Volynska	Turiiskyi	51.2033	24.3034
44875	Нири	Volynska	Turiiskyi	50.9891	24.7467
44876	Мочалки	Volynska	Turiiskyi	50.886	24.6988
44877	Молодівка	Volynska	Turiiskyi	51.0108	24.6245
44878	Мировичі	Volynska	Turiiskyi	51.0857	24.4291
44879	Ловища	Volynska	Turiiskyi	50.9605	24.8279
44880	Літин	Volynska	Turiiskyi	51.0187	24.712
44881	Липа	Volynska	Turiiskyi	50.9268	24.7453
44882	Кустичі	Volynska	Turiiskyi	51.0722	24.4437
44883	Крать	Volynska	Turiiskyi	51.0248	24.2427
44884	Комарів	Volynska	Turiiskyi	51.1876	24.2588
44885	Кличковичі	Volynska	Turiiskyi	51.158	24.4889
44886	Клевецьк	Volynska	Turiiskyi	51.1844	24.5587
44887	Зілове	Volynska	Turiiskyi	51.1935	24.4905
44888	Замости	Volynska	Turiiskyi	50.9833	24.3333
44889	Залісці	Volynska	Turiiskyi	51.234	24.4357
44890	Задиби	Volynska	Turiiskyi	51.1333	24.6371
44891	Дольськ	Volynska	Turiiskyi	51.1131	24.378
44892	Дажва	Volynska	Turiiskyi	50.9519	24.7424
44893	Городилець	Volynska	Turiiskyi	51.1652	24.6428
44894	Годовичі	Volynska	Turiiskyi	51.2074	24.4256
44895	Гаруша	Volynska	Turiiskyi	51.1067	24.6181
44896	Волиця	Volynska	Turiiskyi	51.1011	24.5963
44897	Відути	Volynska	Turiiskyi	51.1851	24.3702
44898	Вербичне	Volynska	Turiiskyi	50.9944	24.6074
44899	Блаженик	Volynska	Turiiskyi	50.9863	24.3856
45000	Ковель	Volynska	Kovelskyi	51.2153	24.7087
45001	Ковель	Volynska	Kovelskyi	51.2153	24.7087
45002	Ковель	Volynska	Kovelskyi	51.2153	24.7087
45004	Ковель	Volynska	Kovelskyi	51.2153	24.7087
45005	Ковель	Volynska	Kovelskyi	51.2153	24.7087
45006	Ковель	Volynska	Kovelskyi	51.2153	24.7087
45007	Ковель	Volynska	Kovelskyi	51.2153	24.7087
45008	Ковель	Volynska	Kovelskyi	51.2153	24.7087
45009	Бахів	Volynska	Kovelskyi	51.2593	24.746
45010	Стеблі	Volynska	Kovelskyi	51.2507	24.8861
45011	Байківці	Volynska	Kovelskyi	51.1606	25.0322
45012	Угли	Volynska	Kovelskyi	51.1378	25.3788
45013	Довгоноси	Volynska	Kovelskyi	51.196	24.5915
45014	Черемошне	Volynska	Kovelskyi	51.3245	25.0225
45015	Світле	Volynska	Kovelskyi	51.2333	25.3
45016	Заячівка	Volynska	Kovelskyi	51.2784	25.192
45017	Мислина	Volynska	Kovelskyi	51.3119	24.6678
45018	Старий Мосир	Volynska	Kovelskyi	51.0467	25.0461
45019	Калиновник	Volynska	Kovelskyi	51.0857	25.0464
45020	Черкаси	Volynska	Kovelskyi	51.2376	24.6043
45021	Заріччя	Volynska	Kovelskyi	51.3781	24.8148
45022	Доротище	Volynska	Kovelskyi	51.3404	24.7638
45023	Облапи	Volynska	Kovelskyi	51.3347	24.6991
45024	Городище	Volynska	Kovelskyi	51.3193	24.6017
45025	Воля	Volynska	Kovelskyi	51.3793	24.8326
45026	Воля-Ковельська	Volynska	Kovelskyi	51.192	24.6979
45027	Ворона	Volynska	Kovelskyi	51.1245	24.7829
45028	Гішин	Volynska	Kovelskyi	51.3044	24.7752
45029	Гончий Брід	Volynska	Kovelskyi	51.0734	24.8911
45030	Мощена	Volynska	Kovelskyi	51.26	24.6055
45031	Дубове	Volynska	Kovelskyi	51.2639	24.6833
45032	Вербка	Volynska	Kovelskyi	51.2455	24.7071
45033	Краснодуб'я	Volynska	Kovelskyi	51.2516	24.5038
45033	Старі Кошари	Volynska	Kovelskyi	51.2271	24.5256
45034	Люблинець	Volynska	Kovelskyi	51.1823	24.6178
45034	Калинівка	Volynska	Kovelskyi	51.2025	24.559
45035	Кашівка	Volynska	Kovelskyi	51.1665	25.3268
45036	Шкурат	Volynska	Kovelskyi	51.1917	25.0526
45037	Колодниця	Volynska	Kovelskyi	51.2397	24.7584
45038	Красноволя	Volynska	Kovelskyi	51.2859	24.5872
45039	Битень	Volynska	Kovelskyi	51.1303	24.9772
45040	Кричевичі	Volynska	Kovelskyi	51.2817	24.9703
45041	Кривлин	Volynska	Kovelskyi	51.1763	25.116
45042	Білин	Volynska	Kovelskyi	51.2437	24.8145
45043	Скулин	Volynska	Kovelskyi	51.2795	24.8899
45044	Уховецьк	Volynska	Kovelskyi	51.2341	24.937
45045	Козлиничі	Volynska	Kovelskyi	51.2383	25.0428
45046	Грив'ятки	Volynska	Kovelskyi	51.2504	25.0088
45047	Кухарі	Volynska	Kovelskyi	51.0902	25.2229
45048	Лапні	Volynska	Kovelskyi	51.3817	24.8065
45049	Ломачанка	Volynska	Kovelskyi	51.2873	25.0134
45050	Поворськ	Volynska	Kovelskyi	51.2656	25.129
45051	Озерне	Volynska	Kovelskyi	51.2436	25.2004
45052	Пісочне	Volynska	Kovelskyi	51.2226	25.091
45053	Ситовичі	Volynska	Kovelskyi	51.2116	25.2213
45054	Підріжжя	Volynska	Kovelskyi	51.1863	25.2808
45055	Кругель	Volynska	Kovelskyi	51.259	24.5196
45056	Любче	Volynska	Kovelskyi	50.9577	25.1173
45057	Малий Порськ	Volynska	Kovelskyi	51.0503	25.1259
45058	Мар'янівка	Volynska	Kovelskyi	51.177	25.0917
45059	Мирин	Volynska	Kovelskyi	51.1962	25.1403
45060	Зелена	Volynska	Kovelskyi	51.1716	24.6876
45061	Колодяжне	Volynska	Kovelskyi	51.1812	24.7979
45062	Волошки	Volynska	Kovelskyi	51.1964	24.8594
45063	Любитів	Volynska	Kovelskyi	51.1493	24.8268
45064	Рокитниця	Volynska	Kovelskyi	51.1011	24.7774
45065	Іванівка	Volynska	Kovelskyi	51.098	24.6965
45065	Білашів	Volynska	Kovelskyi	51.1096	24.7304
45066	Дроздні	Volynska	Kovelskyi	51.106	24.8758
45067	Нові Кошари	Volynska	Kovelskyi	51.2428	24.5402
45068	Нужель	Volynska	Kovelskyi	51.1158	25.0444
45069	Партизанське	Volynska	Kovelskyi	51.0462	24.979
45070	Голоби	Volynska	Kovelskyi	51.0865	25.0077
45071	Вівчицьк	Volynska	Kovelskyi	51.0903	24.955
45072	Перковичі	Volynska	Kovelskyi	51.0821	24.6703
45073	Бруховичі	Volynska	Kovelskyi	51.1156	25.0647
45074	Радошин	Volynska	Kovelskyi	51.1599	24.9793
45075	Борщівка	Volynska	Kovelskyi	51.0498	25.1883
45076	Рудка Миринська	Volynska	Kovelskyi	51.1759	25.1699
45077	Погіньки	Volynska	Kovelskyi	51.1151	24.9369
45078	Луківка	Volynska	Kovelskyi	51.2617	25.058
45079	Солотвин	Volynska	Kovelskyi	51.0147	24.8817
45080	Мельниця	Volynska	Kovelskyi	51.1583	25.0699
45081	Велицьк	Volynska	Kovelskyi	51.1222	25.2038
45082	Сільце	Volynska	Kovelskyi	51.1583	25.0699
45083	Арсеновичі	Volynska	Kovelskyi	51.122	25.3492
45084	Великий Порськ	Volynska	Kovelskyi	51.0759	25.1458
45085	Тойкут	Volynska	Kovelskyi	51.3927	24.8287
45086	Воля Любитівська	Volynska	Kovelskyi	51.1493	24.8913
45087	Підліси	Volynska	Kovelskyi	51.1374	25.2573
45088	Будище	Volynska	Kovelskyi	51.1649	24.7534
45089	Жмудче	Volynska	Kovelskyi	51.1022	25.1299
45090	Поповичі	Volynska	Kovelskyi	51.0776	25.0795
45091	Свидники	Volynska	Kovelskyi	51.046	25.0925
45092	Новий Мосир	Volynska	Kovelskyi	51.0305	25.0078
45093	Майдан	Volynska	Kovelskyi	51.0151	24.9186
45094	Гредьки	Volynska	Kovelskyi	51.3305	24.5875
45095	Грушівка	Volynska	Kovelskyi	51.0774	24.7163
45096	Гулівка	Volynska	Kovelskyi	51.2584	25.2192
45097	Дарівка	Volynska	Kovelskyi	51.0555	25.0122
45098	Діброва	Volynska	Kovelskyi	51.0395	24.9258
45101	Рожище	Volynska	Rozhyshchenskyi	50.9154	25.2691
45106	Рудня	Volynska	Rozhyshchenskyi	50.904	25.2986
45107	Топільне	Volynska	Rozhyshchenskyi	50.9413	25.2813
45108	Носачевичі	Volynska	Rozhyshchenskyi	50.9495	25.3519
45109	Дубище	Volynska	Rozhyshchenskyi	50.9333	25.3167
45111	Іванівка	Volynska	Rozhyshchenskyi	51.0939	25.2746
45112	Навіз	Volynska	Rozhyshchenskyi	51.0702	25.387
45113	Сокіл	Volynska	Rozhyshchenskyi	51.0445	25.3397
45114	Духче	Volynska	Rozhyshchenskyi	51.0448	25.2937
45115	Луків	Volynska	Rozhyshchenskyi	51.0521	25.4006
45116	Крижівка	Volynska	Rozhyshchenskyi	51.0285	25.3565
45117	Мильськ	Volynska	Rozhyshchenskyi	51.0368	25.2332
45120	Ясенівка	Volynska	Rozhyshchenskyi	50.9929	24.9461
45121	Вітоніж	Volynska	Rozhyshchenskyi	50.9842	24.882
45122	Немир	Volynska	Rozhyshchenskyi	50.9834	25.0005
45123	Переспа	Volynska	Rozhyshchenskyi	50.9901	25.167
45124	Малинівка	Volynska	Rozhyshchenskyi	51.0208	25.0684
45125	Тихотин	Volynska	Rozhyshchenskyi	50.9763	25.0613
45130	Щурин	Volynska	Rozhyshchenskyi	50.9523	24.9498
45131	Квітневе	Volynska	Rozhyshchenskyi	50.9596	24.9099
45132	Тристень	Volynska	Rozhyshchenskyi	50.9267	24.9346
45133	Доросині	Volynska	Rozhyshchenskyi	50.9474	25.0105
45134	Вічині	Volynska	Rozhyshchenskyi	50.9029	24.9611
45135	Береськ	Volynska	Rozhyshchenskyi	50.8748	24.9055
45136	Ворончин	Volynska	Rozhyshchenskyi	50.9066	24.8706
45140	Пожарки	Volynska	Rozhyshchenskyi	50.9789	25.2265
45141	Рудка-Козинська	Volynska	Rozhyshchenskyi	50.9361	25.1622
45142	Любче	Volynska	Rozhyshchenskyi	50.9577	25.1173
45143	Залісці	Volynska	Rozhyshchenskyi	50.9236	25.1239
45144	Березолуки	Volynska	Rozhyshchenskyi	50.902	25.0515
45145	Михайлин	Volynska	Rozhyshchenskyi	50.94	25.2065
45146	Олешковичі	Volynska	Rozhyshchenskyi	50.93	25.3939
45147	Яблунівка	Volynska	Rozhyshchenskyi	50.8768	25.106
45150	Копачівка	Volynska	Rozhyshchenskyi	50.8803	25.2262
45151	Кременець	Volynska	Rozhyshchenskyi	50.9195	25.205
45152	Городині	Volynska	Rozhyshchenskyi	50.8447	25.0341
45154	Уляники	Volynska	Rozhyshchenskyi	50.8329	25.1106
45169	Ужова	Volynska	Rozhyshchenskyi	50.9101	25.1824
45170	Тростянка	Volynska	Rozhyshchenskyi	50.8557	25.1947
45171	Трилісці	Volynska	Rozhyshchenskyi	51.0109	25.1412
45172	Студині	Volynska	Rozhyshchenskyi	50.8858	24.8549
45173	Романів	Volynska	Rozhyshchenskyi	50.857	25.0498
45174	Раймісто	Volynska	Rozhyshchenskyi	51.0037	24.9706
45175	Підліски	Volynska	Rozhyshchenskyi	50.8647	25.2606
45176	Підгірне	Volynska	Rozhyshchenskyi	50.8814	25.0552
45177	Ольганівка	Volynska	Rozhyshchenskyi	50.8973	25.3538
45178	Оленівка	Volynska	Rozhyshchenskyi	50.9912	25.2796
45179	Олександрівка	Volynska	Rozhyshchenskyi	50.8757	25.249
45180	Озденіж	Volynska	Rozhyshchenskyi	50.795	25.1694
45181	Незвір	Volynska	Rozhyshchenskyi	51.0602	25.4207
45182	Мирославка	Volynska	Rozhyshchenskyi	50.9997	25.1855
45183	Мар'янівка	Volynska	Rozhyshchenskyi	50.9979	25.2295
45184	Літогоща	Volynska	Rozhyshchenskyi	51.105	25.2851
45185	Линівка	Volynska	Rozhyshchenskyi	51.032	25.1403
45186	Кроватка	Volynska	Rozhyshchenskyi	50.923	25.0796
45187	Корсині	Volynska	Rozhyshchenskyi	51.1119	25.3046
45188	Козин	Volynska	Rozhyshchenskyi	50.9588	25.1616
45189	Кобче	Volynska	Rozhyshchenskyi	50.995	25.3184
45190	Кияж	Volynska	Rozhyshchenskyi	50.9277	24.9744
45191	Іванчиці	Volynska	Rozhyshchenskyi	50.8275	25.154
45192	Забара	Volynska	Rozhyshchenskyi	51.0137	25.2197
45193	Єлізаветин	Volynska	Rozhyshchenskyi	50.9297	25.359
45194	Дмитрівка	Volynska	Rozhyshchenskyi	50.9354	25.2428
45195	Вишеньки	Volynska	Rozhyshchenskyi	50.9812	25.3421
45196	Валер'янівка	Volynska	Rozhyshchenskyi	50.951	25.2039
45197	Бортяхівка	Volynska	Rozhyshchenskyi	50.9863	25.1076
45198	Берегове	Volynska	Rozhyshchenskyi	51.0661	25.2529
45199	Башова	Volynska	Rozhyshchenskyi	50.8914	25.1826
45201	Ківерці	Volynska	Kivertsivskyi	50.8342	25.4582
45210	Омельне	Volynska	Kivertsivskyi	51.0059	25.6252
45211	Холоневичі	Volynska	Kivertsivskyi	51.0118	25.9756
45212	Липне	Volynska	Kivertsivskyi	51.0229	26.0352
45213	Журавичі	Volynska	Kivertsivskyi	50.9802	25.7193
45214	Тростянець	Volynska	Kivertsivskyi	50.9585	25.5655
45215	Берестяне	Volynska	Kivertsivskyi	50.9637	25.8881
45216	Знамирівка	Volynska	Kivertsivskyi	50.9738	26.0239
45217	Носовичі	Volynska	Kivertsivskyi	50.688	25.7595
45220	Суськ	Volynska	Kivertsivskyi	50.9561	25.4295
45221	Завітне	Volynska	Kivertsivskyi	50.9358	25.4823
45222	Озеро	Volynska	Kivertsivskyi	50.8938	25.5403
45223	Сокиричі	Volynska	Kivertsivskyi	50.8652	25.498
45224	Бодячів	Volynska	Kivertsivskyi	50.8863	25.4532
45228	Хопнів	Volynska	Kivertsivskyi	50.9758	25.5075
45229	Хром'яків	Volynska	Kivertsivskyi	50.7503	25.8071
45230	Сильне	Volynska	Kivertsivskyi	50.8128	25.8282
45231	Городище	Volynska	Kivertsivskyi	50.8934	25.7523
45232	Карпилівка	Volynska	Kivertsivskyi	50.8473	25.8392
45233	Цумань	Volynska	Kivertsivskyi	50.8322	25.8864
45234	Кадище	Volynska	Kivertsivskyi	50.7779	25.8819
45235	Грем'яче	Volynska	Kivertsivskyi	50.8128	25.8282
45236	Дубище	Volynska	Kivertsivskyi	50.8079	25.8138
45237	Башлики	Volynska	Kivertsivskyi	50.8244	25.846
45239	Чемерин	Volynska	Kivertsivskyi	50.7067	25.7779
45240	Жидичин	Volynska	Kivertsivskyi	50.811	25.308
45241	Кульчин	Volynska	Kivertsivskyi	50.8185	25.4009
45242	Озерце	Volynska	Kivertsivskyi	50.818	25.3482
45243	Прилуцьке	Volynska	Kivertsivskyi	50.7912	25.4045
45244	Дачне	Volynska	Kivertsivskyi	50.8084	25.3956
45245	Борохів	Volynska	Kivertsivskyi	50.7794	25.4681
45246	Човниця	Volynska	Kivertsivskyi	50.9031	25.4811
45250	Звірів	Volynska	Kivertsivskyi	50.7833	25.5667
45251	Хорлупи	Volynska	Kivertsivskyi	50.7361	25.6611
45252	Пальче	Volynska	Kivertsivskyi	50.7764	25.6418
45253	Покащів	Volynska	Kivertsivskyi	50.7429	25.715
45254	Яківці	Volynska	Kivertsivskyi	50.8315	25.96
45260	Дерно	Volynska	Kivertsivskyi	50.7805	25.7423
45261	Дідичі	Volynska	Kivertsivskyi	50.7432	25.7996
45262	Залісоче	Volynska	Kivertsivskyi	50.7222	25.8251
45263	Олика	Volynska	Kivertsivskyi	50.7186	25.8125
45264	Жорнище	Volynska	Kivertsivskyi	50.7091	25.7459
45265	Сапогове	Volynska	Kivertsivskyi	50.8009	25.4497
45266	Скреготівка	Volynska	Kivertsivskyi	50.8579	25.9694
45267	Славне	Volynska	Kivertsivskyi	50.9559	25.3685
45268	Словатичі	Volynska	Kivertsivskyi	50.9766	25.439
45269	Ставок	Volynska	Kivertsivskyi	50.7759	25.7893
45270	Небіжка	Volynska	Kivertsivskyi	50.8053	25.362
45271	Вишнів	Volynska	Kivertsivskyi	50.7852	25.5075
45272	Метельне	Volynska	Kivertsivskyi	50.6848	25.8121
45273	Муравище	Volynska	Kivertsivskyi	50.8568	25.5673
45275	Одеради	Volynska	Kivertsivskyi	50.7406	25.7496
45276	Олександрія	Volynska	Kivertsivskyi	50.8088	25.5491
45277	Острів	Volynska	Kivertsivskyi	50.9856	25.5492
45278	Путилівка	Volynska	Kivertsivskyi	50.7935	25.806
45279	Ромашківка	Volynska	Kivertsivskyi	50.7836	25.8145
45280	Веснянка	Volynska	Kivertsivskyi	50.8234	25.5219
45282	Гайове	Volynska	Kivertsivskyi	50.9044	25.5592
45283	Яромель	Volynska	Kivertsivskyi	50.9403	25.6375
45284	Горянівка	Volynska	Kivertsivskyi	50.7343	25.815
45285	Діброва	Volynska	Kivertsivskyi	50.8106	25.4935
45286	Дідовичі	Volynska	Kivertsivskyi	50.8711	25.4742
45287	Домашів	Volynska	Kivertsivskyi	50.9481	25.6783
45288	Жабка	Volynska	Kivertsivskyi	50.8248	25.4231
45289	Заброди	Volynska	Kivertsivskyi	50.867	25.4307
45290	Звози	Volynska	Kivertsivskyi	50.9183	25.3991
45291	Клепачів	Volynska	Kivertsivskyi	50.8593	25.3597
45292	Клубочин	Volynska	Kivertsivskyi	50.9431	25.7557
45293	Конопелька	Volynska	Kivertsivskyi	50.9085	25.4504
45294	Котів	Volynska	Kivertsivskyi	50.8011	25.6655
45295	Липляни	Volynska	Kivertsivskyi	50.7882	25.2979
45296	Личани	Volynska	Kivertsivskyi	50.6732	25.8199
45297	Лички	Volynska	Kivertsivskyi	50.9686	25.5598
45298	Микове	Volynska	Kivertsivskyi	50.9628	25.7077
45299	Мощаниця	Volynska	Kivertsivskyi	50.8051	25.7767
45300	Іваничі	Volynska	Ivanychivskyi	50.6388	24.36
45303	Верхнів	Volynska	Ivanychivskyi	50.6735	24.321
45304	Волиця	Volynska	Ivanychivskyi	50.6592	24.4936
45305	Волиця-Морозовецька	Volynska	Ivanychivskyi	50.6735	24.321
45306	Бортнів	Volynska	Ivanychivskyi	50.7728	24.1096
45307	Грушів	Volynska	Ivanychivskyi	50.5611	24.4783
45308	Долинка	Volynska	Ivanychivskyi	50.6139	24.3667
45309	Іванів	Volynska	Ivanychivskyi	50.795	24.1177
45310	Бужанка	Volynska	Ivanychivskyi	50.7489	24.127
45311	Поромів	Volynska	Ivanychivskyi	50.7524	24.0842
45312	Стара Лішня	Volynska	Ivanychivskyi	50.6838	24.1716
45313	Будятичі	Volynska	Ivanychivskyi	50.7084	24.18
45314	Морозовичі	Volynska	Ivanychivskyi	50.7079	24.1202
45315	Мовники	Volynska	Ivanychivskyi	50.6619	24.1292
45316	Іванівка	Volynska	Ivanychivskyi	50.7034	24.3795
45317	Клопочин	Volynska	Ivanychivskyi	50.6392	24.4599
45318	Космівка	Volynska	Ivanychivskyi	50.6972	24.1732
45319	Кречів	Volynska	Ivanychivskyi	50.6775	24.0943
45320	Гряди	Volynska	Ivanychivskyi	50.7308	24.2269
45321	Низкиничі	Volynska	Ivanychivskyi	50.7345	24.1839
45322	Тишковичі	Volynska	Ivanychivskyi	50.7193	24.1976
45323	Соснина	Volynska	Ivanychivskyi	50.7161	24.3128
45324	Грибовиця	Volynska	Ivanychivskyi	50.6837	24.2466
45325	Литовеж	Volynska	Ivanychivskyi	50.6429	24.1871
45326	Мишів	Volynska	Ivanychivskyi	50.6825	24.3232
45327	Древині	Volynska	Ivanychivskyi	50.6666	24.3595
45328	Заболотці	Volynska	Ivanychivskyi	50.6317	24.2718
45329	Заставне	Volynska	Ivanychivskyi	50.5963	24.2697
45330	Луковичі	Volynska	Ivanychivskyi	50.7167	24.4901
45331	Жашковичі	Volynska	Ivanychivskyi	50.6677	24.4944
45332	Колона	Volynska	Ivanychivskyi	50.6702	24.5297
45333	Радовичі	Volynska	Ivanychivskyi	50.6639	24.4448
45334	Лежниця	Volynska	Ivanychivskyi	50.7277	24.0954
45335	Бужковичі	Volynska	Ivanychivskyi	50.7227	24.446
45340	Риковичі	Volynska	Ivanychivskyi	50.634	24.5529
45341	Топилище	Volynska	Ivanychivskyi	50.6167	24.6009
45342	Павлівка	Volynska	Ivanychivskyi	50.6209	24.4587
45343	Старий Порицьк	Volynska	Ivanychivskyi	50.6297	24.4915
45344	Переславичі	Volynska	Ivanychivskyi	50.6088	24.5108
45345	Трубки	Volynska	Ivanychivskyi	50.5842	24.4904
45346	Завидів	Volynska	Ivanychivskyi	50.5866	24.5708
45347	Милятин	Volynska	Ivanychivskyi	50.5576	24.5449
45351	Біличі	Volynska	Ivanychivskyi	50.6539	24.2685
45360	Лугове	Volynska	Ivanychivskyi	50.6619	24.3883
45361	Менчичі	Volynska	Ivanychivskyi	50.7042	24.3406
45362	Михалє	Volynska	Ivanychivskyi	50.7275	24.076
45363	Млинище	Volynska	Ivanychivskyi	50.7396	24.0468
45364	Нова Лішня	Volynska	Ivanychivskyi	50.6906	24.198
45365	Орищі	Volynska	Ivanychivskyi	50.6912	24.4632
45366	Осмиловичі	Volynska	Ivanychivskyi	50.6866	24.1448
45367	Петрове	Volynska	Ivanychivskyi	50.76	24.0456
45368	Романівка	Volynska	Ivanychivskyi	50.6124	24.3517
45369	Русовичі	Volynska	Ivanychivskyi	50.7177	24.1377
45370	Самоволя	Volynska	Ivanychivskyi	50.5739	24.4189
45371	Старосілля	Volynska	Ivanychivskyi	50.6219	24.4337
45372	Хренів	Volynska	Ivanychivskyi	50.7433	24.2284
45373	Шахтарське	Volynska	Ivanychivskyi	50.7277	24.1277
45374	Кропивщина	Volynska	Ivanychivskyi	50.7166	24.2286
45375	Щенятин	Volynska	Ivanychivskyi	50.6719	24.4199
45400	Нововолинськ	Volynska	Novovolynsk	50.7258	24.1626
45401	Нововолинськ	Volynska	Novovolynsk	50.7258	24.1626
45402	Нововолинськ	Volynska	Novovolynsk	50.7258	24.1626
45403	Нововолинськ	Volynska	Novovolynsk	50.7258	24.1626
45404	Нововолинськ	Volynska	Novovolynsk	50.7258	24.1626
45405	Нововолинськ	Volynska	Novovolynsk	50.7258	24.1626
45407	Нововолинськ	Volynska	Novovolynsk	50.7258	24.1626
45408	Нововолинськ	Volynska	Novovolynsk	50.7258	24.1626
45490	Благодатне	Volynska	Novovolynsk	47.8793	38.4849
45500	Локачі	Volynska	Lokachynskyi	50.737	24.6494
45502	Вілька Садівська	Volynska	Lokachynskyi	50.728	24.7278
45503	Войнин	Volynska	Lokachynskyi	50.6869	24.7824
45504	Гранатів	Volynska	Lokachynskyi	50.7076	24.7953
45505	Журавець	Volynska	Lokachynskyi	50.728	24.7278
45506	Залужне	Volynska	Lokachynskyi	50.7399	24.5678
45507	Запусти	Volynska	Lokachynskyi	50.728	24.7278
45508	Крухиничі	Volynska	Lokachynskyi	50.7564	24.6638
45509	Квасовиця	Volynska	Lokachynskyi	50.74	24.9083
45510	Війниця	Volynska	Lokachynskyi	50.7912	24.676
45511	Павловичі	Volynska	Lokachynskyi	50.7744	24.6871
45512	Тумин	Volynska	Lokachynskyi	50.849	24.6076
45513	Губин	Volynska	Lokachynskyi	50.7994	24.6325
45514	Кисилин	Volynska	Lokachynskyi	50.7515	24.7218
45515	Озютичі	Volynska	Lokachynskyi	50.8484	24.7096
45516	Кремеш	Volynska	Lokachynskyi	50.6774	24.7075
45517	Кути	Volynska	Lokachynskyi	50.6008	24.6962
45518	Линів	Volynska	Lokachynskyi	50.6779	24.8518
45519	Малий Окорськ	Volynska	Lokachynskyi	50.7452	24.9284
45520	Холопичі	Volynska	Lokachynskyi	50.7936	24.7698
45521	Зубильне	Volynska	Lokachynskyi	50.8113	24.8527
45522	Маньків	Volynska	Lokachynskyi	50.7742	24.7995
45523	Затурці	Volynska	Lokachynskyi	50.7827	24.851
45524	Великий Окорськ	Volynska	Lokachynskyi	50.7654	24.7496
45525	Марковичі	Volynska	Lokachynskyi	50.7351	24.7002
45526	Михайлівка	Volynska	Lokachynskyi	50.7706	24.6581
45527	Міжгір'я	Volynska	Lokachynskyi	50.7233	24.7554
45528	Мовчанів	Volynska	Lokachynskyi	50.7961	24.7209
45529	Низькі Цевеличі	Volynska	Lokachynskyi	50.7015	24.6388
45530	Дорогиничі	Volynska	Lokachynskyi	50.7079	24.5907
45531	Замличі	Volynska	Lokachynskyi	50.7202	24.5387
45532	Заячиці	Volynska	Lokachynskyi	50.6983	24.702
45533	Козлів	Volynska	Lokachynskyi	50.7163	24.6665
45534	Старий Загорів	Volynska	Lokachynskyi	50.6634	24.6409
45535	Новий Загорів	Volynska	Lokachynskyi	50.6635	24.5983
45536	Защитів	Volynska	Lokachynskyi	50.6484	24.6658
45537	П'ятикори	Volynska	Lokachynskyi	50.7267	24.6402
45538	Роговичі	Volynska	Lokachynskyi	50.7244	24.7147
45539	Садівські Дубини	Volynska	Lokachynskyi	50.7135	24.8287
45540	Шельвів	Volynska	Lokachynskyi	50.7214	24.7807
45541	Бубнів	Volynska	Lokachynskyi	50.6577	24.8303
45542	Семеринське	Volynska	Lokachynskyi	50.8232	24.8608
45543	Привітне	Volynska	Lokachynskyi	50.64	24.7464
45544	Коритниця	Volynska	Lokachynskyi	50.6323	24.7987
45545	Сирнички	Volynska	Lokachynskyi	50.7163	24.7526
45546	Твердині	Volynska	Lokachynskyi	50.8757	24.7566
45547	Твориничі	Volynska	Lokachynskyi	50.7133	24.692
45548	Хорів	Volynska	Lokachynskyi	50.6864	24.6433
45549	Цевеличі	Volynska	Lokachynskyi	50.6967	24.6649
45550	Конюхи	Volynska	Lokachynskyi	50.6341	24.6948
45551	Колпитів	Volynska	Lokachynskyi	50.5927	24.7648
45552	Білопіль	Volynska	Lokachynskyi	50.6073	24.6436
45553	Юнівка	Volynska	Lokachynskyi	50.6326	24.6581
45554	Бермешів	Volynska	Lokachynskyi	50.6962	24.5293
45601	Липини	Volynska	Lutskyi	50.7645	25.4076
45602	Підгайці	Volynska	Lutskyi	50.7135	25.4035
45603	Струмівка	Volynska	Lutskyi	50.7377	25.4306
45604	Крупа	Volynska	Lutskyi	50.6911	25.4129
45605	Боратин	Volynska	Lutskyi	50.7052	25.3635
45606	Рованці	Volynska	Lutskyi	50.7291	25.3461
45607	Гірка Полонка	Volynska	Lutskyi	50.6833	25.2667
45608	Полонка	Volynska	Lutskyi	50.687	25.2989
45609	Верхи	Volynska	Lutskyi	51.4629	25.1034
45610	Хорохорин	Volynska	Lutskyi	50.8275	24.9519
45611	Веселе	Volynska	Lutskyi	50.8034	25.0454
45612	Торчин	Volynska	Lutskyi	50.7653	25.0018
45613	Богушівка	Volynska	Lutskyi	50.7657	25.1899
45614	Смолигів	Volynska	Lutskyi	50.77	24.9574
45615	Антонівка	Volynska	Lutskyi	50.7314	25.163
45616	Ботин	Volynska	Lutskyi	50.7512	25.6167
45617	Барвінок	Volynska	Lutskyi	50.8182	24.9113
45618	Брище	Volynska	Lutskyi	50.8452	25.2186
45619	Вербаїв	Volynska	Lutskyi	50.6511	25.3563
45620	Шепель	Volynska	Lutskyi	50.7888	25.1144
45621	Буяни	Volynska	Lutskyi	50.7612	25.0295
45622	Усичі	Volynska	Lutskyi	50.7614	25.0733
45623	Забороль	Volynska	Lutskyi	50.7445	25.2309
45624	Великий Омеляник	Volynska	Lutskyi	50.7393	25.2646
45625	Тарасове	Volynska	Lutskyi	50.7542	25.2583
45626	Рокині	Volynska	Lutskyi	50.8311	25.2704
45627	Вигуричі	Volynska	Lutskyi	50.5925	25.1184
45628	Вікторяни	Volynska	Lutskyi	50.6798	25.1473
45629	Всеволодівка	Volynska	Lutskyi	50.7449	25.1729
45630	Княгининок	Volynska	Lutskyi	50.7553	25.4066
45631	Милуші	Volynska	Lutskyi	50.7726	25.2767
45632	Зміїнець	Volynska	Lutskyi	50.7624	25.2858
45633	Сирники	Volynska	Lutskyi	50.8162	25.2467
45634	Боголюби	Volynska	Lutskyi	50.7664	25.2402
45635	Піддубці	Volynska	Lutskyi	50.7683	25.5215
45636	Гаразджа	Volynska	Lutskyi	50.7452	25.4953
45637	Романів	Volynska	Lutskyi	50.7443	25.5961
45638	Лище	Volynska	Lutskyi	50.7168	25.4675
45639	Воротнів	Volynska	Lutskyi	50.705	25.5295
45640	Садів	Volynska	Lutskyi	50.6918	24.9193
45641	Білосток	Volynska	Lutskyi	50.6852	24.9688
45642	Одеради	Volynska	Lutskyi	50.691	25.0967
45643	Баїв	Volynska	Lutskyi	50.696	25.2227
45644	Городище (Баївської)	Volynska	Lutskyi	50.7749	25.1577
45645	Воютин	Volynska	Lutskyi	50.7749	25.1577
45646	Верхівка	Volynska	Lutskyi	50.7056	25.5835
45647	Гать	Volynska	Lutskyi	50.6797	25.0354
45648	Горзвин	Volynska	Lutskyi	50.6788	24.9613
45649	Городок	Volynska	Lutskyi	51.3712	25.4736
45650	Ратнів	Volynska	Lutskyi	50.6769	25.1895
45651	Коршів	Volynska	Lutskyi	50.6737	25.1077
45652	Несвіч	Volynska	Lutskyi	50.6359	25.0982
45653	Чаруків	Volynska	Lutskyi	50.6084	25.1124
45654	Григоровичі	Volynska	Lutskyi	50.586	25.0933
45655	Чаруків	Volynska	Lutskyi	50.6084	25.1124
45656	Городище (Городищенської)	Volynska	Lutskyi	50.6494	25.0981
45658	Дубичанське	Volynska	Lutskyi	50.7563	24.9732
45660	Промінь	Volynska	Lutskyi	50.65	25.3
45661	Коршовець	Volynska	Lutskyi	50.6635	25.3373
45662	Мстишин	Volynska	Lutskyi	50.626	25.3519
45663	Лаврів	Volynska	Lutskyi	50.6168	25.255
45664	Радомишль	Volynska	Lutskyi	50.5632	25.2706
45665	Баківці	Volynska	Lutskyi	50.5909	25.2681
45671	Новостав	Volynska	Lutskyi	50.6826	25.3608
45676	Чорний Ліс	Volynska	Lutskyi	50.6253	24.9925
45678	Цеперів	Volynska	Lutskyi	50.6925	25.173
45679	Усичівські Будки	Volynska	Lutskyi	50.7293	25.0826
45680	Тертки	Volynska	Lutskyi	50.6833	25.0667
45681	Сьомаки	Volynska	Lutskyi	50.6724	25.2028
45682	Суховоля	Volynska	Lutskyi	50.5594	25.3068
45683	Сарнівка	Volynska	Lutskyi	50.7491	24.9632
45684	Романівка	Volynska	Lutskyi	50.5419	25.2167
45685	Охотин	Volynska	Lutskyi	50.7544	25.1106
45686	Олександрівка	Volynska	Lutskyi	50.743	25.1526
45687	Озеряни	Volynska	Lutskyi	50.5711	25.2283
45688	Оздів	Volynska	Lutskyi	50.6829	25.2134
45689	Новокотів	Volynska	Lutskyi	50.7667	25.5667
45690	Голишів	Volynska	Lutskyi	50.6804	25.34
45691	Буків	Volynska	Lutskyi	50.819	25.1955
45693	Заболотці	Volynska	Lutskyi	50.7936	25.0989
45694	Кошів	Volynska	Lutskyi	50.6984	24.8799
45695	Лучиці	Volynska	Lutskyi	50.6179	25.3843
45696	Мартинівка	Volynska	Lutskyi	50.5585	25.1683
45697	Милушин	Volynska	Lutskyi	50.7792	25.2462
45698	Михайлівка	Volynska	Lutskyi	50.8175	24.9974
45699	Моташівка	Volynska	Lutskyi	50.7994	25.2094
45701	Горохів	Volynska	Horokhivskyi	50.5019	24.7615
45703	Скобелка	Volynska	Horokhivskyi	50.5126	24.7832
45704	Бистровиця	Volynska	Horokhivskyi	50.5127	24.8315
45706	Буркачі	Volynska	Horokhivskyi	50.3555	25.0542
45707	Ватин	Volynska	Horokhivskyi	50.6488	24.8781
45708	Ватинець	Volynska	Horokhivskyi	50.662	24.8901
45709	Волиця-Дружкопільська	Volynska	Horokhivskyi	50.4174	24.6962
45710	Скірче	Volynska	Horokhivskyi	50.6395	24.9668
45711	Мирне	Volynska	Horokhivskyi	50.6026	24.9238
45712	Шклинь	Volynska	Horokhivskyi	50.523	25.0163
45713	Бережанка	Volynska	Horokhivskyi	50.6019	24.9757
45714	Михлин	Volynska	Horokhivskyi	50.5934	25.0363
45715	Угринів	Volynska	Horokhivskyi	50.5719	25.0507
45716	Десятина	Volynska	Horokhivskyi	50.5829	24.9536
45717	Гектари	Volynska	Horokhivskyi	50.3166	25.0966
45718	Гумнище	Volynska	Horokhivskyi	50.4147	25.1613
45719	Диковини	Volynska	Horokhivskyi	50.3837	24.9821
45720	Пустомити	Volynska	Horokhivskyi	50.5925	24.8607
45721	Рачин	Volynska	Horokhivskyi	50.5696	24.7239
45722	Озерці	Volynska	Horokhivskyi	50.5617	24.7835
45723	Вільхівка	Volynska	Horokhivskyi	50.5336	24.9266
45724	Терешківці	Volynska	Horokhivskyi	50.547	24.8589
45725	Звиняче	Volynska	Horokhivskyi	50.5007	24.9005
45726	Губин -Перший	Volynska	Horokhivskyi	50.5494	25.0458
45727	Діброва	Volynska	Horokhivskyi	50.5362	25.0063
45728	Дубова Корчма	Volynska	Horokhivskyi	50.5508	25.1191
45729	Жуковець	Volynska	Horokhivskyi	50.6635	24.9395
45730	Підбереззя	Volynska	Horokhivskyi	50.5364	24.6316
45731	Лемешів	Volynska	Horokhivskyi	50.5662	24.669
45732	Мирків	Volynska	Horokhivskyi	50.5285	24.6976
45733	Пірванче	Volynska	Horokhivskyi	50.5026	24.7026
45734	Печихвости	Volynska	Horokhivskyi	50.5039	24.6205
45735	Квасів	Volynska	Horokhivskyi	50.4432	24.6417
45736	Охлопів	Volynska	Horokhivskyi	50.4591	24.6439
45737	Журавники	Volynska	Horokhivskyi	50.4299	24.6887
45738	Ковбань	Volynska	Horokhivskyi	50.5091	24.9876
45739	Волиця-Лобачівська	Volynska	Horokhivskyi	50.4281	25.0072
45740	Холонів	Volynska	Horokhivskyi	50.4854	24.8384
45741	Цегів	Volynska	Horokhivskyi	50.4611	24.7776
45742	Борочиче	Volynska	Horokhivskyi	50.4387	24.8229
45743	Сільце	Volynska	Horokhivskyi	50.4526	24.8123
45744	Мар'янівка	Volynska	Horokhivskyi	50.4526	24.8123
45745	Галичани	Volynska	Horokhivskyi	50.4484	24.9048
45746	Брани	Volynska	Horokhivskyi	50.4102	24.7472
45747	Довгів	Volynska	Horokhivskyi	50.4264	24.7372
45748	Борисковичі	Volynska	Horokhivskyi	50.4196	24.7821
45749	Ощів	Volynska	Horokhivskyi	50.5308	24.8878
45750	Сенкевичівка	Volynska	Horokhivskyi	50.5288	25.0386
45751	Колодеже	Volynska	Horokhivskyi	50.5081	25.1038
45752	Зеленолужне	Volynska	Horokhivskyi	50.613	24.8564
45753	Жабче	Volynska	Horokhivskyi	50.4897	25.1382
45754	Новосілки	Volynska	Horokhivskyi	50.4733	25.008
45755	Горішнє	Volynska	Horokhivskyi	50.4618	25.0503
45756	Іванівка	Volynska	Horokhivskyi	50.4435	25.0489
45757	Пильгани	Volynska	Horokhivskyi	50.3692	24.8804
45758	Козятин	Volynska	Horokhivskyi	50.5779	24.6644
45759	Богунівка	Volynska	Horokhivskyi	50.4961	24.9766
45760	Лобачівка	Volynska	Horokhivskyi	50.4221	24.981
45761	Смолява	Volynska	Horokhivskyi	50.3995	25.0907
45762	Зелене	Volynska	Horokhivskyi	50.3975	25.032
45763	Перемиль	Volynska	Horokhivskyi	50.3945	25.1571
45764	Старики	Volynska	Horokhivskyi	50.3632	25.1243
45765	Берестечко	Volynska	Horokhivskyi	50.3605	25.1107
45766	Мерва	Volynska	Horokhivskyi	50.3466	25.0642
45767	Піски	Volynska	Horokhivskyi	50.3513	25.1257
45768	Ярівка	Volynska	Horokhivskyi	50.5464	24.9018
45769	Антонівка	Volynska	Horokhivskyi	50.3002	25.0895
45770	Бужани	Volynska	Horokhivskyi	50.3626	24.8149
45771	Ржищів	Volynska	Horokhivskyi	50.3497	24.7688
45772	Скригове	Volynska	Horokhivskyi	50.3557	24.9245
45775	Старостав	Volynska	Horokhivskyi	50.4887	24.8009
45776	Стрільче	Volynska	Horokhivskyi	50.5118	24.5765
45777	Уманці	Volynska	Horokhivskyi	50.617	24.8848
45778	Хмельницьке	Volynska	Horokhivskyi	50.443	24.8041
45779	Широке	Volynska	Horokhivskyi	50.4153	24.8586
45780	Загаї	Volynska	Horokhivskyi	50.6083	25.0663
45781	Кутрів	Volynska	Horokhivskyi	50.5025	24.9344
45782	Крижова	Volynska	Horokhivskyi	50.4482	24.6049
45783	Красів	Volynska	Horokhivskyi	50.4626	24.9413
45784	Кумовище	Volynska	Horokhivskyi	50.5025	24.9344
45785	Колмів	Volynska	Horokhivskyi	50.4438	25.0156
45786	Липа	Volynska	Horokhivskyi	50.435	25.1271
45787	Марковичі	Volynska	Horokhivskyi	50.5238	24.747
45788	Маруся	Volynska	Horokhivskyi	50.6158	25.0188
45789	Мислині	Volynska	Horokhivskyi	50.4825	24.9543
45790	Наталин	Volynska	Horokhivskyi	50.4893	25.0698
45791	Ниви-Губинські	Volynska	Horokhivskyi	50.5333	25.0833
45792	Новий Зборишів	Volynska	Horokhivskyi	50.4154	24.9278
45793	Новостав	Volynska	Horokhivskyi	50.4482	25.0841
45794	Полюхне	Volynska	Horokhivskyi	50.4998	24.6589
45795	Сергіївка	Volynska	Horokhivskyi	50.5054	25.1434
45796	Скабарівщина	Volynska	Horokhivskyi	50.4741	24.6595
45797	Софіївка	Volynska	Horokhivskyi	50.5517	24.935
45798	Шклинь Другий	Volynska	Horokhivskyi	50.545	24.97
88000	Ужгород	Zakarpatska	Zakarpatska	48.6167	22.3
88001	Ужгород	Zakarpatska	Zakarpatska	48.6167	22.3
88002	Ужгород	Zakarpatska	Zakarpatska	48.6167	22.3
88003	Ужгород	Zakarpatska	Zakarpatska	48.6167	22.3
88005	Ужгород	Zakarpatska	Zakarpatska	48.6167	22.3
88006	Ужгород	Zakarpatska	Zakarpatska	48.6167	22.3
88007	Ужгород	Zakarpatska	Zakarpatska	48.6167	22.3
88008	Ужгород	Zakarpatska	Zakarpatska	48.6167	22.3
88009	Ужгород	Zakarpatska	Zakarpatska	48.6167	22.3
88010	Ужгород	Zakarpatska	Zakarpatska	48.6167	22.3
88011	Ужгород	Zakarpatska	Zakarpatska	48.6167	22.3
88014	Ужгород	Zakarpatska	Zakarpatska	48.6167	22.3
88015	Ужгород	Zakarpatska	Zakarpatska	48.6167	22.3
88017	Ужгород	Zakarpatska	Zakarpatska	48.6167	22.3
88018	Ужгород	Zakarpatska	Zakarpatska	48.6167	22.3
88020	Ужгород	Zakarpatska	Zakarpatska	48.6167	22.3
89000	Забрідь (В.Березний)	Zakarpatska	Velykobereznianskyi	48.8883	22.4605
89000	Великий Березний (Великий Березний)	Zakarpatska	Velykobereznianskyi	48.8883	22.4605
89010	Стужиця (Стужиця)	Zakarpatska	Velykobereznianskyi	48.9927	22.6986
89012	Загорб (Загорб)	Zakarpatska	Velykobereznianskyi	48.9927	22.6986
89012	Жорнава (Загорб)	Zakarpatska	Velykobereznianskyi	48.9927	22.6986
89014	Ставне (Ставне)	Zakarpatska	Velykobereznianskyi	48.9927	22.6986
89014	Лубня (Лубня)	Zakarpatska	Velykobereznianskyi	48.9927	22.6986
89021	Стричава (Стричава)	Zakarpatska	Velykobereznianskyi	48.9588	22.4806
89021	Княгиня (Стричава)	Zakarpatska	Velykobereznianskyi	48.9588	22.4806
89021	Сіль (Сіль)	Zakarpatska	Velykobereznianskyi	48.9588	22.4806
89021	Домашин (Сіль)	Zakarpatska	Velykobereznianskyi	48.9588	22.4806
89022	Костронська Розтока (Кострино)	Zakarpatska	Velykobereznianskyi	48.9517	22.5875
89022	Кострино (Кострино)	Zakarpatska	Velykobereznianskyi	48.9517	22.5875
89023	Вишка (Вишка)	Zakarpatska	Velykobereznianskyi	48.9446	22.6945
89030	Верховина Бистра (Верховина Бистра)	Zakarpatska	Velykobereznianskyi	49.0106	22.7761
89030	Волосянка	Zakarpatska	Velykobereznianskyi	48.777	23.4274
89030	Луг (Волосянка)	Zakarpatska	Velykobereznianskyi	48.8938	23.1018
89030	Сухий (Тихий)	Zakarpatska	Velykobereznianskyi	48.8938	23.1018
89031	Ужок (Ужок)	Zakarpatska	Velykobereznianskyi	48.9893	22.8704
89031	Гусний (Тихий)	Zakarpatska	Velykobereznianskyi	48.9893	22.8704
89032	Тихий (Тихий)	Zakarpatska	Velykobereznianskyi	48.9259	22.8191
89033	Люта (Люта)	Zakarpatska	Velykobereznianskyi	48.8992	22.7735
89040	Завосино (Малий Березний)	Zakarpatska	Velykobereznianskyi	48.8595	22.4447
89040	Малий Березний (Малий Березний)	Zakarpatska	Velykobereznianskyi	48.8595	22.4447
89040	Мирча (Малий Березний)	Zakarpatska	Velykobereznianskyi	48.8595	22.4447
89041	Розтоцька Пастіль (Розтоцька Пастіль)	Zakarpatska	Velykobereznianskyi	48.873	22.5314
89041	Костева Пастиль (Розтоцька Пастіль)	Zakarpatska	Velykobereznianskyi	48.873	22.5314
89041	Руський Мочар (Розтоцька Пастіль)	Zakarpatska	Velykobereznianskyi	48.873	22.5314
89041	Бегентецька Пастіль (Розтоцька Пастіль)	Zakarpatska	Velykobereznianskyi	48.873	22.5314
89042	Буківцьово (Буківцьово)	Zakarpatska	Velykobereznianskyi	48.8238	22.6731
89042	Чорноголова (Чорноголова)	Zakarpatska	Velykobereznianskyi	48.8498	22.6033
89042	Смереково (Смереково)	Zakarpatska	Velykobereznianskyi	48.8002	22.6326
89100	Воловець (Воловець)	Zakarpatska	Volovetskyi	48.7109	23.1851
89100	Канора (Воловецька селищна рада)	Zakarpatska	Volovetskyi	48.7109	23.1851
89111	Котельниця (Тишівська сільська рада)	Zakarpatska	Volovetskyi	48.7109	23.1851
89111	Латірка (Білосовицька сільська рада)	Zakarpatska	Volovetskyi	48.7109	23.1851
89111	Біласовиця (Біласовицька сільська рада)	Zakarpatska	Volovetskyi	48.7109	23.1851
89112	Тишів (Тишівська сільська рада)	Zakarpatska	Volovetskyi	48.7109	23.1851
89113	Завадка (Верб'яжська сільська рада)	Zakarpatska	Volovetskyi	48.7109	23.1851
89113	Верб'яж (Верб'яжська сільська рада)	Zakarpatska	Volovetskyi	48.7109	23.1851
89114	Буковець (Буковецька сільська рада)	Zakarpatska	Volovetskyi	48.7109	23.1851
89120	Жденієво (Жденіївська селищна рада)	Zakarpatska	Volovetskyi	48.7109	23.1851
89120	Збини (Жденіївська селищна рада)	Zakarpatska	Volovetskyi	48.7109	23.1851
89120	Щербовець (Щербовецька сільська рада)	Zakarpatska	Volovetskyi	48.7109	23.1851
89120	Пашківці (Щербовецька сільська рада)	Zakarpatska	Volovetskyi	48.7109	23.1851
89121	Підполоззя (Підполозянська сільська рада)	Zakarpatska	Volovetskyi	48.7109	23.1851
89121	Абранка (Абранська сільська рада)	Zakarpatska	Volovetskyi	48.7109	23.1851
89121	Верхня Грабівниця (Підполозянська сільська рада)	Zakarpatska	Volovetskyi	48.7109	23.1851
89121	Ялове (Підполозянська сільська рада)	Zakarpatska	Volovetskyi	48.7109	23.1851
89130	Задільське (Нижньоворітська сільська рада)	Zakarpatska	Volovetskyi	48.7109	23.1851
89130	Нижні Ворота (Нижньоворітська сільська рада)	Zakarpatska	Volovetskyi	48.7109	23.1851
89131	Лази (Лазівська сільська рада)	Zakarpatska	Volovetskyi	48.7109	23.1851
89132	Верхні Ворота (Верхньоворітська сільська рада)	Zakarpatska	Volovetskyi	48.7109	23.1851
89133	Скотарське (Скотарська сільська рада)	Zakarpatska	Volovetskyi	48.7109	23.1851
89140	Гукливий (Гукливська сільська рада)	Zakarpatska	Volovetskyi	48.7109	23.1851
89141	Розтока (Розтоцька сільська рада)	Zakarpatska	Volovetskyi	48.7109	23.1851
89141	Перехресний (Розтоцька сільська рада)	Zakarpatska	Volovetskyi	48.7109	23.1851
89141	Кічерний (Розтоцька сільська рада)	Zakarpatska	Volovetskyi	48.7109	23.1851
89200	Ворочово (Ворочово)	Zakarpatska	Perechynskyi	48.7137	22.4507
89200	Перечин (Перечин)	Zakarpatska	Perechynskyi	48.7362	22.482
89203	Сімер (Сімер)	Zakarpatska	Perechynskyi	48.7331	22.5216
89210	Дубриничі (Дубриничі)	Zakarpatska	Perechynskyi	48.8022	22.4929
89210	Пастілки (Дубриничі)	Zakarpatska	Perechynskyi	48.8022	22.4929
89210	Новоселиця (Новоселиця)	Zakarpatska	Perechynskyi	48.8022	22.4929
89212	Зарічово (Зарічово)	Zakarpatska	Perechynskyi	48.7704	22.5197
89213	Сімерки (Сімерки)	Zakarpatska	Perechynskyi	48.7585	22.5775
89214	Вільшинки (Вільшинки)	Zakarpatska	Perechynskyi	48.7782	22.6491
89215	Турички (Турички)	Zakarpatska	Perechynskyi	48.7583	22.6885
89215	Лікіцари (Турички)	Zakarpatska	Perechynskyi	48.7583	22.6885
89215	Липовець (Турички)	Zakarpatska	Perechynskyi	48.7583	22.6885
89215	Лумшори (Турички)	Zakarpatska	Perechynskyi	48.7583	22.6885
89221	Тур'ї Ремети (Тур'є-Реметівська сільська рада)	Zakarpatska	Perechynskyi	48.7273	22.6388
89222	Туриця (Туриця)	Zakarpatska	Perechynskyi	48.7273	22.6388
89223	"Раково (Тур""я Пасіка)"	Zakarpatska	Perechynskyi	48.7273	22.6388
89223	"Завбуч (Тур""я Пасіка)"	Zakarpatska	Perechynskyi	48.7273	22.6388
89223	Тур'я Пасіка	Zakarpatska	Perechynskyi	48.7273	22.6388
89230	Порошково (Порошково)	Zakarpatska	Perechynskyi	48.6683	22.7533
89230	Мокра (Порошково)	Zakarpatska	Perechynskyi	48.6683	22.7533
89230	Маюрки (Порошково)	Zakarpatska	Perechynskyi	48.6683	22.7533
89231	Тур'я-Бистра	Zakarpatska	Perechynskyi	48.6574	22.8115
89231	"Свалявка (Тур""я Бистра)"	Zakarpatska	Perechynskyi	48.6574	22.8115
89232	Тур'я Поляна	Zakarpatska	Perechynskyi	48.701	22.8046
89232	"Полянська Гута (Тур""я Поляна)"	Zakarpatska	Perechynskyi	48.701	22.8046
89300	Свалява (Свалявська міська рада)	Zakarpatska	Svaliavskyi	48.7405	22.6757
89300	Ганьковиця (Ганьковицька сільська рада)	Zakarpatska	Svaliavskyi	48.7405	22.6757
89307	Драчино (Свалявська міська рада)	Zakarpatska	Svaliavskyi	48.7405	22.6757
89308	Вовчий (Неліпинська сільська рада)	Zakarpatska	Svaliavskyi	48.7405	22.6757
89308	Сасівка (Неліпинська сільська рада)	Zakarpatska	Svaliavskyi	48.7405	22.6757
89308	Неліпино (Неліпинська сільська рада)	Zakarpatska	Svaliavskyi	48.7405	22.6757
89310	Родниківка (Родниківська сільська рада)	Zakarpatska	Svaliavskyi	48.7405	22.6757
89310	Родникова Гута (Родниківська сільська рада)	Zakarpatska	Svaliavskyi	48.7405	22.6757
89311	Плоске (Плосківська сільська рада)	Zakarpatska	Svaliavskyi	48.7405	22.6757
89311	Яківське (Плосківська сільська рада)	Zakarpatska	Svaliavskyi	48.7405	22.6757
89311	Павлово (Плосківська сільська рада)	Zakarpatska	Svaliavskyi	48.7405	22.6757
89311	Оленево (Плосківська сільська рада)	Zakarpatska	Svaliavskyi	48.7405	22.6757
89311	Плоский Потік (Плосківська сільська рада)	Zakarpatska	Svaliavskyi	48.7405	22.6757
89313	Поляна (Полянська сільська рада)	Zakarpatska	Svaliavskyi	48.7405	22.6757
89313	Уклін (Полянська сільська рада)	Zakarpatska	Svaliavskyi	48.7405	22.6757
89320	Голубинне (Голубинська сільська рада)	Zakarpatska	Svaliavskyi	48.7405	22.6757
89321	Солочин (Солочинська сільська рада)	Zakarpatska	Svaliavskyi	48.7405	22.6757
89322	Сусково (Сусківська сільська рада)	Zakarpatska	Svaliavskyi	48.7405	22.6757
89323	Пасіка (Сусківська сільська рада)	Zakarpatska	Svaliavskyi	48.7405	22.6757
89325	Голубинне (Голубинська сільська рада)	Zakarpatska	Svaliavskyi	48.7405	22.6757
89330	Мала Мартинка (Тибавська сільська рада)	Zakarpatska	Svaliavskyi	48.7405	22.6757
89330	Тибава (Тибавська сільська рада)	Zakarpatska	Svaliavskyi	48.7405	22.6757
89331	Черник (Стройненська сільська рада)	Zakarpatska	Svaliavskyi	48.7405	22.6757
89331	Стройне (Стройненська сільська рада)	Zakarpatska	Svaliavskyi	48.7405	22.6757
89332	Дусино (Дусинська сільська рада)	Zakarpatska	Svaliavskyi	48.7405	22.6757
89332	Лопушанка (Дусинська сільська рада)	Zakarpatska	Svaliavskyi	48.7405	22.6757
89332	Плав'є (Дусинська сільська рада)	Zakarpatska	Svaliavskyi	48.7405	22.6757
89333	Росош (Дусинська сільська рада)	Zakarpatska	Svaliavskyi	48.7405	22.6757
89334	Керецьки (Керецьківська сільська рада)	Zakarpatska	Svaliavskyi	48.7405	22.6757
89335	Березники (Березниківська сільська рада)	Zakarpatska	Svaliavskyi	48.7405	22.6757
89411	Кам'яниця (Кам'яницька сільська рада)	Zakarpatska	Uzhhorodskyi	48.7405	22.6757
89411	Невицьке (Невицька сільська рада)	Zakarpatska	Uzhhorodskyi	48.7405	22.6757
89411	Гута (Кам'яницька сільська рада)	Zakarpatska	Uzhhorodskyi	48.7405	22.6757
89412	Оріховиця (Оноківська сільська рада)	Zakarpatska	Uzhhorodskyi	48.7405	22.6757
89412	Оноківці (Оноківська сільська рада)	Zakarpatska	Uzhhorodskyi	48.7405	22.6757
89414	Стрипа (Яроцька сільська рада)	Zakarpatska	Uzhhorodskyi	48.7405	22.6757
89414	Циганівці (Великолазівська сільська рада)	Zakarpatska	Uzhhorodskyi	48.7405	22.6757
89414	Ярок (Яроцька сільська рада)	Zakarpatska	Uzhhorodskyi	48.7405	22.6757
89415	Худльово (Худлівська сільська рада)	Zakarpatska	Uzhhorodskyi	48.7405	22.6757
89415	Верхнє Солотвино (Худлівська сільська рада)	Zakarpatska	Uzhhorodskyi	48.7405	22.6757
89420	Тарнівці (Тарновецька сільська рада)	Zakarpatska	Uzhhorodskyi	48.7405	22.6757
89420	Шишлівці (Тарновецька сільська рада)	Zakarpatska	Uzhhorodskyi	48.7405	22.6757
89420	Ботфалва (Тарновецька сільська рада)	Zakarpatska	Uzhhorodskyi	48.7405	22.6757
89421	Сторожниця (Сторожницька сільська рада)	Zakarpatska	Uzhhorodskyi	48.7405	22.6757
89422	Холмок (Холмківська сільська рада)	Zakarpatska	Uzhhorodskyi	48.7405	22.6757
89423	Концово (Холмківська сільська рада)	Zakarpatska	Uzhhorodskyi	48.7405	22.6757
89424	Розівка (Холмківська сільська рада)	Zakarpatska	Uzhhorodskyi	48.7405	22.6757
89425	Підгорб (Баранинська сільська рада)	Zakarpatska	Uzhhorodskyi	48.7405	22.6757
89425	Баранинці (Баранинська cільська рада)	Zakarpatska	Uzhhorodskyi	48.7405	22.6757
89425	Барвінок (Баранинська cільська рада)	Zakarpatska	Uzhhorodskyi	48.7405	22.6757
89427	Минай (Холмківська сільська рада)	Zakarpatska	Uzhhorodskyi	48.7405	22.6757
89430	Батфа (Галоцька сільська рада)	Zakarpatska	Uzhhorodskyi	48.7405	22.6757
89430	Палло (Галоцька сільська рада)	Zakarpatska	Uzhhorodskyi	48.7405	22.6757
89430	Галоч (Галоцька сільська рада)	Zakarpatska	Uzhhorodskyi	48.7405	22.6757
89431	Паладь-Комарівці (Паладь-Комарівська сільська рада)	Zakarpatska	Uzhhorodskyi	48.7405	22.6757
89431	Малі Селменці (Паладь-Комарівська сільська рада)	Zakarpatska	Uzhhorodskyi	48.7405	22.6757
89432	Сюрте (Сюртянська сільська рада)	Zakarpatska	Uzhhorodskyi	48.7405	22.6757
89432	Тийглаш (Сюртянська сільська рада)	Zakarpatska	Uzhhorodskyi	48.7405	22.6757
89433	Ратовці (Ратовецька сільська рада)	Zakarpatska	Uzhhorodskyi	48.7405	22.6757
89434	Довге Поле (Баранинська сільська рада)	Zakarpatska	Uzhhorodskyi	48.7405	22.6757
89434	Малі Геївці (Великогеєвецька сільська рада)	Zakarpatska	Uzhhorodskyi	48.7405	22.6757
89434	Великі Геївці (Великогеєвецька сільська рада)	Zakarpatska	Uzhhorodskyi	48.7405	22.6757
89434	Руські Геївці (Великогеєвецька сільська рада)	Zakarpatska	Uzhhorodskyi	48.7405	22.6757
89435	Коритняни (Коритнянська сільська рада)	Zakarpatska	Uzhhorodskyi	48.7405	22.6757
89435	Кінчеш (Коритнянська сільська рада)	Zakarpatska	Uzhhorodskyi	48.7405	22.6757
89435	Часлівці (Коритнянська сільська рада)	Zakarpatska	Uzhhorodskyi	48.7405	22.6757
89440	Великі Лази (Великолазівська сільська рада)	Zakarpatska	Uzhhorodskyi	48.7405	22.6757
89441	Глибоке (Руськокомарівська сільська рада)	Zakarpatska	Uzhhorodskyi	48.7405	22.6757
89441	Нижнє Солотвино (Руськокомарівська сільська рада)	Zakarpatska	Uzhhorodskyi	48.7405	22.6757
89443	Руські Комарівці (Руськокомарівська сільська рада)	Zakarpatska	Uzhhorodskyi	48.7405	22.6757
89444	Холмці (Холмецька сільська рада)	Zakarpatska	Uzhhorodskyi	48.7405	22.6757
89445	Дубрівка (Дубрівська сільська рада)	Zakarpatska	Uzhhorodskyi	48.7405	22.6757
89450	Кибляри (Киблярівська сільська рада)	Zakarpatska	Uzhhorodskyi	48.7405	22.6757
89450	Гайдош (Киблярівська сільська рада)	Zakarpatska	Uzhhorodskyi	48.7405	22.6757
89450	Лінці (Киблярівська сільська рада)	Zakarpatska	Uzhhorodskyi	48.7405	22.6757
89451	Пацканьово (Пацканівська сільська рада)	Zakarpatska	Uzhhorodskyi	48.7405	22.6757
89452	Чертеж (Худлівська сільська рада)	Zakarpatska	Uzhhorodskyi	48.7405	22.6757
89452	Ляхівці (Худлівська сільська рада)	Zakarpatska	Uzhhorodskyi	48.7405	22.6757
89452	Вовкове (Середнянська селищна рада)	Zakarpatska	Uzhhorodskyi	48.7405	22.6757
89452	Середнє (Середнянська селищна рада)	Zakarpatska	Uzhhorodskyi	48.7405	22.6757
89453	Ірлява (Ірлявська сільська рада)	Zakarpatska	Uzhhorodskyi	48.7405	22.6757
89454	Андріївка (Ірлявська cільська рада)	Zakarpatska	Uzhhorodskyi	48.7405	22.6757
89455	Чабанівка (Ірлявська сільська рада)	Zakarpatska	Uzhhorodskyi	48.7405	22.6757
89460	Соломоново (Соломонівська сільська рада)	Zakarpatska	Uzhhorodskyi	48.7405	22.6757
89461	Тисауйфалу (Тисаашванська сільська рада)	Zakarpatska	Uzhhorodskyi	48.7405	22.6757
89461	Есень (Есеньська сільська рада)	Zakarpatska	Uzhhorodskyi	48.7405	22.6757
89461	Петрівка (Соловківська сільська рада)	Zakarpatska	Uzhhorodskyi	48.7405	22.6757
89461	Червоне (Червонівська сільська рада)	Zakarpatska	Uzhhorodskyi	48.7405	22.6757
89462	Соловка (Соловківська сільська рада)	Zakarpatska	Uzhhorodskyi	48.7405	22.6757
89463	Велика Добронь (Великодобронська сільська рада)	Zakarpatska	Uzhhorodskyi	48.7405	22.6757
89464	Тисаагтелек (Малодобронська сільська рада)	Zakarpatska	Uzhhorodskyi	48.7405	22.6757
89464	Демечі (Малодобронська сільська рада)	Zakarpatska	Uzhhorodskyi	48.7405	22.6757
89464	Мала Добронь (Малодобронська)	Zakarpatska	Uzhhorodskyi	48.7405	22.6757
89471	Анталовці (Худлівська cільська рада)	Zakarpatska	Uzhhorodskyi	48.7405	22.6757
89502	Чоп	Zakarpatska	Chop	48.432	22.2055
89502	Тисаашвань (Тисаашванська сільська рада)	Zakarpatska	Uzhhorodskyi	48.432	22.2055
89600	Мукачеве	Zakarpatska	Mukachivskyi	48.4392	22.7178
89600	Павшино (Павшинська сільська рада)	Zakarpatska	Mukachivskyi	48.4392	22.7178
89601	Мукачеве	Zakarpatska	Mukachivskyi	48.4392	22.7178
89602	Мукачеве	Zakarpatska	Mukachivskyi	48.4392	22.7178
89607	Мукачеве	Zakarpatska	Mukachivskyi	48.4392	22.7178
89608	Мукачеве	Zakarpatska	Mukachivskyi	48.4392	22.7178
89611	Коноплівці (Кольчинська селищна рада)	Zakarpatska	Mukachivskyi	48.4392	22.7178
89611	Мукачеве	Zakarpatska	Mukachivskyi	48.4392	22.7178
89620	Руське (Ракошинська сільська рада)	Zakarpatska	Mukachivskyi	48.4392	22.7178
89620	Кайданово (Ракошинська сільська рада)	Zakarpatska	Mukachivskyi	48.4392	22.7178
89620	Бенедиківці (Ракошинська сільська рада)	Zakarpatska	Mukachivskyi	48.4392	22.7178
89620	Ракошино (Ракошинська сільська рада)	Zakarpatska	Mukachivskyi	48.4392	22.7178
89620	Чопівці (Ракошинська сільська рада)	Zakarpatska	Mukachivskyi	48.4392	22.7178
89620	Домбоки (Ракошинська сільська рада)	Zakarpatska	Mukachivskyi	48.4392	22.7178
89622	Іванівці (Івановецька сільська рада)	Zakarpatska	Mukachivskyi	48.4392	22.7178
89622	Старе Давидкове (Івановецька сільська рада)	Zakarpatska	Mukachivskyi	48.4392	22.7178
89623	Клячаново (Івановецька сільська рада)	Zakarpatska	Mukachivskyi	48.4392	22.7178
89624	Нове Давидково (Новодавидківська сільська рада)	Zakarpatska	Mukachivskyi	48.4392	22.7178
89625	Великі Лучки (Великолучківська сільська рада)	Zakarpatska	Mukachivskyi	48.4392	22.7178
89626	Ключарки (Ключарківська сільська рада)	Zakarpatska	Mukachivskyi	48.4392	22.7178
89630	Пузняківці (Пузняковецька сільська рада)	Zakarpatska	Mukachivskyi	48.4392	22.7178
89630	Грабово (Пузняковецька сільська рада)	Zakarpatska	Mukachivskyi	48.4392	22.7178
89630	Тростяниця (Пузняковецька сільська рада)	Zakarpatska	Mukachivskyi	48.4392	22.7178
89630	Герцівці (Пузняковецька сільська рада)	Zakarpatska	Mukachivskyi	48.4392	22.7178
89630	Крите (Пузняковецька  сільська рада)	Zakarpatska	Mukachivskyi	48.4392	22.7178
89631	Микулівці (Копиновецька сільська рада)	Zakarpatska	Mukachivskyi	48.4392	22.7178
89631	Копинівці (Копиновецька сільська рада)	Zakarpatska	Mukachivskyi	48.4392	22.7178
89631	Щасливе (Копиновецька сільська рада)	Zakarpatska	Mukachivskyi	48.4392	22.7178
89631	Ростов'яниця (Копиновецька сільська рада)	Zakarpatska	Mukachivskyi	48.4392	22.7178
89632	Грибівці (Бобовищенська сільська рада)	Zakarpatska	Mukachivskyi	48.4392	22.7178
89632	Ільківці (Бобовищенська сільська рада)	Zakarpatska	Mukachivskyi	48.4392	22.7178
89632	Бобовище (Бобовищенська сільська рада)	Zakarpatska	Mukachivskyi	48.4392	22.7178
89633	Кузьмино (Кальницька сільська рада)	Zakarpatska	Mukachivskyi	48.4392	22.7178
89633	Шкуратівці (Кальницька сільська рада)	Zakarpatska	Mukachivskyi	48.4392	22.7178
89633	Кальник (Кальницька сільська рада)	Zakarpatska	Mukachivskyi	48.4392	22.7178
89633	Медведівці (Кальницька сільська рада)	Zakarpatska	Mukachivskyi	48.4392	22.7178
89633	Руська Кучава (Кальницька сільська рада)	Zakarpatska	Mukachivskyi	48.4392	22.7178
89634	Череївці (Лохівська сільська рада)	Zakarpatska	Mukachivskyi	48.4392	22.7178
89634	Жуково (Жуківська сільська рада)	Zakarpatska	Mukachivskyi	48.4392	22.7178
89634	Лохово (Лохівська сільська рада)	Zakarpatska	Mukachivskyi	48.4392	22.7178
89635	Лавки (Лавківська сільська рада)	Zakarpatska	Mukachivskyi	48.4392	22.7178
89636	Жборівці (Кольчинська селищна рада)	Zakarpatska	Mukachivskyi	48.4392	22.7178
89636	Кольчино (Кольчинська селищна рада)	Zakarpatska	Mukachivskyi	48.4392	22.7178
89636	Кленовець (Кольчинська селищна рада)	Zakarpatska	Mukachivskyi	48.4392	22.7178
89640	Чинадієво (Чинадіївська селищна рада)	Zakarpatska	Mukachivskyi	48.4392	22.7178
89641	Карпати (Чинадіївська селищна рада)	Zakarpatska	Mukachivskyi	48.4392	22.7178
89642	Синяк (Чинадіївська селищна рада)	Zakarpatska	Mukachivskyi	48.4392	22.7178
89643	Чабин (Обавська сільська рада)	Zakarpatska	Mukachivskyi	48.4392	22.7178
89643	Обава (Обавська сільська рада)	Zakarpatska	Mukachivskyi	48.4392	22.7178
89643	Дубино (Обавська сільська рада)	Zakarpatska	Mukachivskyi	48.4392	22.7178
89643	Косино (Обавська сільська рада)	Zakarpatska	Mukachivskyi	48.4392	22.7178
89644	Клочки (Верхньовизницька сільська рада)	Zakarpatska	Mukachivskyi	48.4392	22.7178
89644	Лісарня (Верхньовизницька сільська рада)	Zakarpatska	Mukachivskyi	48.4392	22.7178
89644	Верхня Визниця (Верхньовизницька сільська рада)	Zakarpatska	Mukachivskyi	48.4392	22.7178
89645	Вільховиця (Бистрицька сільська рада)	Zakarpatska	Mukachivskyi	48.4392	22.7178
89645	Плоскановиця (Брестівська сільська рада)	Zakarpatska	Mukachivskyi	48.4392	22.7178
89645	Брестів (Брестівська сільська рада)	Zakarpatska	Mukachivskyi	48.4392	22.7178
89645	Бистриця (Бистрицька сільська рада)	Zakarpatska	Mukachivskyi	48.4392	22.7178
89650	Драгиня (Зняцівська сільська рада)	Zakarpatska	Mukachivskyi	48.4392	22.7178
89650	Зняцьово (Зняцівська сільська рада)	Zakarpatska	Mukachivskyi	48.4392	22.7178
89650	Кінлодь (Зняцівська сільська рада)	Zakarpatska	Mukachivskyi	48.4392	22.7178
89650	Вінково (Зняцівська сільська рада)	Zakarpatska	Mukachivskyi	48.4392	22.7178
89651	Червеньово (Зняцівська сільська рада)	Zakarpatska	Mukachivskyi	48.4392	22.7178
89652	Чомонин (Чомонинська сільська рада)	Zakarpatska	Mukachivskyi	48.4392	22.7178
89653	Серне (Сернянська сільська рада)	Zakarpatska	Mukachivskyi	48.4392	22.7178
89654	Баркасово (Сернянська сільська рада)	Zakarpatska	Mukachivskyi	48.4392	22.7178
89655	Страбичово (Страбичівська сільська рада)	Zakarpatska	Mukachivskyi	48.4392	22.7178
89656	Горонда (Горондівська сільська рада)	Zakarpatska	Mukachivskyi	48.4392	22.7178
89657	Жнятино (Жнятинська сільська рада)	Zakarpatska	Mukachivskyi	48.4392	22.7178
89660	Кучава (Верхньокоропецька сільська рада)	Zakarpatska	Mukachivskyi	48.4392	22.7178
89660	Буковинка (Верхньокоропецька сільська рада)	Zakarpatska	Mukachivskyi	48.4392	22.7178
89660	Куштановиця (Верхньокоропецька сільська рада)	Zakarpatska	Mukachivskyi	48.4392	22.7178
89660	Верхній Коропець (Верхньокоропецька сільська рада)	Zakarpatska	Mukachivskyi	48.4392	22.7178
89663	Ділок (Бабичівська сільська рада)	Zakarpatska	Mukachivskyi	48.4392	22.7178
89663	Лецовиця (Брестівська сільська рада)	Zakarpatska	Mukachivskyi	48.4392	22.7178
89663	Бабичі (Бабичівська сільська рада)	Zakarpatska	Mukachivskyi	48.4392	22.7178
89664	Зубівка (Зубівська сільська рада)	Zakarpatska	Mukachivskyi	48.4392	22.7178
89664	Лалово (Лалівська сільська рада)	Zakarpatska	Mukachivskyi	48.4392	22.7178
89664	Пістрялово (Пістрялівська сільська рада)	Zakarpatska	Mukachivskyi	48.4392	22.7178
89664	Софія (Зубівська сільська рада)	Zakarpatska	Mukachivskyi	48.4392	22.7178
89664	Березинка (Лалівська сільська рада)	Zakarpatska	Mukachivskyi	48.4392	22.7178
89666	Новоселиця (Яблунівська сільська рада)	Zakarpatska	Mukachivskyi	48.4392	22.7178
89666	Яблунів (Яблунівська сільська рада)	Zakarpatska	Mukachivskyi	48.4392	22.7178
89666	Гандеровиця (Станівська сільська рада)	Zakarpatska	Mukachivskyi	48.4392	22.7178
89667	Завидово (Завидівська сільська рада)	Zakarpatska	Mukachivskyi	48.4392	22.7178
89668	Станово (Станівська сільська рада)	Zakarpatska	Mukachivskyi	48.4392	22.7178
89670	Шенборн (Шенборська сільська рада)	Zakarpatska	Mukachivskyi	48.4392	22.7178
89670	Нижній Коропець (Нижньокоропецька сільська рада)	Zakarpatska	Mukachivskyi	48.4392	22.7178
89671	Дерцен (Дерценська сільська рада)	Zakarpatska	Mukachivskyi	48.4392	22.7178
89672	Форнош (Форношська сільська рада)	Zakarpatska	Mukachivskyi	48.4392	22.7178
89675	Ромочевиця (Залужанська сільська рада)	Zakarpatska	Mukachivskyi	48.4392	22.7178
89675	Залужжя (Залужанська сільська рада)	Zakarpatska	Mukachivskyi	48.4392	22.7178
89676	Макарьово (Макарівська сільська рада)	Zakarpatska	Mukachivskyi	48.4392	22.7178
89677	Барбово (Макарівська сільська рада)	Zakarpatska	Mukachivskyi	48.4392	22.7178
90000	Міжгір'я (Міжгірська селищна рада)	Zakarpatska	Mizhhirskyi	48.1924	22.9716
90000	Стригальня (Міжгірська селищна рада)	Zakarpatska	Mizhhirskyi	48.1924	22.9716
90005	Запереділля (Міжгірська селищна рада)	Zakarpatska	Mizhhirskyi	48.1924	22.9716
90010	Верхній Студений (Нижньостуденівська сільська рада)	Zakarpatska	Mizhhirskyi	48.1924	22.9716
90010	Нижній Студений (Нижньостуденівська сільська рада)	Zakarpatska	Mizhhirskyi	48.1924	22.9716
90011	Подобовець (Пилипецька сільська рада)	Zakarpatska	Mizhhirskyi	48.1924	22.9716
90011	Пилипець (Пилипецька сільська рада)	Zakarpatska	Mizhhirskyi	48.1924	22.9716
90011	Розтока (Пилипецька сільська рада)	Zakarpatska	Mizhhirskyi	48.1924	22.9716
90012	Рекіти (Лісковецька сільська рада)	Zakarpatska	Mizhhirskyi	48.1924	22.9716
90012	Лісковець (Лісковецька сільська рада)	Zakarpatska	Mizhhirskyi	48.1924	22.9716
90013	Новоселиця (Новоселицька сільська рада)	Zakarpatska	Mizhhirskyi	48.1924	22.9716
90014	Присліп (Присліпська сільська рада)	Zakarpatska	Mizhhirskyi	48.1924	22.9716
90014	Завійка (Присліпська сільська рада)	Zakarpatska	Mizhhirskyi	48.1924	22.9716
90014	Тітківці (Присліпська сільська рада)	Zakarpatska	Mizhhirskyi	48.1924	22.9716
90015	Торунь (Торунська сільська рада)	Zakarpatska	Mizhhirskyi	48.1924	22.9716
90015	Лопушне (Торунська сільська рада)	Zakarpatska	Mizhhirskyi	48.1924	22.9716
90020	Ізки (Ізківська сільська рада)	Zakarpatska	Mizhhirskyi	48.1924	22.9716
90021	Потік (Буковецька сільська рада)	Zakarpatska	Mizhhirskyi	48.1924	22.9716
90021	Буковець (Буковецька сільська рада)	Zakarpatska	Mizhhirskyi	48.1924	22.9716
90022	Келечин (Келечинська сільська рада)	Zakarpatska	Mizhhirskyi	48.1924	22.9716
90023	Голятин (Голятинська сільська рада)	Zakarpatska	Mizhhirskyi	48.1924	22.9716
90024	Майдан (Майданська сільська рада)	Zakarpatska	Mizhhirskyi	48.1924	22.9716
90024	Косів Верх (Негровецька сільська рада)	Zakarpatska	Mizhhirskyi	48.1924	22.9716
90025	Верхній Бистрий (Верхньобистрянська сільська рада)	Zakarpatska	Mizhhirskyi	48.1924	22.9716
90030	Річка (Річківська сільська рада)	Zakarpatska	Mizhhirskyi	48.1924	22.9716
90031	Тюшка (Тюшківська сільська рада)	Zakarpatska	Mizhhirskyi	48.1924	22.9716
90032	Репинне (Репинська сільська рада)	Zakarpatska	Mizhhirskyi	48.1924	22.9716
90032	Сухий (Репинська сільська рада)	Zakarpatska	Mizhhirskyi	48.1924	22.9716
90032	Діл (Репинська сільська рада)	Zakarpatska	Mizhhirskyi	48.1924	22.9716
90033	Сойми (Соймівська сільська рада)	Zakarpatska	Mizhhirskyi	48.1924	22.9716
90034	Сопки (Лозянська сільська рада)	Zakarpatska	Mizhhirskyi	48.1924	22.9716
90034	Лозянський (Лозянська сільська рада)	Zakarpatska	Mizhhirskyi	48.1924	22.9716
90040	Загорб (Синевирсько-Полянська сільська рада)	Zakarpatska	Mizhhirskyi	48.1924	22.9716
90040	Синевирська Поляна (Синевирсько-Полянська сільська рада)	Zakarpatska	Mizhhirskyi	48.1924	22.9716
90040	Береги (Синевирсько-Полянська сільська рада)	Zakarpatska	Mizhhirskyi	48.1924	22.9716
90040	Свобода (Синевирсько-Полянська сільська рада)	Zakarpatska	Mizhhirskyi	48.1924	22.9716
90041	Синевир (Синевирська сільська рада)	Zakarpatska	Mizhhirskyi	48.1924	22.9716
90041	Заверхня Кичера (Синевирська сільська рада)	Zakarpatska	Mizhhirskyi	48.1924	22.9716
90042	Негровець (Негровецька сільська рада)	Zakarpatska	Mizhhirskyi	48.1924	22.9716
90043	Мерешор (Колочавська сільська рада)	Zakarpatska	Mizhhirskyi	48.1924	22.9716
90043	Колочава (Колочавська сільська рада)	Zakarpatska	Mizhhirskyi	48.1924	22.9716
90043	Горб (Колочавська сільська рада)	Zakarpatska	Mizhhirskyi	48.1924	22.9716
90044	Колочава (Колочавська сільська рада)	Zakarpatska	Mizhhirskyi	48.1924	22.9716
90046	Підчумаль (Вучківська сільська рада)	Zakarpatska	Mizhhirskyi	48.1924	22.9716
90046	Вучкове (Вучківська сільська рада)	Zakarpatska	Mizhhirskyi	48.1924	22.9716
90100	Іршава (Іршавська міська рада)	Zakarpatska	Irshavskyi	48.1924	22.9716
90110	Чорний Потік (Чорнопотіцька сільська рада)	Zakarpatska	Irshavskyi	48.1924	22.9716
90110	Смологовиця (Чорнопотіцька сільська рада)	Zakarpatska	Irshavskyi	48.1924	22.9716
90110	Локіть (Чорнопотіцька сільська рада)	Zakarpatska	Irshavskyi	48.1924	22.9716
90110	Крайня Мартинка (Чорнопотіцька сільська рада)	Zakarpatska	Irshavskyi	48.1924	22.9716
90111	Підгірне (Чорнопотіцька сільська рада)	Zakarpatska	Irshavskyi	48.1924	22.9716
90112	Загаття (Загатянська сільська рада)	Zakarpatska	Irshavskyi	48.1924	22.9716
90112	Кобалевиця (Загатянська сільська рада)	Zakarpatska	Irshavskyi	48.1924	22.9716
90112	Дуби (Загатянська сільська рада)	Zakarpatska	Irshavskyi	48.1924	22.9716
90112	Івашковиця (Загатянська сільська рада)	Zakarpatska	Irshavskyi	48.1924	22.9716
90112	Климовиця (Загатянська сільська рада)	Zakarpatska	Irshavskyi	48.1924	22.9716
90113	Доробратово (Доробратівська сільська рада)	Zakarpatska	Irshavskyi	48.1924	22.9716
90114	Негрово (Негрівська сільська рада)	Zakarpatska	Irshavskyi	48.1924	22.9716
90115	Брід (Брідська сільська рада)	Zakarpatska	Irshavskyi	48.1924	22.9716
90115	Дешковиця (Брідська сільська рада)	Zakarpatska	Irshavskyi	48.1924	22.9716
90119	Горбок (Доробратівська сільська рада)	Zakarpatska	Irshavskyi	48.1924	22.9716
90120	Арданово (Арданівська сільська рада)	Zakarpatska	Irshavskyi	48.1924	22.9716
90121	Дунковиця (Арданівська сільська рада)	Zakarpatska	Irshavskyi	48.1924	22.9716
90122	Мідяниця (Арданівська сільська рада)	Zakarpatska	Irshavskyi	48.1924	22.9716
90124	Сільце (Сілецька сільська рада)	Zakarpatska	Irshavskyi	48.1924	22.9716
90124	Заріччя (Зарічанська сільська рада)	Zakarpatska	Irshavskyi	48.1924	22.9716
90125	"Богаревиця (Кам""янська сільська рада)"	Zakarpatska	Irshavskyi	48.1924	22.9716
90125	Кам'янське (Кам'янська сільська рада)	Zakarpatska	Irshavskyi	48.1924	22.9716
90126	Воловиця (Кам'янська сільська рада)	Zakarpatska	Irshavskyi	48.1924	22.9716
90126	Хмільник (Кам'янська сільська рада)	Zakarpatska	Irshavskyi	48.1924	22.9716
90130	Ільниця (Ільницька сільська рада)	Zakarpatska	Irshavskyi	48.1924	22.9716
90131	Осій (Осійська сільська рада)	Zakarpatska	Irshavskyi	48.1924	22.9716
90132	Білки (Білківська сільська рада)	Zakarpatska	Irshavskyi	48.1924	22.9716
90133	Дубрівка (Дубрівська сільська рада)	Zakarpatska	Irshavskyi	48.1924	22.9716
90133	Велика Розтока (Дубрівська сільська рада)	Zakarpatska	Irshavskyi	48.1924	22.9716
90133	Мала Розтока (Дубрівська сільська рада)	Zakarpatska	Irshavskyi	48.1924	22.9716
90134	Імстичово (Імстичівська сільська рада)	Zakarpatska	Irshavskyi	48.1924	22.9716
90140	Гребля (Греблянська сільська рада)	Zakarpatska	Irshavskyi	48.1924	22.9716
90141	Нижнє Болотне (Вільхівська сільська рада)	Zakarpatska	Irshavskyi	48.1924	22.9716
90141	Вільхівка (Вільхівська сільська рада)	Zakarpatska	Irshavskyi	48.1924	22.9716
90143	Заболотне (Великораковецька сільська рада)	Zakarpatska	Irshavskyi	48.1924	22.9716
90143	Великий Раковець (Великораковецька сільська рада)	Zakarpatska	Irshavskyi	48.1924	22.9716
90144	Малий Раковець (Малораковецька сільська рада)	Zakarpatska	Irshavskyi	48.1924	22.9716
90150	Лисичово (Лисичівська сільська рада)	Zakarpatska	Irshavskyi	48.1924	22.9716
90151	Кушниця (Кушницька сільська рада)	Zakarpatska	Irshavskyi	48.1924	22.9716
90152	Бронька (Броньківська сільська рада)	Zakarpatska	Irshavskyi	48.1924	22.9716
90153	Суха (Броньківська сільська рада)	Zakarpatska	Irshavskyi	48.1924	22.9716
90154	Довге (Довжанська сільська рада)	Zakarpatska	Irshavskyi	48.1924	22.9716
90155	Приборжавське (Приборжавська сільська рада)	Zakarpatska	Irshavskyi	48.1924	22.9716
90156	Луково (Луківська сільська рада)	Zakarpatska	Irshavskyi	48.1924	22.9716
90157	Собатин (Іршавська міська рада)	Zakarpatska	Irshavskyi	48.1924	22.9716
90157	Лоза (Лозянська сільська рада)	Zakarpatska	Irshavskyi	48.1924	22.9716
90201	Берегове	Zakarpatska	Berehivskyi	48.2056	22.6442
90202	Берегове	Zakarpatska	Berehivskyi	48.2056	22.6442
90204	Астей (Мочолянська сільська рада)	Zakarpatska	Berehivskyi	48.2056	22.6442
90205	Затишне (міськрада м.Берегове)	Zakarpatska	Berehivskyi	48.2056	22.6442
90210	Данилівка (Свободянська сільська рада)	Zakarpatska	Berehivskyi	48.2056	22.6442
90210	Свобода (Свободянська сільська рада)	Zakarpatska	Berehivskyi	48.2056	22.6442
90210	Бадів (Свободянська сільська рада)	Zakarpatska	Berehivskyi	48.2056	22.6442
90211	Бакош (Свободянська сільська рада)	Zakarpatska	Berehivskyi	48.2056	22.6442
90212	Батьово (Батівська селищна рада)	Zakarpatska	Berehivskyi	48.2056	22.6442
90213	Батрадь (Батрадівська сільська рада)	Zakarpatska	Berehivskyi	48.2056	22.6442
90214	Горонглаб (Батрадівська сільська рада)	Zakarpatska	Berehivskyi	48.2056	22.6442
90220	Каштаново (Шомська сільська рада)	Zakarpatska	Berehivskyi	48.2056	22.6442
90220	Шом (Шомівська сільська рада)	Zakarpatska	Berehivskyi	48.2056	22.6442
90221	Мале Попове (Попівська сільська рада)	Zakarpatska	Berehivskyi	48.2056	22.6442
90221	Попово (Попівська сільська рада)	Zakarpatska	Berehivskyi	48.2056	22.6442
90222	Гетен (Попівська сільська рада)	Zakarpatska	Berehivskyi	48.2056	22.6442
90223	Косонь (Косоньська сільська рада)	Zakarpatska	Berehivskyi	48.2056	22.6442
90224	Запсонь (Запсонська сільська рада)	Zakarpatska	Berehivskyi	48.2056	22.6442
90225	Рафайлово (Рафайлівська сільська рада)	Zakarpatska	Berehivskyi	48.2056	22.6442
90230	Гут (Гутівська сільська рада)	Zakarpatska	Berehivskyi	48.2056	22.6442
90231	Гать (Гатянська сільська рада)	Zakarpatska	Berehivskyi	48.2056	22.6442
90232	Велика Бийгань (Великобийганська сільська рада)	Zakarpatska	Berehivskyi	48.2056	22.6442
90233	Яноші (Яношівська сільська рада)	Zakarpatska	Berehivskyi	48.2056	22.6442
90233	Баланжер (Яношівська сільська рада)	Zakarpatska	Berehivskyi	48.2056	22.6442
90234	Дийда (Дийдянська сільська рада)	Zakarpatska	Berehivskyi	48.2056	22.6442
90235	Мала Бийгань (Великобийганська сільська рада)	Zakarpatska	Berehivskyi	48.2056	22.6442
90236	Чікош-Горонда (Гатянська сільська рада)	Zakarpatska	Berehivskyi	48.2056	22.6442
90240	Берегуйфалу (Берегуйфалівська сільська рада)	Zakarpatska	Berehivskyi	48.2056	22.6442
90241	Верхні Ремети (Нижньореметівська сільська рада)	Zakarpatska	Berehivskyi	48.2056	22.6442
90241	Нижні Ремети (Нижньореметівська сільська рада)	Zakarpatska	Berehivskyi	48.2056	22.6442
90242	Великі Береги (Великоберезька сільська рада)	Zakarpatska	Berehivskyi	48.2056	22.6442
90243	Кідьош (Кідьошська сільська рада)	Zakarpatska	Berehivskyi	48.2056	22.6442
90248	Чома (Чомська сільська рада)	Zakarpatska	Berehivskyi	48.2056	22.6442
90249	Гуняді (Мочолянська сільська рада)	Zakarpatska	Berehivskyi	48.2056	22.6442
90250	Мочола (Мочолянська сільська рада)	Zakarpatska	Berehivskyi	48.2056	22.6442
90252	Геча (Гечанська сільська рада)	Zakarpatska	Berehivskyi	48.2056	22.6442
90252	Велика Бакта (Великобактянська сільська рада)	Zakarpatska	Berehivskyi	48.2056	22.6442
90253	Бадалово (Бадалівська сільська рада)	Zakarpatska	Berehivskyi	48.2056	22.6442
90253	Галабор (Галаборська сільська рада)	Zakarpatska	Berehivskyi	48.2056	22.6442
90255	Вари (Варівська сільська рада)	Zakarpatska	Berehivskyi	48.2056	22.6442
90256	Боржава (Боржавська сільська рада)	Zakarpatska	Berehivskyi	48.2056	22.6442
90260	Мужієво (Мужіївська сільська рада)	Zakarpatska	Berehivskyi	48.2056	22.6442
90261	Бене (Бенянська сільська рада)	Zakarpatska	Berehivskyi	48.2056	22.6442
90262	Четфалва (Четфалвівська сільська рада)	Zakarpatska	Berehivskyi	48.2056	22.6442
90263	Оросієво (Оросіївська сільська рада)	Zakarpatska	Berehivskyi	48.2056	22.6442
90264	Квасово (Квасівська сільська рада)	Zakarpatska	Berehivskyi	48.2056	22.6442
90300	Виноградів (Виноградівська міська рада)	Zakarpatska	Vynohradivskyi	48.1924	22.9716
90310	Боржавське (Боржавська сільська рада)	Zakarpatska	Vynohradivskyi	48.1924	22.9716
90311	Шаланки (Шаланківська сільська рада)	Zakarpatska	Vynohradivskyi	48.1924	22.9716
90312	Великі Ком'яти (Великоком'ятівська сільська рада)	Zakarpatska	Vynohradivskyi	48.1924	22.9716
90313	Онок (Оноцька сільська рада)	Zakarpatska	Vynohradivskyi	48.1924	22.9716
90314	Широке (Широківська сільська рада)	Zakarpatska	Vynohradivskyi	48.1924	22.9716
90315	Букове (Буківська сільська рада)	Zakarpatska	Vynohradivskyi	48.1924	22.9716
90320	Перехрестя (Перехрестівська сільська рада)	Zakarpatska	Vynohradivskyi	48.1924	22.9716
90320	Карачин (Перехрестівська сільська рада)	Zakarpatska	Vynohradivskyi	48.1924	22.9716
90321	Пушкіно (Перехрестівська сільська рада)	Zakarpatska	Vynohradivskyi	48.1924	22.9716
90322	Вербовець (Вербовецька сільська рада)	Zakarpatska	Vynohradivskyi	48.1924	22.9716
90322	Чорний Потік (Вербовецька сільська рада)	Zakarpatska	Vynohradivskyi	48.1924	22.9716
90324	Олешник (Олешницька сільська рада)	Zakarpatska	Vynohradivskyi	48.1924	22.9716
90325	Підвиноградів (Підвиноградівська сільська рада)	Zakarpatska	Vynohradivskyi	48.1924	22.9716
90326	Матійово (Матіївська сільська рада)	Zakarpatska	Vynohradivskyi	48.1924	22.9716
90326	Вербове (Матіївська сільська рада)	Zakarpatska	Vynohradivskyi	48.1924	22.9716
90326	Руська Долина (Матіївська сільська рада)	Zakarpatska	Vynohradivskyi	48.1924	22.9716
90330	Велика Копаня (Великокопанська сільська рада)	Zakarpatska	Vynohradivskyi	48.1924	22.9716
90331	Мала Копаня (Малокопанська сільська рада)	Zakarpatska	Vynohradivskyi	48.1924	22.9716
90332	Королево (Королівська селищна рада)	Zakarpatska	Vynohradivskyi	48.1924	22.9716
90336	Веряця (Веряцька сільська рада)	Zakarpatska	Vynohradivskyi	48.1924	22.9716
90336	Горбки (Веряцька сільська рада)	Zakarpatska	Vynohradivskyi	48.1924	22.9716
90340	Черна (Чернянська сільська рада)	Zakarpatska	Vynohradivskyi	48.1924	22.9716
90341	Новоселиця (Новоселицька сільська рада)	Zakarpatska	Vynohradivskyi	48.1924	22.9716
90342	Хижа (Хижанська сільська рада)	Zakarpatska	Vynohradivskyi	48.1924	22.9716
90343	Гудя (Теківська сільська рада)	Zakarpatska	Vynohradivskyi	48.1924	22.9716
90343	Теково (Теківська сільська рада)	Zakarpatska	Vynohradivskyi	48.1924	22.9716
90350	Нове Село (Новоселицька сільська рада)	Zakarpatska	Vynohradivskyi	48.1924	22.9716
90351	Вилок (Вилоцька селищна рада)	Zakarpatska	Vynohradivskyi	48.1924	22.9716
90352	Тросник (Фанчиківська сільська рада)	Zakarpatska	Vynohradivskyi	48.1924	22.9716
90352	Притисянське (Фанчиківська сільська рада)	Zakarpatska	Vynohradivskyi	48.1924	22.9716
90352	Фанчиково (Фанчиківська сільська рада)	Zakarpatska	Vynohradivskyi	48.1924	22.9716
90353	Дротинці (Дротинська сільська рада)	Zakarpatska	Vynohradivskyi	48.1924	22.9716
90354	Пийтерфолво (Пийтерфолвівська сільська рада)	Zakarpatska	Vynohradivskyi	48.1924	22.9716
90354	Форголань (Пийтерфолвівська сільська рада)	Zakarpatska	Vynohradivskyi	48.1924	22.9716
90355	Тисобикень (Пийтерфолвівська сільська рада)	Zakarpatska	Vynohradivskyi	48.1924	22.9716
90360	Сасово (Сасівська сільська рада)	Zakarpatska	Vynohradivskyi	48.1924	22.9716
90361	Затисівка (Чепівська сільська рада)	Zakarpatska	Vynohradivskyi	48.1924	22.9716
90361	Гетиня (Чепівська сільська рада)	Zakarpatska	Vynohradivskyi	48.1924	22.9716
90361	Чепа (Чепівська сільська рада)	Zakarpatska	Vynohradivskyi	48.1924	22.9716
90363	Чорнотисів (Чорнотисівська сільська рада)	Zakarpatska	Vynohradivskyi	48.1924	22.9716
90363	Холмовець (Чорнотисівська сільська рада)	Zakarpatska	Vynohradivskyi	48.1924	22.9716
90364	Дюла (Чорнотисівська сільська рада)	Zakarpatska	Vynohradivskyi	48.1924	22.9716
90365	Неветленфолу (Неветленфолівська сільська рада)	Zakarpatska	Vynohradivskyi	48.1924	22.9716
90365	Оклі Геть (Неветленфолівська сільська рада)	Zakarpatska	Vynohradivskyi	48.1924	22.9716
90365	Оклі (Неветленфолівська сільська рада)	Zakarpatska	Vynohradivskyi	48.1924	22.9716
90365	Нове Клинове (Неветленфолівська сільська рада)	Zakarpatska	Vynohradivskyi	48.1924	22.9716
90365	Ботар (Неветленфолівська  сільська рада)	Zakarpatska	Vynohradivskyi	48.1924	22.9716
90370	Велика Паладь (Великопаладська сільська рада)	Zakarpatska	Vynohradivskyi	48.1924	22.9716
90371	Фертешолмаш (Великопаладська сільська рада)	Zakarpatska	Vynohradivskyi	48.1924	22.9716
90400	Хуст	Zakarpatska	Khustskyi	48.1793	23.2991
90400	Зарічне (Хустська міська рада)	Zakarpatska	Khustskyi	48.1793	23.2991
90400	Чертіж (Хустська міська рада)	Zakarpatska	Khustskyi	48.1793	23.2991
90401	Хуст	Zakarpatska	Khustskyi	48.1793	23.2991
90409	Кіреші (Хустська міська рада)	Zakarpatska	Khustskyi	48.1793	23.2991
90410	Рокосово (Рокосівська сільська рада)	Zakarpatska	Khustskyi	48.1793	23.2991
90410	Вертеп (Рокосівська сільська рада)	Zakarpatska	Khustskyi	48.1793	23.2991
90412	Крива (Кривська сільська рада)	Zakarpatska	Khustskyi	48.1793	23.2991
90413	Кошельово (Кошелівська сільська рада)	Zakarpatska	Khustskyi	48.1793	23.2991
90414	Залом (Кошелівська сільська рада)	Zakarpatska	Khustskyi	48.1793	23.2991
90415	Крайна (Липчанська сільська рада)	Zakarpatska	Khustskyi	48.1793	23.2991
90415	Липча (Липчанська сільська рада)	Zakarpatska	Khustskyi	48.1793	23.2991
90415	Осава (Липчанська сільська рада)	Zakarpatska	Khustskyi	48.1793	23.2991
90415	Кривий (Липчанська сільська рада)	Zakarpatska	Khustskyi	48.1793	23.2991
90416	Липовець (Липовецька сільська рада)	Zakarpatska	Khustskyi	48.1793	23.2991
90420	Нижній Бистрий (Нижньобистрівська сільська рада)	Zakarpatska	Khustskyi	48.1793	23.2991
90421	Противень (Нижньобистрівська сільська рада)	Zakarpatska	Khustskyi	48.1793	23.2991
90421	Широке (Нижньобистрівська сільська рада)	Zakarpatska	Khustskyi	48.1793	23.2991
90424	Вільшани (Вільшанківська сільська рада)	Zakarpatska	Khustskyi	48.1793	23.2991
90425	Липецька Поляна (Липецько-Полянська сільська рада)	Zakarpatska	Khustskyi	48.1793	23.2991
90425	Каллів (Липецько-Полянська сільська рада)	Zakarpatska	Khustskyi	48.1793	23.2991
90425	Ожоверх (Липецько-Полянська сільська рада)	Zakarpatska	Khustskyi	48.1793	23.2991
90425	Слоповий (Липецько-Полянська сільська рада)	Zakarpatska	Khustskyi	48.1793	23.2991
90426	Ряпідь (Березівська сільська рада)	Zakarpatska	Khustskyi	48.1793	23.2991
90426	Березово (Березівська сільська рада)	Zakarpatska	Khustskyi	48.1793	23.2991
90426	Гонцош (Березівська сільська рада)	Zakarpatska	Khustskyi	48.1793	23.2991
90427	Тополин (Монастирецька сільська рада)	Zakarpatska	Khustskyi	48.1793	23.2991
90427	Монастирець (Монастирецька сільська рада)	Zakarpatska	Khustskyi	48.1793	23.2991
90427	Облаз (Монастирецька сільська рада)	Zakarpatska	Khustskyi	48.1793	23.2991
90427	Медвежий (Монастирецька сільська рада)	Zakarpatska	Khustskyi	48.1793	23.2991
90427	Поточок (Монастирецька сільська рада)	Zakarpatska	Khustskyi	48.1793	23.2991
90428	Забрідь (Забрідська сільська рада)	Zakarpatska	Khustskyi	48.1793	23.2991
90430	Ділок (Горінчівська сільська рада)	Zakarpatska	Khustskyi	48.1793	23.2991
90430	Сюрюк (Горінчівська сільська рада)	Zakarpatska	Khustskyi	48.1793	23.2991
90430	Кутлаш (Горінчівська сільська рада)	Zakarpatska	Khustskyi	48.1793	23.2991
90430	Горінчово (Горінчівська сільська рада)	Zakarpatska	Khustskyi	48.1793	23.2991
90430	Посіч (Горінчівська сільська рада)	Zakarpatska	Khustskyi	48.1793	23.2991
90432	Кічерели (Драгівська сільська рада)	Zakarpatska	Khustskyi	48.1793	23.2991
90432	Поляна (Копашнівська сільська рада)	Zakarpatska	Khustskyi	48.1793	23.2991
90432	Жовтневе (Драгівська сільська рада)	Zakarpatska	Khustskyi	48.1793	23.2991
90432	Драгово (Драгівська сільська рада)	Zakarpatska	Khustskyi	48.1793	23.2991
90432	Становець (Драгівська сільська рада)	Zakarpatska	Khustskyi	48.1793	23.2991
90433	Копашново (Копашнівська сільська рада)	Zakarpatska	Khustskyi	48.1793	23.2991
90434	Лунка (Копашнівська сільська рада)	Zakarpatska	Khustskyi	48.1793	23.2991
90434	Хустець (Копашнівська сільська рада)	Zakarpatska	Khustskyi	48.1793	23.2991
90435	Нанково (Нанківська сільська рада)	Zakarpatska	Khustskyi	48.1793	23.2991
90436	Карповтлаш (Ізянська сільська рада)	Zakarpatska	Khustskyi	48.1793	23.2991
90436	Іза (Ізянська сільська рада)	Zakarpatska	Khustskyi	48.1793	23.2991
90440	Нижнє Селище (Нижньоселищенська сільська рада)	Zakarpatska	Khustskyi	48.1793	23.2991
90441	Золотарьово (Золотарівська сільська рада)	Zakarpatska	Khustskyi	48.1793	23.2991
90442	Бороняво (Боронявська сільська рада)	Zakarpatska	Khustskyi	48.1793	23.2991
90443	Данилово (Данилівська сільська рада)	Zakarpatska	Khustskyi	48.1793	23.2991
90444	Олександрівка (Олександрівська сільська рада)	Zakarpatska	Khustskyi	48.1793	23.2991
90450	Сокирниця (Сокирницька сільська рада)	Zakarpatska	Khustskyi	48.1793	23.2991
90451	Стеблівка (Стеблівська сільська рада)	Zakarpatska	Khustskyi	48.1793	23.2991
90452	Крайниково (Крайниківська сільська рада)	Zakarpatska	Khustskyi	48.1793	23.2991
90453	Велятино (Велятинська сільська рада)	Zakarpatska	Khustskyi	48.1793	23.2991
90454	Вишково (Вишківська селищна рада)	Zakarpatska	Khustskyi	48.1793	23.2991
90454	Ракош (Вишківська селищна рада)	Zakarpatska	Khustskyi	48.1793	23.2991
90457	Модьорош (Вишківська селищна рада)	Zakarpatska	Khustskyi	48.1793	23.2991
90457	Шаян (Вишківська селищна рада)	Zakarpatska	Khustskyi	48.1793	23.2991
90458	Яблунівка (Вишківська селищна рада)	Zakarpatska	Khustskyi	48.1793	23.2991
90500	Тячівка (Тячівська міська рада)	Zakarpatska	Tyachivskyi	48.1924	22.9716
90500	Тячів (Тячівська міська рада)	Zakarpatska	Tyachivskyi	48.1924	22.9716
90510	Чумальово (Чумалівська сільська рада)	Zakarpatska	Tyachivskyi	48.1924	22.9716
90510	Рівне (Чумалівська сільська рада)	Zakarpatska	Tyachivskyi	48.1924	22.9716
90511	Кричово (Кричівська сільська рада)	Zakarpatska	Tyachivskyi	48.1924	22.9716
90511	Росош (Кричівська сільська рада)	Zakarpatska	Tyachivskyi	48.1924	22.9716
90512	Колодне (Колодненська сільська рада)	Zakarpatska	Tyachivskyi	48.1924	22.9716
90513	Дулово (Дулівська сільська рада)	Zakarpatska	Tyachivskyi	48.1924	22.9716
90514	Груники (Углянська сільська рада)	Zakarpatska	Tyachivskyi	48.1924	22.9716
90514	Угля (Углянська сільська рада)	Zakarpatska	Tyachivskyi	48.1924	22.9716
90514	Бобове (Углянська сільська рада)	Zakarpatska	Tyachivskyi	48.1924	22.9716
90515	Велика Уголька (Великоугольська сільська рада)	Zakarpatska	Tyachivskyi	48.1924	22.9716
90516	Фонтиняси (Широколузька сільська рада)	Zakarpatska	Tyachivskyi	48.1924	22.9716
90516	Пригідь (Широколузька сільська рада)	Zakarpatska	Tyachivskyi	48.1924	22.9716
90516	Широкий Луг (Широколузька сільська рада)	Zakarpatska	Tyachivskyi	48.1924	22.9716
90517	Мала Уголька (Углянська сільська рада)	Zakarpatska	Tyachivskyi	48.1924	22.9716
90520	Усть-Чорна (Усть-Чорнянська селищна рада)	Zakarpatska	Tyachivskyi	48.1924	22.9716
90521	Руська Мокра (Руськомокрянська сільська рада)	Zakarpatska	Tyachivskyi	48.1924	22.9716
90521	Німецька Мокра (Руськомокрянська сільська рада)	Zakarpatska	Tyachivskyi	48.1924	22.9716
90522	Лопухів (Лопухівська сільська рада)	Zakarpatska	Tyachivskyi	48.1924	22.9716
90523	Красна (Краснянська сільська рада)	Zakarpatska	Tyachivskyi	48.1924	22.9716
90530	Тарасівка (Тарасівська сільська рада)	Zakarpatska	Tyachivskyi	48.1924	22.9716
90531	Дубове (Дубівська селищна рада)	Zakarpatska	Tyachivskyi	48.1924	22.9716
90531	Нижній Дубовець (Дубівська селищна рада)	Zakarpatska	Tyachivskyi	48.1924	22.9716
90531	Верхній Дубовець (Дубівська селищна рада)	Zakarpatska	Tyachivskyi	48.1924	22.9716
90532	Калини (Калинівська сільська рада)	Zakarpatska	Tyachivskyi	48.1924	22.9716
90533	Новоселиця (Новоселицька сільська рада)	Zakarpatska	Tyachivskyi	48.1924	22.9716
90534	Тисалово (Новоселицька сільська рада)	Zakarpatska	Tyachivskyi	48.1924	22.9716
90535	Ганичі (Ганичівська сільська рада)	Zakarpatska	Tyachivskyi	48.1924	22.9716
90540	Нересниця (Нересницька сільська рада)	Zakarpatska	Tyachivskyi	48.1924	22.9716
90541	Підплеша (Нересницька сільська рада)	Zakarpatska	Tyachivskyi	48.1924	22.9716
90542	Вільхівці (Вільховецька сільська рада)	Zakarpatska	Tyachivskyi	48.1924	22.9716
90542	Сасово (Вільховецька сільська рада)	Zakarpatska	Tyachivskyi	48.1924	22.9716
90543	Вільхівчик (Вільховецька сільська рада)	Zakarpatska	Tyachivskyi	48.1924	22.9716
90544	Вільхівці-Лази (Вільховецько-Лазівська сільська рада)	Zakarpatska	Tyachivskyi	48.1924	22.9716
90544	Раково (Вільховецько-Лазівська сільська рада)	Zakarpatska	Tyachivskyi	48.1924	22.9716
90545	Петрушів (Тернівська сільська рада)	Zakarpatska	Tyachivskyi	48.1924	22.9716
90545	Терново (Тернівська сільська рада)	Zakarpatska	Tyachivskyi	48.1924	22.9716
90546	Вишоватий (Тернівська сільська рада)	Zakarpatska	Tyachivskyi	48.1924	22.9716
90550	Теребля (Тереблянська сільська рада)	Zakarpatska	Tyachivskyi	48.1924	22.9716
90551	Руське Поле (Руськополівська сільська рада)	Zakarpatska	Tyachivskyi	48.1924	22.9716
90552	Новобарово (Новобарівська сільська рада)	Zakarpatska	Tyachivskyi	48.1924	22.9716
90553	Вонігово (Вонігівська сільська рада)	Zakarpatska	Tyachivskyi	48.1924	22.9716
90554	Лази (Лазівська сільська рада)	Zakarpatska	Tyachivskyi	48.1924	22.9716
90555	Округла (Лазівська сільська рада)	Zakarpatska	Tyachivskyi	48.1924	22.9716
90556	Буштино (Буштинська селищна рада)	Zakarpatska	Tyachivskyi	48.1924	22.9716
90560	Добрянське (Добрянська сільська рада)	Zakarpatska	Tyachivskyi	48.1924	22.9716
90561	Дібрівка (Бедевлянська сільська рада)	Zakarpatska	Tyachivskyi	48.1924	22.9716
90561	Глиняний (Бедевлянська сільська рада)	Zakarpatska	Tyachivskyi	48.1924	22.9716
90561	Бедевля (Бедевлянська сільська рада)	Zakarpatska	Tyachivskyi	48.1924	22.9716
90561	Руня (Бедевлянська сільська рада)	Zakarpatska	Tyachivskyi	48.1924	22.9716
90562	Біловарці (Біловарська сільська рада)	Zakarpatska	Tyachivskyi	48.1924	22.9716
90563	Крива (Кривська сільська рада)	Zakarpatska	Tyachivskyi	48.1924	22.9716
90564	Тересва (Тересвянська селищна рада)	Zakarpatska	Tyachivskyi	48.1924	22.9716
90570	Грушово (Грушівська сільська рада)	Zakarpatska	Tyachivskyi	48.1924	22.9716
90571	Нижня Апша (Нижньоапшанська сільська рада)	Zakarpatska	Tyachivskyi	48.1924	22.9716
90572	Пещера (Нижньоапшанська сільська рада)	Zakarpatska	Tyachivskyi	48.1924	22.9716
90572	Подішор (Нижньоапшанська сільська рада)	Zakarpatska	Tyachivskyi	48.1924	22.9716
90573	Топчино (Топчинська сільська рада)	Zakarpatska	Tyachivskyi	48.1924	22.9716
90574	Глибокий Потік (Глибокопотіцька сільська рада)	Zakarpatska	Tyachivskyi	48.1924	22.9716
90575	Солотвино (Солотвинська селищна рада)	Zakarpatska	Tyachivskyi	48.1924	22.9716
90600	Рахів (Рахівська міська рада)	Zakarpatska	Rakhivskyi	48.1924	22.9716
90601	Рахів (Рахівська міська рада)	Zakarpatska	Rakhivskyi	48.1924	22.9716
90610	Водиця (Водицька сільська рада)	Zakarpatska	Rakhivskyi	48.1924	22.9716
90610	Плаюц (Водицька сільська рада)	Zakarpatska	Rakhivskyi	48.1924	22.9716
90611	Верхнє Водяне (Верхньоводянська сільська рада)	Zakarpatska	Rakhivskyi	48.1924	22.9716
90611	Стримба (Верхньоводянська сільська рада)	Zakarpatska	Rakhivskyi	48.1924	22.9716
90613	Добрік (Середньоводянська сільська рада)	Zakarpatska	Rakhivskyi	48.1924	22.9716
90613	Середнє Водяне (Середньоводянська сільська рада)	Zakarpatska	Rakhivskyi	48.1924	22.9716
90614	Біла Церква (Білоцерківська сільська рада)	Zakarpatska	Rakhivskyi	48.1924	22.9716
90615	Великий Бичків (Великобичківська селищна рада)	Zakarpatska	Rakhivskyi	48.1924	22.9716
90616	Луг (Лужанська сільська рада)	Zakarpatska	Rakhivskyi	48.1924	22.9716
90620	Кобилецька Поляна (Кобилецько-Полянська селищна рада)	Zakarpatska	Rakhivskyi	48.1924	22.9716
90621	Косівська Поляна (Косівсько-Полянська сільська рада)	Zakarpatska	Rakhivskyi	48.1924	22.9716
90622	Росішка (Росішківська сільська рада)	Zakarpatska	Rakhivskyi	48.1924	22.9716
90623	Костилівка (Костилівська сільська рада)	Zakarpatska	Rakhivskyi	48.1924	22.9716
90623	Вільховатий (Костилівська сільська рада)	Zakarpatska	Rakhivskyi	48.1924	22.9716
90625	Хмелів (Діловецька сільська рада)	Zakarpatska	Rakhivskyi	48.1924	22.9716
90625	Ділове (Діловецька сільська рада)	Zakarpatska	Rakhivskyi	48.1924	22.9716
90625	Круглий (Діловецька сільська рада)	Zakarpatska	Rakhivskyi	48.1924	22.9716
90630	Стебний (Ясінянська селищна рада)	Zakarpatska	Rakhivskyi	48.1924	22.9716
90630	Ясіня (Ясінянська селищна рада)	Zakarpatska	Rakhivskyi	48.1924	22.9716
90632	Чорна Тиса (Чорнотисянська сільська рада)	Zakarpatska	Rakhivskyi	48.1924	22.9716
90633	Лазещина (Лазещинська сільська рада)	Zakarpatska	Rakhivskyi	48.1924	22.9716
90640	Тростянець (Квасівська сільська рада)	Zakarpatska	Rakhivskyi	48.1924	22.9716
90640	Кваси (Квасівська сільська рада)	Zakarpatska	Rakhivskyi	48.1924	22.9716
90640	Сітний (Квасівська сільська рада)	Zakarpatska	Rakhivskyi	48.1924	22.9716
90643	Білин (Білинська сільська рада)	Zakarpatska	Rakhivskyi	48.1924	22.9716
90644	Розтоки (Розтоківська сільська рада)	Zakarpatska	Rakhivskyi	48.1924	22.9716
90645	Богдан (Богданська сільська рада)	Zakarpatska	Rakhivskyi	48.1924	22.9716
90645	Бребоя (Богданська сільська рада)	Zakarpatska	Rakhivskyi	48.1924	22.9716
90646	Видричка (Видричанська сільська рада)	Zakarpatska	Rakhivskyi	48.1924	22.9716
90647	Луги (Лугівська сільська рада)	Zakarpatska	Rakhivskyi	48.1924	22.9716
90647	Говерла (Лугівська сільська рада)	Zakarpatska	Rakhivskyi	48.1924	22.9716
69000	Запоріжжя	Zaporizka	Zaporizka	46.9599	35.0432
69001	Запоріжжя	Zaporizka	Zaporizka	46.9599	35.0432
69002	Запоріжжя	Zaporizka	Zaporizka	46.9599	35.0432
69004	Запоріжжя	Zaporizka	Zaporizka	46.9599	35.0432
69005	Запоріжжя	Zaporizka	Zaporizka	46.9599	35.0432
69006	Запоріжжя	Zaporizka	Zaporizka	46.9599	35.0432
69007	Запоріжжя	Zaporizka	Zaporizka	46.9599	35.0432
69008	Запоріжжя	Zaporizka	Zaporizka	46.9599	35.0432
69009	Запоріжжя	Zaporizka	Zaporizka	46.9599	35.0432
69012	Запоріжжя	Zaporizka	Zaporizka	46.9599	35.0432
69013	Запоріжжя	Zaporizka	Zaporizka	46.9599	35.0432
69014	Запоріжжя	Zaporizka	Zaporizka	46.9599	35.0432
69017	Запоріжжя	Zaporizka	Zaporizka	46.9599	35.0432
69021	Запоріжжя	Zaporizka	Zaporizka	46.9599	35.0432
69026	Запоріжжя	Zaporizka	Zaporizka	46.9599	35.0432
69027	Запоріжжя	Zaporizka	Zaporizka	46.9599	35.0432
69031	Запоріжжя	Zaporizka	Zaporizka	46.9599	35.0432
69032	Запоріжжя	Zaporizka	Zaporizka	46.9599	35.0432
69034	Запоріжжя	Zaporizka	Zaporizka	46.9599	35.0432
69035	Запоріжжя	Zaporizka	Zaporizka	46.9599	35.0432
69037	Запоріжжя	Zaporizka	Zaporizka	46.9599	35.0432
69039	Запоріжжя	Zaporizka	Zaporizka	46.9599	35.0432
69040	Запоріжжя	Zaporizka	Zaporizka	46.9599	35.0432
69041	Запоріжжя	Zaporizka	Zaporizka	46.9599	35.0432
69050	Запоріжжя	Zaporizka	Zaporizka	46.9599	35.0432
69057	Запоріжжя	Zaporizka	Zaporizka	46.9599	35.0432
69059	Запоріжжя	Zaporizka	Zaporizka	46.9599	35.0432
69060	Запоріжжя	Zaporizka	Zaporizka	46.9599	35.0432
69061	Запоріжжя	Zaporizka	Zaporizka	46.9599	35.0432
69063	Запоріжжя	Zaporizka	Zaporizka	46.9599	35.0432
69065	Запоріжжя	Zaporizka	Zaporizka	46.9599	35.0432
69067	Запоріжжя	Zaporizka	Zaporizka	46.9599	35.0432
69068	Запоріжжя	Zaporizka	Zaporizka	46.9599	35.0432
69069	Запоріжжя	Zaporizka	Zaporizka	46.9599	35.0432
69071	Запоріжжя	Zaporizka	Zaporizka	46.9599	35.0432
69076	Запоріжжя	Zaporizka	Zaporizka	46.9599	35.0432
69081	Запоріжжя	Zaporizka	Zaporizka	46.9599	35.0432
69083	Запоріжжя	Zaporizka	Zaporizka	46.9599	35.0432
69089	Запоріжжя	Zaporizka	Zaporizka	46.9599	35.0432
69091	Запоріжжя	Zaporizka	Zaporizka	46.9599	35.0432
69092	Запоріжжя	Zaporizka	Zaporizka	46.9599	35.0432
69093	Запоріжжя	Zaporizka	Zaporizka	46.9599	35.0432
69095	Запоріжжя	Zaporizka	Zaporizka	46.9599	35.0432
69096	Запоріжжя	Zaporizka	Zaporizka	46.9599	35.0432
69097	Запоріжжя	Zaporizka	Zaporizka	46.9599	35.0432
69098	Запоріжжя	Zaporizka	Zaporizka	46.9599	35.0432
69104	Запоріжжя	Zaporizka	Zaporizka	46.9599	35.0432
69105	Запоріжжя	Zaporizka	Zaporizka	46.9599	35.0432
69106	Запоріжжя	Zaporizka	Zaporizka	46.9599	35.0432
69107	Запоріжжя	Zaporizka	Zaporizka	46.9599	35.0432
69114	Запоріжжя	Zaporizka	Zaporizka	46.9599	35.0432
69118	Запоріжжя	Zaporizka	Zaporizka	46.9599	35.0432
69120	Запоріжжя	Zaporizka	Zaporizka	46.9599	35.0432
69121	Запоріжжя	Zaporizka	Zaporizka	46.9599	35.0432
69123	Запоріжжя	Zaporizka	Zaporizka	46.9599	35.0432
69124	Запоріжжя	Zaporizka	Zaporizka	46.9599	35.0432
69126	Запоріжжя	Zaporizka	Zaporizka	46.9599	35.0432
70001	Вільнянськ	Zaporizka	Vilnianskyi	47.9438	35.4354
70002	Вільнянськ	Zaporizka	Vilnianskyi	47.9438	35.4354
70005	Павлівське	Zaporizka	Vilnianskyi	47.9434	35.4633
70006	Бекарівка	Zaporizka	Vilnianskyi	47.8592	35.4324
70007	Значкове	Zaporizka	Vilnianskyi	47.9833	35.5167
70008	Берестове	Zaporizka	Vilnianskyi	48.0276	35.5513
70009	Благовіщенське	Zaporizka	Vilnianskyi	47.9502	35.4724
70010	Тернівка	Zaporizka	Vilnianskyi	48.1259	35.327
70011	Богданівка	Zaporizka	Vilnianskyi	48.0554	35.5821
70012	Василівка	Zaporizka	Vilnianskyi	47.9933	35.5367
70013	Василівське	Zaporizka	Vilnianskyi	47.954	35.4555
70014	Дніпровка	Zaporizka	Vilnianskyi	48.0756	35.179
70015	Петро-Михайлівка	Zaporizka	Vilnianskyi	48.0589	35.2315
70016	Вербове	Zaporizka	Vilnianskyi	47.4293	35.9828
70017	Гнаровське	Zaporizka	Vilnianskyi	48.0174	35.2768
70018	Веселівське	Zaporizka	Vilnianskyi	47.9091	35.5456
70019	Вишневе	Zaporizka	Vilnianskyi	47.9213	35.4379
70020	Новогупалівка	Zaporizka	Vilnianskyi	48.0227	35.422
70021	Солоне	Zaporizka	Vilnianskyi	48.0571	35.5079
70022	Привільне	Zaporizka	Vilnianskyi	47.835	35.4881
70023	Васильківське	Zaporizka	Vilnianskyi	47.835	35.4881
70024	Максимівка	Zaporizka	Vilnianskyi	48.05	35.6598
70025	Широке	Zaporizka	Vilnianskyi	47.4209	35.4099
70026	Семененкове	Zaporizka	Vilnianskyi	47.835	35.4881
70027	Шевченкове	Zaporizka	Vilnianskyi	47.2869	35.633
70028	Вівчарне	Zaporizka	Vilnianskyi	48.0523	35.5651
70029	Вільногрушівське	Zaporizka	Vilnianskyi	47.9553	35.2193
70030	Михайлівка	Zaporizka	Vilnianskyi	47.953	35.2632
70031	Соколівка	Zaporizka	Vilnianskyi	47.9945	35.2291
70032	Вільноандріївка	Zaporizka	Vilnianskyi	47.9667	35.15
70033	Любимівка	Zaporizka	Vilnianskyi	47.9686	35.3658
70034	Вільнокур'янівське	Zaporizka	Vilnianskyi	47.9492	35.2423
70035	Матвіївка	Zaporizka	Vilnianskyi	47.9	35.2833
70036	Бoгатирівка	Zaporizka	Vilnianskyi	47.9284	35.2006
70037	Люцерна	Zaporizka	Vilnianskyi	47.9257	35.2506
70038	Вільноуланівське	Zaporizka	Vilnianskyi	47.957	35.1958
70039	Вільнянка	Zaporizka	Vilnianskyi	47.9492	35.2423
70040	Антонівка	Zaporizka	Vilnianskyi	47.9688	35.6796
70041	Володимирівка	Zaporizka	Vilnianskyi	47.9825	35.7254
70042	Михайло-Лукашеве	Zaporizka	Vilnianskyi	47.9576	35.5924
70043	Миролюбівка	Zaporizka	Vilnianskyi	47.9188	35.6618
70044	Московка	Zaporizka	Vilnianskyi	47.8874	35.5744
70045	Геленджик	Zaporizka	Vilnianskyi	47.945	35.536
70046	Гасанівка	Zaporizka	Vilnianskyi	47.864	35.3488
70047	Георгіївське	Zaporizka	Vilnianskyi	47.945	35.536
70048	Грушівка	Zaporizka	Vilnianskyi	48.035	35.1742
70049	Задорожнє	Zaporizka	Vilnianskyi	47.9459	35.5312
70050	Кам'яне	Zaporizka	Vilnianskyi	47.9829	35.3334
70051	Українка	Zaporizka	Vilnianskyi	47.9143	35.3655
70051	Матвіївка	Zaporizka	Vilnianskyi	47.9	35.2833
70052	Запорізьке	Zaporizka	Vilnianskyi	48.0272	35.2327
70053	Дружелюбівка	Zaporizka	Vilnianskyi	47.8924	35.3759
70054	Купріянівка	Zaporizka	Vilnianskyi	47.8743	35.4703
70055	Петрівське	Zaporizka	Vilnianskyi	47.9933	35.3939
70055	Скелювате	Zaporizka	Vilnianskyi	47.997	35.3489
70055	Великодубове	Zaporizka	Vilnianskyi	48.0933	35.265
70055	Новотроїцьке	Zaporizka	Vilnianskyi	48.0082	35.3358
70055	Дерезівка	Zaporizka	Vilnianskyi	47.953	35.3438
70055	Веселотернувате	Zaporizka	Vilnianskyi	48.0055	35.3144
70055	Гарасівка	Zaporizka	Vilnianskyi	47.9556	35.3719
70055	Грізне	Zaporizka	Vilnianskyi	48.0294	35.3511
70055	Вишняки	Zaporizka	Vilnianskyi	47.99	35.3173
70055	Смородине	Zaporizka	Vilnianskyi	47.9439	35.3923
70055	Губенське	Zaporizka	Vilnianskyi	48.0082	35.3358
70055	Шевченка	Zaporizka	Vilnianskyi	48.1211	35.2592
70056	Зелене	Zaporizka	Vilnianskyi	47.9601	35.4787
70056	Біляївка	Zaporizka	Vilnianskyi	47.9754	35.4431
70057	Андріївка (Михайлівська)	Zaporizka	Vilnianskyi	47.9829	35.3334
70058	Зелений Гай	Zaporizka	Vilnianskyi	47.9534	34.8492
70059	Аграфенівка	Zaporizka	Vilnianskyi	48.0951	35.4773
70060	Мала Купріянівка	Zaporizka	Vilnianskyi	47.9648	35.5672
70061	Козаківське	Zaporizka	Vilnianskyi	48.019	35.463
70062	Козаче	Zaporizka	Vilnianskyi	48.0145	35.6785
70063	Колос	Zaporizka	Vilnianskyi	47.9569	35.6299
70064	Криничне	Zaporizka	Vilnianskyi	47.683	36.13
70065	Круглик	Zaporizka	Vilnianskyi	48.0111	35.164
70066	Крутий Яр	Zaporizka	Vilnianskyi	48.0601	35.7008
70067	Любомирівка	Zaporizka	Vilnianskyi	47.9988	35.5855
70068	Микільське	Zaporizka	Vilnianskyi	47.9648	35.5672
70069	Нагірне	Zaporizka	Vilnianskyi	47.9752	35.1858
70070	Нововасилівка	Zaporizka	Vilnianskyi	47.9251	35.4864
70071	Нововасилівське	Zaporizka	Vilnianskyi	47.9712	35.4672
70072	Новоіванівське	Zaporizka	Vilnianskyi	47.8827	35.3544
70073	Новомиргородка	Zaporizka	Vilnianskyi	47.9794	35.6596
70074	Новомихайлівське	Zaporizka	Vilnianskyi	47.9417	35.5664
70075	Новоселівка	Zaporizka	Vilnianskyi	47.955	35.4103
70076	Новософіївка	Zaporizka	Vilnianskyi	47.9043	35.3921
70077	Новоукраїнка	Zaporizka	Vilnianskyi	48.0422	35.5389
70078	Новофедорівка	Zaporizka	Vilnianskyi	48.0187	35.7121
70079	Орлівське	Zaporizka	Vilnianskyi	48.0917	35.0845
70080	Перун	Zaporizka	Vilnianskyi	48.0904	35.0987
70081	Першозванівка	Zaporizka	Vilnianskyi	48.0188	35.5124
70082	Петро-Свистунове	Zaporizka	Vilnianskyi	48.113	35.1847
70083	Поди	Zaporizka	Vilnianskyi	47.9273	35.5188
70084	Придолинівка	Zaporizka	Vilnianskyi	48.1216	35.3448
70085	Райське	Zaporizka	Vilnianskyi	48.0122	35.3713
70086	Резедівка	Zaporizka	Vilnianskyi	47.9658	35.523
70087	Роздолля	Zaporizka	Vilnianskyi	47.9622	35.4928
70088	Сергіївка	Zaporizka	Vilnianskyi	47.9819	35.2208
70089	Спасівка	Zaporizka	Vilnianskyi	47.9286	35.4455
70090	Терсянка	Zaporizka	Vilnianskyi	48.0847	35.5869
70091	Троянди	Zaporizka	Vilnianskyi	47.8803	35.4886
70092	Трудолюбівка	Zaporizka	Vilnianskyi	47.8092	35.5356
70093	Укромне	Zaporizka	Vilnianskyi	47.8861	35.6797
70094	Улянівка	Zaporizka	Vilnianskyi	48.047	35.1398
70095	Тарасівка	Zaporizka	Vilnianskyi	47.7774	35.4436
70096	Якимівка	Zaporizka	Vilnianskyi	48.0929	35.3801
70097	Якимівське	Zaporizka	Vilnianskyi	47.9536	35.4258
70098	Яковлеве	Zaporizka	Vilnianskyi	47.8983	35.4398
70099	Ясинувате	Zaporizka	Vilnianskyi	48.1063	35.1378
70101	Новомиколаївка	Zaporizka	Novomykolaivskyi	47.9781	35.9102
70106	Островське	Zaporizka	Novomykolaivskyi	47.9678	35.8525
70107	Михайлівське	Zaporizka	Novomykolaivskyi	47.9606	35.8683
70108	Нововікторівка	Zaporizka	Novomykolaivskyi	47.936	35.8423
70110	Новоіванківка	Zaporizka	Novomykolaivskyi	48.0698	35.7402
70111	Дудникове	Zaporizka	Novomykolaivskyi	48.0723	35.7921
70112	Сторчове	Zaporizka	Novomykolaivskyi	48.0488	35.8503
70113	Софіївка	Zaporizka	Novomykolaivskyi	48.0295	35.9505
70114	Тернівка	Zaporizka	Novomykolaivskyi	47.9242	35.8871
70115	Берестове	Zaporizka	Novomykolaivskyi	48.0659	35.8852
70120	Веселий Гай	Zaporizka	Novomykolaivskyi	47.9919	35.8181
70121	Підгірне	Zaporizka	Novomykolaivskyi	47.9245	35.7577
70122	Новосолоне	Zaporizka	Novomykolaivskyi	47.9002	35.8008
70123	Листівка	Zaporizka	Novomykolaivskyi	47.8501	35.7619
70130	Трудове	Zaporizka	Novomykolaivskyi	47.9576	36.0199
70132	Терсянка	Zaporizka	Novomykolaivskyi	47.8832	35.8934
70133	Мар'янівка	Zaporizka	Novomykolaivskyi	47.8939	35.9578
70134	Зелена Діброва	Zaporizka	Novomykolaivskyi	47.841	35.9602
70140	Зелене	Zaporizka	Novomykolaivskyi	47.9072	36.0619
70141	Шевченківське	Zaporizka	Novomykolaivskyi	47.9291	36.0668
70142	Самійлівка	Zaporizka	Novomykolaivskyi	47.8857	36.0174
70150	Тернувате	Zaporizka	Novomykolaivskyi	47.8305	36.1276
70151	Барвінівка	Zaporizka	Novomykolaivskyi	47.8098	35.9295
70152	Різдвянка	Zaporizka	Novomykolaivskyi	47.7998	36.0461
70153	Любицьке	Zaporizka	Novomykolaivskyi	47.7649	35.9662
70155	Благодатне	Zaporizka	Novomykolaivskyi	47.9087	36.1081
70156	Богданівка	Zaporizka	Novomykolaivskyi	48.0554	35.5821
70157	Богунівка	Zaporizka	Novomykolaivskyi	48.047	35.7541
70158	Бойкове	Zaporizka	Novomykolaivskyi	47.836	36.0719
70159	Василькове	Zaporizka	Novomykolaivskyi	47.8072	35.8561
70160	Вікторівка	Zaporizka	Novomykolaivskyi	47.905	35.8504
70161	Вільне	Zaporizka	Novomykolaivskyi	48.0709	35.7242
70162	Воскресенка	Zaporizka	Novomykolaivskyi	47.8352	35.9134
70163	Голубкове	Zaporizka	Novomykolaivskyi	47.9167	36.0167
70164	Горлицьке	Zaporizka	Novomykolaivskyi	48.0441	36.0237
70165	Граничне	Zaporizka	Novomykolaivskyi	48.0939	35.7963
70166	Данилівка	Zaporizka	Novomykolaivskyi	47.7359	35.9802
70167	Дубовий Гай	Zaporizka	Novomykolaivskyi	47.9443	35.7679
70168	Заливне	Zaporizka	Novomykolaivskyi	47.8695	35.8914
70169	Зарічне	Zaporizka	Novomykolaivskyi	47.832	36.1852
70170	Зірниця	Zaporizka	Novomykolaivskyi	47.8168	35.9923
70171	Зорівка	Zaporizka	Novomykolaivskyi	47.85	36.05
70172	Іванівське	Zaporizka	Novomykolaivskyi	48.0393	35.8698
70173	Кам'янка	Zaporizka	Novomykolaivskyi	47.903	35.9535
70174	Кам'янувате	Zaporizka	Novomykolaivskyi	48.0415	35.917
70175	Каштанівка	Zaporizka	Novomykolaivskyi	48.049	35.8065
70176	Київське	Zaporizka	Novomykolaivskyi	47.903	35.9535
70177	Косівцеве	Zaporizka	Novomykolaivskyi	47.81	36.1394
70178	Кринівка	Zaporizka	Novomykolaivskyi	47.8707	35.8666
70179	Лісне	Zaporizka	Novomykolaivskyi	47.7464	35.9863
70180	Миколаївка Друга	Zaporizka	Novomykolaivskyi	47.8758	35.72
70181	Миколай-Поле	Zaporizka	Novomykolaivskyi	48.0683	35.9685
70182	Мирівка	Zaporizka	Novomykolaivskyi	47.7772	35.8813
70183	Ніженка	Zaporizka	Novomykolaivskyi	47.828	35.9865
70184	Нове Поле	Zaporizka	Novomykolaivskyi	47.8667	36.1
70185	Нововолодимирівка	Zaporizka	Novomykolaivskyi	48.0202	35.7953
70186	Новогригорівка	Zaporizka	Novomykolaivskyi	47.8126	36.4357
70187	Новокасянівка	Zaporizka	Novomykolaivskyi	47.9518	36.0543
70188	Новоукраїнка	Zaporizka	Novomykolaivskyi	47.9381	35.9929
70189	Олексіївка	Zaporizka	Novomykolaivskyi	48.0844	35.7744
70190	Петропавлівка	Zaporizka	Novomykolaivskyi	47.9248	35.7812
70191	Петропавлівське	Zaporizka	Novomykolaivskyi	48.0558	35.773
70192	Придорожнє	Zaporizka	Novomykolaivskyi	47.8112	36.1078
70193	Рибальське	Zaporizka	Novomykolaivskyi	47.9232	35.9391
70194	Родинське	Zaporizka	Novomykolaivskyi	47.9232	35.9391
70195	Розівка	Zaporizka	Novomykolaivskyi	47.8441	35.9864
70196	Садове	Zaporizka	Novomykolaivskyi	48.0259	36.0471
70197	Світла Долина	Zaporizka	Novomykolaivskyi	47.8833	35.9833
70198	Сергіївка	Zaporizka	Novomykolaivskyi	47.8548	35.8191
70199	Сорочине	Zaporizka	Novomykolaivskyi	47.9858	36.0147
70201	Гуляйполе	Zaporizka	Huliaipilskyi	47.6639	36.2563
70202	Гуляйполе	Zaporizka	Huliaipilskyi	47.6639	36.2563
70203	Гуляйполе	Zaporizka	Huliaipilskyi	47.6639	36.2563
70206	Марфопіль	Zaporizka	Huliaipilskyi	47.6206	36.3621
70207	Веселе	Zaporizka	Huliaipilskyi	47.6917	36.3954
70208	Вишневе	Zaporizka	Huliaipilskyi	47.6958	36.5625
70209	Гірке	Zaporizka	Huliaipilskyi	47.6664	36.0999
70210	Темирівка	Zaporizka	Huliaipilskyi	47.8235	36.5721
70211	Успенівка	Zaporizka	Huliaipilskyi	47.7788	36.4179
70212	Успенівка	Zaporizka	Huliaipilskyi	47.7788	36.4179
70215	Оленокостянтинівка	Zaporizka	Huliaipilskyi	47.7252	36.3479
70216	Рівнопілля	Zaporizka	Huliaipilskyi	47.7453	36.3184
70217	Загірне	Zaporizka	Huliaipilskyi	47.5653	36.1736
70218	Затишшя	Zaporizka	Huliaipilskyi	47.6825	36.3267
70219	Зелене	Zaporizka	Huliaipilskyi	47.702	36.2089
70220	Воздвижівка	Zaporizka	Huliaipilskyi	47.7527	36.0802
70221	Добропілля	Zaporizka	Huliaipilskyi	47.783	36.1871
70222	Варварівка	Zaporizka	Huliaipilskyi	47.7406	36.1916
70223	Долинка	Zaporizka	Huliaipilskyi	47.7056	36.0177
70224	Верхня Терса	Zaporizka	Huliaipilskyi	47.6962	36.0829
70225	Зелений Гай	Zaporizka	Huliaipilskyi	47.6775	36.3945
70226	Копані	Zaporizka	Huliaipilskyi	47.69	36.02
70227	Красногірське	Zaporizka	Huliaipilskyi	47.8208	36.3478
70228	Криничне	Zaporizka	Huliaipilskyi	47.683	36.13
70229	Левадне	Zaporizka	Huliaipilskyi	47.7448	36.597
70230	Святопетрівка	Zaporizka	Huliaipilskyi	47.7127	36.3157
70231	Залізничне	Zaporizka	Huliaipilskyi	47.6524	36.1652
70232	Гуляйпільське	Zaporizka	Huliaipilskyi	47.7127	36.3157
70233	Мирне	Zaporizka	Huliaipilskyi	47.5778	36.113
70234	Дорожнянка	Zaporizka	Huliaipilskyi	47.5886	36.2611
70235	Нове	Zaporizka	Huliaipilskyi	47.7524	36.3935
70236	Нове Запоріжжя	Zaporizka	Huliaipilskyi	47.8229	36.2085
70237	Нововасилівське	Zaporizka	Huliaipilskyi	47.7127	36.3157
70238	Новогригорівка	Zaporizka	Huliaipilskyi	47.8126	36.4357
70239	Новодарівка	Zaporizka	Huliaipilskyi	47.7824	36.6328
70240	Полтавка	Zaporizka	Huliaipilskyi	47.7171	36.4891
70241	Приютне	Zaporizka	Huliaipilskyi	47.7266	36.674
70242	Малинівка	Zaporizka	Huliaipilskyi	47.678	36.4788
70243	Червоне	Zaporizka	Huliaipilskyi	47.6562	36.39
70244	Новозлатопіль	Zaporizka	Huliaipilskyi	47.6625	36.5689
70245	Любимівка	Zaporizka	Huliaipilskyi	47.6487	36.6927
70246	Новоіванівка	Zaporizka	Huliaipilskyi	47.802	36.4863
70247	Новомиколаївка	Zaporizka	Huliaipilskyi	47.7686	36.4382
70248	Новоукраїнське	Zaporizka	Huliaipilskyi	47.711	36.5122
70249	Новоуспенівське	Zaporizka	Huliaipilskyi	47.7388	36.3915
70250	Обратне	Zaporizka	Huliaipilskyi	47.825	36.5469
70251	Ольгівське	Zaporizka	Huliaipilskyi	47.7376	36.525
70252	Охотниче	Zaporizka	Huliaipilskyi	47.7491	36.4622
70253	Павлівка	Zaporizka	Huliaipilskyi	47.7882	36.4056
70254	Привільне	Zaporizka	Huliaipilskyi	47.7631	36.389
70255	Прилуки	Zaporizka	Huliaipilskyi	47.7535	36.1801
70256	Ремівка	Zaporizka	Huliaipilskyi	47.6974	36.6743
70257	Рибне	Zaporizka	Huliaipilskyi	47.815	36.3424
70258	Рівне	Zaporizka	Huliaipilskyi	47.7158	36.0362
70259	Солодке	Zaporizka	Huliaipilskyi	47.7865	36.3286
70260	Староукраїнка	Zaporizka	Huliaipilskyi	47.6696	36.146
70261	Степанівка	Zaporizka	Huliaipilskyi	47.6179	36.382
70262	Степове	Zaporizka	Huliaipilskyi	47.7116	36.5949
70263	Цвіткове	Zaporizka	Huliaipilskyi	47.6941	36.1253
70264	Чарівне	Zaporizka	Huliaipilskyi	47.58	36.034
70265	Яблукове	Zaporizka	Huliaipilskyi	47.7285	36.3258
70301	Розівка	Zaporizka	Rozivskyi	47.3848	37.0679
70302	Розівка	Zaporizka	Rozivskyi	47.3848	37.0679
70310	Солодководне	Zaporizka	Rozivskyi	47.573	36.7655
70311	Зеленопіль	Zaporizka	Rozivskyi	47.5517	36.8454
70312	Зоря	Zaporizka	Rozivskyi	47.2721	36.3651
70313	Новозлатопіль	Zaporizka	Rozivskyi	47.6625	36.5689
70314	Маринопіль	Zaporizka	Rozivskyi	47.5148	36.6362
70315	Святотроїцьке	Zaporizka	Rozivskyi	47.5148	36.6362
70320	Новомлинівка	Zaporizka	Rozivskyi	47.4193	36.972
70321	Новодворівка	Zaporizka	Rozivskyi	47.4393	36.9676
70322	Кузнецівка	Zaporizka	Rozivskyi	47.3627	36.9895
70330	Азов	Zaporizka	Rozivskyi	47.4518	37.1155
70331	Вишнювате	Zaporizka	Rozivskyi	47.4345	37.2123
70333	Листвянка	Zaporizka	Rozivskyi	47.396	37.1682
70334	Антонівка	Zaporizka	Rozivskyi	47.5054	37.0181
70335	Багатівка	Zaporizka	Rozivskyi	47.3856	36.9464
70336	Біловеж	Zaporizka	Rozivskyi	47.381	37.1777
70337	Верхівка	Zaporizka	Rozivskyi	47.5927	36.7366
70338	Вільне	Zaporizka	Rozivskyi	47.4514	37.1833
70339	Форойс	Zaporizka	Rozivskyi	47.4498	37.0698
70340	Запорізьке	Zaporizka	Rozivskyi	47.5811	36.7294
70341	Зоряне	Zaporizka	Rozivskyi	47.3755	37.0334
70342	Іванівка	Zaporizka	Rozivskyi	47.5837	36.7555
70343	Кобильне	Zaporizka	Rozivskyi	47.5487	36.762
70344	Луганське	Zaporizka	Rozivskyi	47.4994	36.902
70345	Мирне	Zaporizka	Rozivskyi	47.4279	37.1242
70346	Надійне	Zaporizka	Rozivskyi	47.5786	36.8353
70347	Новгород	Zaporizka	Rozivskyi	47.5428	36.9173
70348	Першотравневе	Zaporizka	Rozivskyi	47.3566	37.0588
70401	Миколай-Поле	Zaporizka	Zaporizkyi	48.0791	34.8877
70402	Новопетрівка	Zaporizka	Zaporizkyi	48.0671	34.9831
70403	Августинівка	Zaporizka	Zaporizkyi	48.034	35.0336
70404	Веселе	Zaporizka	Zaporizkyi	47.9921	34.9334
70405	Петропіль	Zaporizka	Zaporizkyi	48.0154	34.9497
70406	Відрадне	Zaporizka	Zaporizkyi	47.9888	35.0619
70407	Біленьке Перше	Zaporizka	Zaporizkyi	47.6334	35.0678
70408	Водяне	Zaporizka	Zaporizkyi	47.9	34.8333
70409	Дніпрові Хвилі	Zaporizka	Zaporizkyi	48.0593	34.9434
70410	Лукашеве	Zaporizka	Zaporizkyi	47.9592	34.9595
70411	Володимирівське	Zaporizka	Zaporizkyi	47.9205	35.0841
70412	Дніпрельстан	Zaporizka	Zaporizkyi	47.9316	35.0228
70413	Широке	Zaporizka	Zaporizkyi	47.9155	34.903
70414	Долинівка	Zaporizka	Zaporizkyi	48.0825	34.9687
70415	Запорожець	Zaporizka	Zaporizkyi	47.6947	35.446
70416	Івангород	Zaporizka	Zaporizkyi	48.0386	34.9854
70417	Сонячне	Zaporizka	Zaporizkyi	47.8926	35.0168
70418	Івано-Ганнівка	Zaporizka	Zaporizkyi	47.849	35.3706
70419	Канцерівка	Zaporizka	Zaporizkyi	47.9205	35.0841
70420	Долинське	Zaporizka	Zaporizkyi	47.8759	35.0333
70421	Високогірне	Zaporizka	Zaporizkyi	47.8514	34.9576
70422	Нове Запоріжжя	Zaporizka	Zaporizkyi	47.8281	34.9346
70423	Бабурка	Zaporizka	Zaporizkyi	47.7944	35.0546
70424	Розумівка	Zaporizka	Zaporizkyi	47.7535	35.1379
70425	Нижня Хортиця	Zaporizka	Zaporizkyi	47.7694	35.1256
70426	Гурського	Zaporizka	Zaporizkyi	47.8759	35.0333
70427	Крилівське	Zaporizka	Zaporizkyi	48.0603	35.0335
70428	Лемешинське	Zaporizka	Zaporizkyi	48.0116	35.0339
70429	Малишівка	Zaporizka	Zaporizkyi	47.9383	34.9886
70430	Наталівка	Zaporizka	Zaporizkyi	47.8421	35.3529
70431	Лежине	Zaporizka	Zaporizkyi	47.8063	35.3598
70432	Степне	Zaporizka	Zaporizkyi	47.7985	35.3065
70433	Новоолександрівка	Zaporizka	Zaporizkyi	47.7529	35.365
70434	Юльївка	Zaporizka	Zaporizkyi	47.7034	35.4388
70435	Балабине	Zaporizka	Zaporizkyi	47.7442	35.2173
70436	Морозівка	Zaporizka	Zaporizkyi	48.1139	34.8734
70437	Надія	Zaporizka	Zaporizkyi	48.0331	34.9306
70438	Нововознесенка	Zaporizka	Zaporizkyi	48.0142	34.8702
70439	Новодніпровка	Zaporizka	Zaporizkyi	47.9893	34.881
70440	Мар'ївка	Zaporizka	Zaporizkyi	47.8732	35.83
70441	Біленьке	Zaporizka	Zaporizkyi	47.6315	35.0431
70442	Канівське	Zaporizka	Zaporizkyi	47.6935	35.1079
70443	Лисогірка	Zaporizka	Zaporizkyi	47.6571	35.0926
70444	Новооленівка	Zaporizka	Zaporizkyi	47.7687	35.3676
70445	Новоселище	Zaporizka	Zaporizkyi	48.0268	35.0221
70446	Новосергіївка	Zaporizka	Zaporizkyi	48.5366	36.9173
70447	Новослобідка	Zaporizka	Zaporizkyi	47.8112	35.0093
70448	Новостепнянське	Zaporizka	Zaporizkyi	47.8134	35.4263
70449	Зеленопілля	Zaporizka	Zaporizkyi	47.9205	39.4838
70450	Кушугум	Zaporizka	Zaporizkyi	47.7128	35.2092
70451	Петропавлівка	Zaporizka	Zaporizkyi	47.9892	34.9712
70452	Григорівка	Zaporizka	Zaporizkyi	47.6926	35.3488
70453	Веселянка	Zaporizka	Zaporizkyi	47.6832	35.3676
70454	Малокатеринівка	Zaporizka	Zaporizkyi	47.6555	35.2565
70455	Привітне	Zaporizka	Zaporizkyi	48.0074	35.1176
70456	Придніпровське	Zaporizka	Zaporizkyi	47.4468	35.1354
70457	Привільне	Zaporizka	Zaporizkyi	44.7995	34.3424
70458	Річне	Zaporizka	Zaporizkyi	47.6741	35.3199
70459	Ростуще	Zaporizka	Zaporizkyi	47.8072	35.2853
70460	Ручаївка	Zaporizka	Zaporizkyi	47.8808	34.8826
70461	Світанок	Zaporizka	Zaporizkyi	48.0217	35.0527
70462	Смоляне	Zaporizka	Zaporizkyi	47.7557	34.9738
70463	Уділенське	Zaporizka	Zaporizkyi	47.7389	34.9683
70464	Зоряне	Zaporizka	Zaporizkyi	47.3755	37.0334
70465	Федорівка	Zaporizka	Zaporizkyi	48.0827	35.026
70466	Хортиця	Zaporizka	Zaporizkyi	50.4341	32.8885
70467	Червоний Яр	Zaporizka	Zaporizkyi	48.0333	34.9667
70468	Червонодніпровка	Zaporizka	Zaporizkyi	47.5667	34.9667
70469	Черепівське	Zaporizka	Zaporizkyi	47.8478	35.412
70470	Шевченківське	Zaporizka	Zaporizkyi	48.1994	35.6048
70471	Яворницьке	Zaporizka	Zaporizkyi	48.0403	34.8601
70500	Оріхів	Zaporizka	Orikhivskyi	47.5673	35.7857
70501	Оріхів	Zaporizka	Orikhivskyi	47.5673	35.7857
70502	Оріхів	Zaporizka	Orikhivskyi	47.5673	35.7857
70503	Оріхів	Zaporizka	Orikhivskyi	47.5673	35.7857
70504	Оріхів	Zaporizka	Orikhivskyi	47.5673	35.7857
70505	Новоданилівка	Zaporizka	Orikhivskyi	47.5226	35.8242
70506	Веселе	Zaporizka	Orikhivskyi	47.761	35.6655
70507	Вільне	Zaporizka	Orikhivskyi	47.7922	35.4446
70508	Григорівське	Zaporizka	Orikhivskyi	47.7522	35.4559
70509	Щербаки	Zaporizka	Orikhivskyi	47.5511	35.5818
70510	Новотавричеське	Zaporizka	Orikhivskyi	47.8161	35.4593
70511	Оленівка	Zaporizka	Orikhivskyi	47.7953	35.5011
70512	Ясна Поляна	Zaporizka	Orikhivskyi	47.8123	35.7483
70513	Новоіванівка	Zaporizka	Orikhivskyi	47.7985	35.6455
70514	Щасливе	Zaporizka	Orikhivskyi	47.7609	35.5569
70515	Новотроїцьке	Zaporizka	Orikhivskyi	47.786	35.5997
70516	Жовта Круча	Zaporizka	Orikhivskyi	47.7332	35.6868
70520	Вільнянка	Zaporizka	Orikhivskyi	48.5561	38.1932
70521	Микільське	Zaporizka	Orikhivskyi	49.5249	39.9571
70522	Омельник	Zaporizka	Orikhivskyi	48.5561	38.1932
70523	Новоселівка	Zaporizka	Orikhivskyi	47.5872	36.4293
70530	Комишуваха	Zaporizka	Orikhivskyi	47.716	35.5298
70533	Одарівка	Zaporizka	Orikhivskyi	47.7089	35.6199
70534	Зарічне	Zaporizka	Orikhivskyi	47.832	36.1852
70535	Юрківка	Zaporizka	Orikhivskyi	47.6545	35.655
70536	Новояковлівка	Zaporizka	Orikhivskyi	47.6254	35.5116
70537	Магдалинівка	Zaporizka	Orikhivskyi	47.6443	35.4537
70540	Таврійське	Zaporizka	Orikhivskyi	47.5941	35.7599
70542	Таврійське	Zaporizka	Orikhivskyi	47.5941	35.7599
70543	Новоандріївка	Zaporizka	Orikhivskyi	47.5461	35.7025
70544	Новопавлівка	Zaporizka	Orikhivskyi	47.5938	35.7079
70545	Преображенка	Zaporizka	Orikhivskyi	47.5719	35.8167
70546	Васинівка	Zaporizka	Orikhivskyi	47.6646	35.8124
70550	Мала Токмачка	Zaporizka	Orikhivskyi	47.5356	35.8929
70551	Білогір'я	Zaporizka	Orikhivskyi	47.5194	35.9405
70552	Новопокровка	Zaporizka	Orikhivskyi	47.5033	35.988
70560	Мирне	Zaporizka	Orikhivskyi	47.472	35.6014
70561	Нестерянка	Zaporizka	Orikhivskyi	47.4958	35.6836
70562	Копані	Zaporizka	Orikhivskyi	47.4618	35.7258
70568	Блакитне	Zaporizka	Orikhivskyi	47.718	35.6527
70569	Василівське	Zaporizka	Orikhivskyi	47.5369	35.6659
70573	Дружне	Zaporizka	Orikhivskyi	47.8263	35.5907
70574	Дудникове	Zaporizka	Orikhivskyi	47.8434	35.6171
70576	Єгорівка	Zaporizka	Orikhivskyi	47.6291	35.927
70577	Запасне	Zaporizka	Orikhivskyi	47.6483	35.5313
70578	Калинівка	Zaporizka	Orikhivskyi	47.0243	35.9976
70579	Кирпотине	Zaporizka	Orikhivskyi	47.8059	35.4699
70580	Кущове	Zaporizka	Orikhivskyi	47.7686	35.5937
70581	Лугівське	Zaporizka	Orikhivskyi	47.5246	36.0355
70582	Любимівка	Zaporizka	Orikhivskyi	47.685	35.6413
70583	Новобойківське	Zaporizka	Orikhivskyi	47.6316	35.4762
70584	Новомихайлівка	Zaporizka	Orikhivskyi	47.8383	35.5309
70586	Новорозівка	Zaporizka	Orikhivskyi	47.7705	35.7622
70587	Новосолошине	Zaporizka	Orikhivskyi	47.749	35.9237
70588	Обще	Zaporizka	Orikhivskyi	47.7638	35.8513
70589	Свобода	Zaporizka	Orikhivskyi	47.6823	35.9184
70590	Славне	Zaporizka	Orikhivskyi	47.7606	35.6858
70591	Тарасівка	Zaporizka	Orikhivskyi	47.7774	35.4436
70592	Тимошівка	Zaporizka	Orikhivskyi	47.7213	35.9202
70593	Трудолюбівка	Zaporizka	Orikhivskyi	47.8092	35.5356
70594	Трудооленівка	Zaporizka	Orikhivskyi	47.857	35.7235
70595	Червона Криниця	Zaporizka	Orikhivskyi	47.604	35.8874
70596	Жовтеньке	Zaporizka	Orikhivskyi	47.7402	35.7544
70597	Червоний Яр	Zaporizka	Orikhivskyi	47.7049	35.9036
70598	Широке	Zaporizka	Orikhivskyi	47.6868	35.9358
70600	Пологи	Zaporizka	Polohivskyi	47.4844	36.2536
70602	Пологи	Zaporizka	Polohivskyi	47.4844	36.2536
70604	Пологи	Zaporizka	Polohivskyi	47.4844	36.2536
70605	Пологи	Zaporizka	Polohivskyi	47.4844	36.2536
70606	Пологи	Zaporizka	Polohivskyi	47.4844	36.2536
70607	Пологи	Zaporizka	Polohivskyi	47.4844	36.2536
70608	Пологи	Zaporizka	Polohivskyi	47.4844	36.2536
70615	Пологи село	Zaporizka	Polohivskyi	47.558	36.291
70618	Костянтинівка	Zaporizka	Polohivskyi	47.558	36.291
70620	Новоселівка	Zaporizka	Polohivskyi	47.6172	36.0014
70622	Красноселівка	Zaporizka	Polohivskyi	47.6136	36.5661
70623	Балочки	Zaporizka	Polohivskyi	47.4858	36.4586
70624	Воскресенка	Zaporizka	Polohivskyi	46.8149	35.871
70625	Воскресенка	Zaporizka	Polohivskyi	46.8149	35.871
70627	Федорівка	Zaporizka	Polohivskyi	46.7871	35.7917
70628	Федорівка	Zaporizka	Polohivskyi	46.7871	35.7917
70630	Новокарлівка	Zaporizka	Polohivskyi	47.5105	36.0407
70632	Новофедорівка	Zaporizka	Polohivskyi	47.462	36.0475
70633	Вербове	Zaporizka	Polohivskyi	47.4293	35.9828
70634	Інженерне	Zaporizka	Polohivskyi	47.5047	36.0888
70635	Інженерне	Zaporizka	Polohivskyi	47.5047	36.0888
70640	Тарасівка	Zaporizka	Polohivskyi	47.4089	36.1224
70641	Романівське	Zaporizka	Polohivskyi	47.3829	36.0342
70642	Шевченкове	Zaporizka	Polohivskyi	47.3727	36.1483
70643	Басань	Zaporizka	Polohivskyi	47.4192	36.1294
70644	Ожерельне	Zaporizka	Polohivskyi	47.3959	36.1086
70650	Кінські Роздори	Zaporizka	Polohivskyi	47.4162	36.4184
70651	Кінські Роздори	Zaporizka	Polohivskyi	47.4162	36.4184
70652	Магедове	Zaporizka	Polohivskyi	47.4346	36.5096
70660	Семенівка	Zaporizka	Polohivskyi	47.3327	36.2856
70661	Григорівка	Zaporizka	Polohivskyi	47.3166	36.3097
70662	Андріївське	Zaporizka	Polohivskyi	47.4496	36.3276
70663	Багате	Zaporizka	Polohivskyi	47.5124	36.0829
70664	Бурлацьке	Zaporizka	Polohivskyi	47.4496	36.3276
70665	Дмитрівське	Zaporizka	Polohivskyi	47.3819	36.3287
70666	Золота Поляна	Zaporizka	Polohivskyi	47.5221	36.5149
70667	Івана Франка	Zaporizka	Polohivskyi	47.5014	36.1536
70668	Лозове	Zaporizka	Polohivskyi	47.4261	36.5294
70669	Межиріч	Zaporizka	Polohivskyi	47.6037	36.4163
70670	Нова Дача	Zaporizka	Polohivskyi	47.3693	36.356
70671	Павлівське	Zaporizka	Polohivskyi	47.4716	36.0497
70672	Решетилівське	Zaporizka	Polohivskyi	47.5774	36.3425
70673	Тернове	Zaporizka	Polohivskyi	47.4945	36.5867
70674	Українське	Zaporizka	Polohivskyi	47.5204	36.4058
70675	Хліборобне	Zaporizka	Polohivskyi	47.5167	36.6
70676	Чкалова	Zaporizka	Polohivskyi	47.6158	36.5221
70677	Чумацьке	Zaporizka	Polohivskyi	47.5438	36.3195
70678	Шевченка	Zaporizka	Polohivskyi	47.5741	36.4702
71001	Більмак	Zaporizka	Kuibyshevskyi	47.3254	36.658
71005	Червоне Озеро	Zaporizka	Kuibyshevskyi	47.3333	36.7333
71006	Трудове	Zaporizka	Kuibyshevskyi	47.3175	36.5827
71010	Сміле	Zaporizka	Kuibyshevskyi	47.5425	36.6821
71011	Червоноселівка	Zaporizka	Kuibyshevskyi	47.4951	36.7137
71012	Новоукраїнка	Zaporizka	Kuibyshevskyi	47.4363	36.6862
71013	Мар'янівка	Zaporizka	Kuibyshevskyi	47.467	36.7084
71014	Вершина	Zaporizka	Kuibyshevskyi	47.3902	36.8137
71015	Гоголівка	Zaporizka	Kuibyshevskyi	47.471	36.6462
71020	Гусарка	Zaporizka	Kuibyshevskyi	47.3611	36.523
71021	Зразкове	Zaporizka	Kuibyshevskyi	47.3257	36.4459
71022	Зелений Гай	Zaporizka	Kuibyshevskyi	47.3173	36.4841
71030	Комиш-Зоря	Zaporizka	Kuibyshevskyi	47.3275	36.693
71031	Шевченківське	Zaporizka	Kuibyshevskyi	47.9291	36.0668
71040	Смирнове	Zaporizka	Kuibyshevskyi	47.2186	36.5429
71041	Вершина Друга	Zaporizka	Kuibyshevskyi	47.2283	36.4967
71042	Олексіївка	Zaporizka	Kuibyshevskyi	48.0844	35.7744
71043	Титове	Zaporizka	Kuibyshevskyi	47.5104	36.2713
71050	Благовіщенка	Zaporizka	Kuibyshevskyi	47.454	34.8337
71051	Більманка	Zaporizka	Kuibyshevskyi	47.2448	36.6687
71052	Ланцеве	Zaporizka	Kuibyshevskyi	47.2333	36.7517
71053	Білоцерківка	Zaporizka	Kuibyshevskyi	47.2361	36.8201
71054	Березівка	Zaporizka	Kuibyshevskyi	47.4781	36.5898
71055	Верхньодрагунське	Zaporizka	Kuibyshevskyi	47.2833	36.45
71056	Веселоіванівське	Zaporizka	Kuibyshevskyi	47.4552	36.6299
71058	Грузьке	Zaporizka	Kuibyshevskyi	47.3407	36.392
71059	Бережне	Zaporizka	Kuibyshevskyi	47.3407	36.392
71060	Діброва	Zaporizka	Kuibyshevskyi	47.3167	36.4
71061	Дубове	Zaporizka	Kuibyshevskyi	47.3	36.6333
71062	Дружне	Zaporizka	Kuibyshevskyi	47.8263	35.5907
71063	Мирське	Zaporizka	Kuibyshevskyi	47.4265	36.9044
71064	Новокам'янка	Zaporizka	Kuibyshevskyi	47.4588	36.5967
71065	Очеретувате	Zaporizka	Kuibyshevskyi	47.3696	36.7894
71066	Пробудження	Zaporizka	Kuibyshevskyi	47.3987	36.8353
71067	Руденка	Zaporizka	Kuibyshevskyi	47.3519	36.8119
71068	Самійлівка	Zaporizka	Kuibyshevskyi	47.5889	36.6973
71069	Світле	Zaporizka	Kuibyshevskyi	47.5506	36.7077
71070	Тернове	Zaporizka	Kuibyshevskyi	47.3436	36.8321
71071	Труженка	Zaporizka	Kuibyshevskyi	47.3301	36.9683
71072	Черешневе	Zaporizka	Kuibyshevskyi	47.2908	36.898
71100	Бердянськ	Zaporizka	Berdianskyi	46.7664	36.7987
71101	Бердянськ	Zaporizka	Berdianskyi	46.7664	36.7987
71106	Бердянськ	Zaporizka	Berdianskyi	46.7664	36.7987
71107	Бердянськ	Zaporizka	Berdianskyi	46.7664	36.7987
71108	Бердянськ	Zaporizka	Berdianskyi	46.7664	36.7987
71111	Бердянськ	Zaporizka	Berdianskyi	46.7664	36.7987
71112	Бердянськ	Zaporizka	Berdianskyi	46.7664	36.7987
71113	Бердянськ	Zaporizka	Berdianskyi	46.7664	36.7987
71114	Бердянськ	Zaporizka	Berdianskyi	46.7664	36.7987
71116	Бердянськ	Zaporizka	Berdianskyi	46.7664	36.7987
71118	Бердянськ	Zaporizka	Berdianskyi	46.7664	36.7987
71122	Бердянськ	Zaporizka	Berdianskyi	46.7664	36.7987
71123	Бердянськ	Zaporizka	Berdianskyi	46.7664	36.7987
71124	Бердянськ	Zaporizka	Berdianskyi	46.7664	36.7987
71128	Нововасилівка	Zaporizka	Berdianskyi	46.8567	36.7793
71129	Роза (Нововасилівська)	Zaporizka	Berdianskyi	46.789	36.7939
71130	Берестове	Zaporizka	Berdianskyi	47.1399	36.8016
71133	Троїцьке	Zaporizka	Berdianskyi	47.0791	36.8781
71134	Калайтанівка	Zaporizka	Berdianskyi	47.0708	36.9612
71135	Миколаївка	Zaporizka	Berdianskyi	47.0266	36.8714
71140	Андріївка	Zaporizka	Berdianskyi	47.0989	36.5836
71141	Успенівка (Андріївська селищна рада)	Zaporizka	Berdianskyi	47.0989	36.5836
71143	Софіївка (Андріївська селищна рада)	Zaporizka	Berdianskyi	47.0989	36.5836
71144	Новотроїцьке	Zaporizka	Berdianskyi	47.0989	36.5836
71145	Долинське	Zaporizka	Berdianskyi	47.0989	36.5836
71147	Шевченкове (Долинська)	Zaporizka	Berdianskyi	47.0989	36.5836
71150	Андрівка (Андрівська)	Zaporizka	Berdianskyi	46.9026	36.9578
71151	Трояни (Андрівська)	Zaporizka	Berdianskyi	46.9026	36.9578
71153	Дмитрівка	Zaporizka	Berdianskyi	46.8476	36.5735
71154	Азовське	Zaporizka	Berdianskyi	46.9575	37.3422
71160	Осипенко (Осипенківська)	Zaporizka	Berdianskyi	46.8255	36.8931
71162	Новопетрівка	Zaporizka	Berdianskyi	46.8255	36.8931
71163	Старопетрівка (Новопетрівська)	Zaporizka	Berdianskyi	46.8255	36.8931
71170	Червоне Поле (Червонопільська)	Zaporizka	Berdianskyi	47.01	36.6697
71171	Глодове	Zaporizka	Berdianskyi	47.0575	36.9048
71172	Бердянське (Червонопільська)	Zaporizka	Berdianskyi	47.01	36.6697
71173	Дахно	Zaporizka	Berdianskyi	47.0522	36.478
71174	Деревецьке	Zaporizka	Berdianskyi	46.9754	37.0586
71176	Довбине	Zaporizka	Berdianskyi	47.01	36.6697
71177	Іванівка	Zaporizka	Berdianskyi	47.0158	36.6139
71178	Коза	Zaporizka	Berdianskyi	47.0186	36.4968
71179	Кримка	Zaporizka	Berdianskyi	46.9404	36.4659
71180	Куликівське	Zaporizka	Berdianskyi	46.8826	37.0451
71181	Малинівка	Zaporizka	Berdianskyi	47.0501	36.7346
71182	Новоіванівка	Zaporizka	Berdianskyi	46.9889	36.8692
71183	Новосільське	Zaporizka	Berdianskyi	47.0605	36.4768
71184	Новосолдатське	Zaporizka	Berdianskyi	46.9827	36.7079
71186	Оленівка	Zaporizka	Berdianskyi	46.9757	36.4817
71187	Полоузівка	Zaporizka	Berdianskyi	46.9385	36.64
71188	Радивонівка (Миколаївська)	Zaporizka	Berdianskyi	46.9827	36.7079
71189	Сахно (Андріївська селищна рада)	Zaporizka	Berdianskyi	46.9827	36.7079
71190	Сачки (Берестівська)	Zaporizka	Berdianskyi	46.9013	36.7714
71191	Шевченка (Дмитрівська)	Zaporizka	Berdianskyi	46.9013	36.7714
71192	Шовкове (Нововасилівська)	Zaporizka	Berdianskyi	46.9013	36.7714
71201	Чернігівка	Zaporizka	Chernihivskyi	47.1999	36.1615
71202	Чернігівка	Zaporizka	Chernihivskyi	47.1999	36.1615
71205	Могиляни	Zaporizka	Chernihivskyi	47.1481	36.287
71206	Верхній Токмак Перший	Zaporizka	Chernihivskyi	47.2056	36.3189
71210	Новомихайлівка	Zaporizka	Chernihivskyi	47.8383	35.5309
71211	Новоказанкувате	Zaporizka	Chernihivskyi	47.2656	36.1695
71213	Крижчене	Zaporizka	Chernihivskyi	47.4098	36.0871
71214	Новополтавка	Zaporizka	Chernihivskyi	47.2631	36.283
71215	Зоря	Zaporizka	Chernihivskyi	47.2721	36.3651
71220	Стульневе	Zaporizka	Chernihivskyi	47.2178	36.0902
71221	Владівка	Zaporizka	Chernihivskyi	47.1642	36.0138
71222	Широкий Яр	Zaporizka	Chernihivskyi	47.1358	35.9456
71223	Хмельницьке	Zaporizka	Chernihivskyi	47.1839	36.0349
71224	Стульневе	Zaporizka	Chernihivskyi	47.2178	36.0902
71230	Верхній Токмак	Zaporizka	Chernihivskyi	47.1469	36.4605
71231	Обіточне	Zaporizka	Chernihivskyi	47.1469	36.4605
71232	Салтичія	Zaporizka	Chernihivskyi	47.1469	36.4605
71240	Богданівка	Zaporizka	Chernihivskyi	47.1064	36.0454
71241	Замістя	Zaporizka	Chernihivskyi	47.0614	36.0379
71242	Просторе	Zaporizka	Chernihivskyi	47.0882	36.2126
71243	Довге	Zaporizka	Chernihivskyi	47.1167	36.1333
71244	Ільїне	Zaporizka	Chernihivskyi	47.1083	36.0643
71245	Олександрівка	Zaporizka	Chernihivskyi	47.0281	36.0366
71246	Балашівка	Zaporizka	Chernihivskyi	47.1579	35.8666
71247	Благодатне	Zaporizka	Chernihivskyi	47.1295	35.9056
71248	Бойове	Zaporizka	Chernihivskyi	47.0644	36.0879
71249	Верхній Токмак Другий	Zaporizka	Chernihivskyi	47.2223	36.2525
71250	Зелений Яр	Zaporizka	Chernihivskyi	47.1	35.95
71251	Калинівка	Zaporizka	Chernihivskyi	47.0243	35.9976
71252	Кам'янка	Zaporizka	Chernihivskyi	47.0945	36.0842
71253	Квіткове	Zaporizka	Chernihivskyi	47.1	36.2833
71254	Котлярівка	Zaporizka	Chernihivskyi	47.1204	36.2548
71255	Красне	Zaporizka	Chernihivskyi	47.0167	36.1167
71256	Ланкове	Zaporizka	Chernihivskyi	47.1656	35.9359
71257	Мокрий Став	Zaporizka	Chernihivskyi	47.1345	36.0509
71258	Нижній Токмак	Zaporizka	Chernihivskyi	47.0945	36.0842
71260	Петропавлівка	Zaporizka	Chernihivskyi	47.9248	35.7812
71261	Пірчине	Zaporizka	Chernihivskyi	47.2117	36.2805
71262	Розівка	Zaporizka	Chernihivskyi	47.0663	36.1674
71263	Степове	Zaporizka	Chernihivskyi	47.1585	36.0772
71264	Тарасівка	Zaporizka	Chernihivskyi	47.4089	36.1224
71265	Чернігово-Токмачанськ	Zaporizka	Chernihivskyi	47.1376	36.2106
71300	Кам'янка-Дніпровська	Zaporizka	Kamiansko-Dniprovskyi	47.4848	34.4115
71301	Кам'янка-Дніпровська	Zaporizka	Kamiansko-Dniprovskyi	47.4848	34.4115
71302	Кам'янка-Дніпровська	Zaporizka	Kamiansko-Dniprovskyi	47.4848	34.4115
71303	Кам'янка-Дніпровська	Zaporizka	Kamiansko-Dniprovskyi	47.4848	34.4115
71304	Кам'янка-Дніпровська	Zaporizka	Kamiansko-Dniprovskyi	47.4848	34.4115
71311	Велика Знам'янка	Zaporizka	Kamiansko-Dniprovskyi	47.4464	34.3513
71312	Велика Знам'янка	Zaporizka	Kamiansko-Dniprovskyi	47.4464	34.3513
71313	Велика Знам'янка	Zaporizka	Kamiansko-Dniprovskyi	47.4464	34.3513
71316	Водяне	Zaporizka	Kamiansko-Dniprovskyi	47.4875	34.4924
71317	Водяне	Zaporizka	Kamiansko-Dniprovskyi	47.4875	34.4924
71320	Іванівка	Zaporizka	Kamiansko-Dniprovskyi	47.4799	34.7532
71321	Дніпровка	Zaporizka	Kamiansko-Dniprovskyi	47.4294	34.6181
71322	Нововодяне	Zaporizka	Kamiansko-Dniprovskyi	47.4297	34.6907
71323	Новоукраїнка	Zaporizka	Kamiansko-Dniprovskyi	47.4733	34.6961
71330	Благовіщенка	Zaporizka	Kamiansko-Dniprovskyi	47.454	34.8337
71331	Новодніпровка	Zaporizka	Kamiansko-Dniprovskyi	47.4126	34.7638
71333	Заповітне	Zaporizka	Kamiansko-Dniprovskyi	46.7609	34.1735
71340	Гуртове	Zaporizka	Kamiansko-Dniprovskyi	47.3528	34.7303
71341	Мічуріна	Zaporizka	Kamiansko-Dniprovskyi	47.482	34.571
71342	Новоолексіївка	Zaporizka	Kamiansko-Dniprovskyi	46.8011	36.1963
71343	Подове	Zaporizka	Kamiansko-Dniprovskyi	47.4	34.7333
71344	Примірне	Zaporizka	Kamiansko-Dniprovskyi	47.4727	34.664
71345	Цвіткове	Zaporizka	Kamiansko-Dniprovskyi	47.352	34.708
71346	Шляхове	Zaporizka	Kamiansko-Dniprovskyi	49.8245	35.421
71400	Велика Білозерка	Zaporizka	Velykobilozerskyi	47.2776	34.7062
71401	Велика Білозерка	Zaporizka	Velykobilozerskyi	47.2776	34.7062
71402	Велика Білозерка	Zaporizka	Velykobilozerskyi	47.2776	34.7062
71404	Велика Білозерка	Zaporizka	Velykobilozerskyi	47.2776	34.7062
71406	Зелена Балка	Zaporizka	Velykobilozerskyi	47.2381	34.5274
71407	Качкарівка	Zaporizka	Velykobilozerskyi	47.2751	34.5892
71408	Степове	Zaporizka	Kamiansko-Dniprovskyi	46.6989	34.7975
71410	Гюнівка	Zaporizka	Velykobilozerskyi	47.2171	34.5467
71411	Новопетрівка	Zaporizka	Velykobilozerskyi	47.2861	34.5465
71500	Енергодар	Zaporizka	Enerhodar	47.4986	34.6574
71501	Енергодар	Zaporizka	Enerhodar	47.4986	34.6574
71502	Енергодар	Zaporizka	Enerhodar	47.4986	34.6574
71503	Енергодар	Zaporizka	Enerhodar	47.4986	34.6574
71504	Енергодар	Zaporizka	Enerhodar	47.4986	34.6574
71601	Василівка	Zaporizka	Vasylivskyi	47.4369	35.2742
71602	Василівка	Zaporizka	Vasylivskyi	47.4369	35.2742
71603	Василівка	Zaporizka	Vasylivskyi	47.4369	35.2742
71609	Ясна Поляна	Zaporizka	Vasylivskyi	47.3787	35.1183
71610	Приморське	Zaporizka	Vasylivskyi	47.8018	35.2112
71611	Степногірськ	Zaporizka	Vasylivskyi	47.5889	35.3631
71612	Кам'янське	Zaporizka	Vasylivskyi	48.5113	34.6021
71613	Плавні	Zaporizka	Vasylivskyi	47.5594	35.3312
71614	Малі Щербаки	Zaporizka	Vasylivskyi	47.5475	35.5483
71615	Приморське	Zaporizka	Vasylivskyi	47.8018	35.2112
71620	Лугове	Zaporizka	Vasylivskyi	47.4961	35.3805
71621	П'ятихатки	Zaporizka	Vasylivskyi	47.4918	35.3308
71622	Верхня Криниця	Zaporizka	Vasylivskyi	47.4875	35.281
71630	Дніпрорудне	Zaporizka	Vasylivskyi	47.3817	34.9765
71632	Дніпрорудне	Zaporizka	Vasylivskyi	47.3817	34.9765
71635	Балки	Zaporizka	Vasylivskyi	47.3834	34.944
71640	Скельки	Zaporizka	Vasylivskyi	47.4111	35.1398
71641	Златопіль	Zaporizka	Vasylivskyi	47.4083	35.0247
71642	Першотравневе	Zaporizka	Vasylivskyi	47.4173	35.2075
71643	Шевченка	Zaporizka	Vasylivskyi	47.4077	35.1872
71650	Широке	Zaporizka	Vasylivskyi	47.4209	35.4099
71651	Долинка	Zaporizka	Vasylivskyi	47.7056	36.0177
71652	Підгірне	Zaporizka	Vasylivskyi	47.4427	35.3404
71653	Переможне	Zaporizka	Vasylivskyi	47.433	35.5288
71654	Зелений Гай	Zaporizka	Vasylivskyi	47.3362	35.4788
71660	Орлянське	Zaporizka	Vasylivskyi	47.3047	35.0254
71663	Відножине	Zaporizka	Vasylivskyi	47.3261	35.0341
71664	Тополине	Zaporizka	Vasylivskyi	47.2833	35.0167
71670	Мала Білозерка	Zaporizka	Vasylivskyi	47.2474	34.9346
71671	Мала Білозерка	Zaporizka	Vasylivskyi	47.2474	34.9346
71672	Мала Білозерка	Zaporizka	Vasylivskyi	47.2474	34.9346
71673	Мала Білозерка	Zaporizka	Vasylivskyi	47.2474	34.9346
71674	Мала Білозерка	Zaporizka	Vasylivskyi	47.2474	34.9346
71684	Гладке	Zaporizka	Vasylivskyi	47.4558	35.3952
71686	Грозове	Zaporizka	Vasylivskyi	47.4726	35.4386
71687	Жереб'янки	Zaporizka	Vasylivskyi	47.5018	35.4308
71688	Коновалова	Zaporizka	Vasylivskyi	47.4923	35.5407
71689	Лісне	Zaporizka	Vasylivskyi	47.4705	35.345
71690	Лобкове	Zaporizka	Vasylivskyi	47.5257	35.4391
71691	Лук'янівське	Zaporizka	Vasylivskyi	47.4425	35.28
71692	Маячка	Zaporizka	Vasylivskyi	47.4357	35.0524
71693	Новобілозерка	Zaporizka	Vasylivskyi	47.2936	34.925
71694	Павлівка	Zaporizka	Vasylivskyi	47.6014	35.5127
71695	Степове	Zaporizka	Vasylivskyi	47.5431	35.4832
71696	Тернувате	Zaporizka	Vasylivskyi	47.4264	35.5656
71697	Улянівка	Zaporizka	Vasylivskyi	47.2718	34.9819
71700	Токмак	Zaporizka	Tokmatskyi	47.2552	35.7124
71701	Токмак	Zaporizka	Tokmatskyi	47.2552	35.7124
71702	Токмак	Zaporizka	Tokmatskyi	47.2552	35.7124
71703	Токмак	Zaporizka	Tokmatskyi	47.2552	35.7124
71706	Токмак	Zaporizka	Tokmatskyi	47.2552	35.7124
71708	Токмак	Zaporizka	Tokmatskyi	47.2552	35.7124
71709	Токмак	Zaporizka	Tokmatskyi	47.2552	35.7124
71716	Молочанськ	Zaporizka	Tokmatskyi	47.2018	35.6022
71717	Молочанськ	Zaporizka	Tokmatskyi	47.2018	35.6022
71720	Роботине	Zaporizka	Tokmatskyi	47.4456	35.8343
71721	Новопрокопівка	Zaporizka	Tokmatskyi	47.4105	35.8362
71723	Солодка Балка	Zaporizka	Tokmatskyi	47.3849	35.7829
71724	Нове	Zaporizka	Tokmatskyi	47.3471	35.7939
71725	Чистопілля	Zaporizka	Tokmatskyi	47.3706	35.6655
71726	Веселе	Zaporizka	Tokmatskyi	47.1897	35.7405
71727	Вишневе	Zaporizka	Tokmatskyi	47.3	35.5512
71728	Гришине	Zaporizka	Tokmatskyi	47.1134	35.8397
71729	Заможне	Zaporizka	Tokmatskyi	47.267	35.6249
71730	Таврія	Zaporizka	Tokmatskyi	47.3507	35.5396
71731	Новогорівка	Zaporizka	Tokmatskyi	47.3706	35.5436
71732	Зелений Гай	Zaporizka	Tokmatskyi	47.3362	35.4788
71733	Кохане	Zaporizka	Tokmatskyi	47.2917	35.5035
71734	Іванівка	Zaporizka	Tokmatskyi	47.2547	35.8279
71735	Ільченкове	Zaporizka	Tokmatskyi	47.3987	35.7996
71736	Степове	Zaporizka	Tokmatskyi	47.5431	35.4832
71737	Курошани	Zaporizka	Tokmatskyi	47.098	35.6633
71738	Кутузівка	Zaporizka	Tokmatskyi	47.22	35.639
71739	Левадне	Zaporizka	Tokmatskyi	47.1751	35.5745
71740	Покровське	Zaporizka	Tokmatskyi	47.5531	34.1529
71741	Садове	Zaporizka	Tokmatskyi	47.3361	35.3462
71742	Лугівка	Zaporizka	Tokmatskyi	47.2493	35.7752
71743	Любимівка	Zaporizka	Tokmatskyi	47.3421	35.376
71744	Мирне	Zaporizka	Tokmatskyi	47.3494	35.7094
71745	Могутнє	Zaporizka	Tokmatskyi	47.0472	35.7421
71746	Мостове	Zaporizka	Tokmatskyi	47.1052	35.7408
71747	Новолюбимівка	Zaporizka	Tokmatskyi	47.2721	35.4972
71748	Переможне	Zaporizka	Tokmatskyi	47.3215	35.5178
71749	Пшеничне	Zaporizka	Tokmatskyi	47.3664	35.8492
71750	Очеретувате	Zaporizka	Tokmatskyi	47.3364	35.9397
71751	Скелювате	Zaporizka	Tokmatskyi	47.2857	35.9228
71752	Остриківка	Zaporizka	Tokmatskyi	47.2552	35.8881
71753	Снігурівка	Zaporizka	Tokmatskyi	47.2468	35.8468
71754	Трудове	Zaporizka	Tokmatskyi	47.2577	35.9485
71755	Урожайне	Zaporizka	Tokmatskyi	47.2093	35.9558
71756	Рибалівка	Zaporizka	Tokmatskyi	47.1259	35.5403
71757	Рівне	Zaporizka	Tokmatskyi	47.4356	35.7217
71759	Розкішнє	Zaporizka	Tokmatskyi	47.0528	35.7424
71760	Долина	Zaporizka	Tokmatskyi	47.1518	35.5601
71761	Виноградне	Zaporizka	Tokmatskyi	47.2069	35.5605
71762	Червоногірка	Zaporizka	Tokmatskyi	47.3193	35.7204
71763	Світле	Zaporizka	Tokmatskyi	47.15	35.8333
71764	Ударник	Zaporizka	Tokmatskyi	47.05	35.8604
71765	Українка	Zaporizka	Tokmatskyi	47.1515	35.6868
71766	Фабричне	Zaporizka	Tokmatskyi	47.2467	35.8033
71767	Харкове	Zaporizka	Tokmatskyi	47.3377	35.8162
71768	Благодатне	Zaporizka	Tokmatskyi	47.1295	35.9056
71769	Чорноземне	Zaporizka	Tokmatskyi	47.361	35.4758
71770	Запоріжжя	Zaporizka	Tokmatskyi	47.1525	35.7439
71771	Новомиколаївка	Zaporizka	Tokmatskyi	47.1052	35.7077
71772	Балкове	Zaporizka	Tokmatskyi	47.1333	35.8167
71773	Козолугівка	Zaporizka	Tokmatskyi	47.11	35.798
71774	Лагідне	Zaporizka	Tokmatskyi	47.3141	35.8438
71775	Грушівка	Zaporizka	Tokmatskyi	48.035	35.1742
71776	Шевченкове	Zaporizka	Tokmatskyi	47.2869	35.633
71777	Зоряне	Zaporizka	Tokmatskyi	47.3755	37.0334
72001	Михайлівка	Zaporizka	Mykhailivskyi	47.2723	35.2224
72002	Михайлівка	Zaporizka	Mykhailivskyi	47.2723	35.2224
72005	Михайлівка	Zaporizka	Mykhailivskyi	47.2723	35.2224
72008	Вовківка	Zaporizka	Mykhailivskyi	47.2895	35.0864
72009	Тарсалак	Zaporizka	Mykhailivskyi	47.2766	35.1884
72010	Бурчак	Zaporizka	Mykhailivskyi	47.3751	35.3042
72011	Любимівка	Zaporizka	Mykhailivskyi	47.3421	35.376
72012	Роздол	Zaporizka	Mykhailivskyi	47.2797	35.3941
72013	Пришиб	Zaporizka	Mykhailivskyi	47.2593	35.3195
72020	Високе	Zaporizka	Mykhailivskyi	47.2314	35.4014
72021	Тракторне	Zaporizka	Mykhailivskyi	47.2093	35.3587
72022	Рівне	Zaporizka	Mykhailivskyi	47.2098	35.4786
72030	Тимошівка	Zaporizka	Mykhailivskyi	47.1841	35.1163
72040	Плодородне	Zaporizka	Mykhailivskyi	47.1642	35.3181
72041	Радісне	Zaporizka	Mykhailivskyi	47.1832	35.4009
72042	Зразкове	Zaporizka	Mykhailivskyi	47.1382	35.3966
72043	Мар'янівка	Zaporizka	Mykhailivskyi	47.1985	35.3724
72044	Старобогданівка	Zaporizka	Mykhailivskyi	47.1151	35.4908
72045	Молодіжне	Zaporizka	Mykhailivskyi	47.108	35.2226
72046	Абрикосівка	Zaporizka	Mykhailivskyi	47.3003	35.3733
72047	Барвінівка	Zaporizka	Mykhailivskyi	47.3385	35.4197
72048	Братське	Zaporizka	Mykhailivskyi	47.138	35.3312
72049	Виноградівка	Zaporizka	Mykhailivskyi	47.3007	35.3985
72050	Вишнівка	Zaporizka	Mykhailivskyi	47.3011	35.3355
72051	Водне	Zaporizka	Mykhailivskyi	47.2028	35.4301
72052	Володимирівка	Zaporizka	Mykhailivskyi	47.3877	35.4565
72053	Дніпровка	Zaporizka	Mykhailivskyi	47.3562	35.4187
72055	Завітне	Zaporizka	Mykhailivskyi	47.2927	35.4288
72056	Кавунівка	Zaporizka	Mykhailivskyi	47.3078	35.4455
72057	Лиманівка	Zaporizka	Mykhailivskyi	47.3776	35.3857
72058	Миколаївка	Zaporizka	Mykhailivskyi	47.0899	35.2696
72059	Нове Поле	Zaporizka	Mykhailivskyi	47.3029	35.4721
72060	Нововолодимирівка	Zaporizka	Mykhailivskyi	47.2899	35.0706
72061	Новомиколаївка	Zaporizka	Mykhailivskyi	47.1247	35.2598
72062	Олександрівка	Zaporizka	Mykhailivskyi	47.102	35.1738
72063	Першотравневе	Zaporizka	Mykhailivskyi	47.4173	35.2075
72064	Петрівка	Zaporizka	Mykhailivskyi	47.3322	35.3151
72065	Підгірне	Zaporizka	Mykhailivskyi	47.1307	35.2187
72066	Показне	Zaporizka	Mykhailivskyi	47.1857	35.3348
72067	Розівка	Zaporizka	Mykhailivskyi	47.2246	35.3187
72068	Садове	Zaporizka	Mykhailivskyi	47.3361	35.3462
72069	Слов'янка	Zaporizka	Mykhailivskyi	47.2381	35.2495
72070	Смиренівка	Zaporizka	Mykhailivskyi	47.2608	35.3759
72071	Солов'ївка	Zaporizka	Mykhailivskyi	47.2608	35.3759
72072	Солодке	Zaporizka	Mykhailivskyi	47.1471	35.1956
72073	Суворе	Zaporizka	Mykhailivskyi	47.2236	35.4505
72074	Трудовик	Zaporizka	Mykhailivskyi	47.3159	35.3429
72075	Трудолюбимівка	Zaporizka	Mykhailivskyi	47.1876	35.4742
72076	Українка	Zaporizka	Mykhailivskyi	47.3806	35.4365
72077	Шевченка	Zaporizka	Mykhailivskyi	47.31	35.3559
72101	Приморськ	Zaporizka	Prymorskyi	46.7348	36.3442
72102	Приморськ	Zaporizka	Prymorskyi	46.7348	36.3442
72103	Банівка	Zaporizka	Prymorskyi	46.7507	36.3777
72104	Комишуватка	Zaporizka	Prymorskyi	46.7082	36.2889
72105	Подспор'є	Zaporizka	Prymorskyi	46.6865	36.2892
72106	Набережне	Zaporizka	Prymorskyi	46.6567	36.2305
72110	Гюнівка	Zaporizka	Prymorskyi	47.2171	34.5467
72111	Радолівка	Zaporizka	Prymorskyi	47.074	36.4025
72112	Єлисеївка	Zaporizka	Prymorskyi	47.0178	36.4085
72113	Зеленівка	Zaporizka	Prymorskyi	46.9738	36.2234
72114	Нельгівка	Zaporizka	Prymorskyi	47.0526	36.2499
72120	Юр'ївка	Zaporizka	Prymorskyi	46.9095	36.0901
72121	Мануйлівка	Zaporizka	Prymorskyi	46.9138	36.1128
72123	Петрівка	Zaporizka	Prymorskyi	46.9052	36.0674
72130	Єлизаветівка (Єлизаветівська сільська рада)	Zaporizka	Prymorskyi	46.882	35.7863
72131	Болгарка	Zaporizka	Prymorskyi	46.882	35.7863
72132	Вячеславка	Zaporizka	Prymorskyi	46.867	36.2819
72133	Маринівка	Zaporizka	Prymorskyi	46.8269	36.2411
72134	Єлизаветівка	Zaporizka	Prymorskyi	46.9521	34.8361
72140	Новоолексіївка	Zaporizka	Prymorskyi	46.8011	36.1963
72141	Лозуватка	Zaporizka	Prymorskyi	46.783	36.1753
72142	Інзівка	Zaporizka	Prymorskyi	46.7502	36.0782
72143	Орлівка	Zaporizka	Prymorskyi	46.7056	36.0329
72144	Райнівка	Zaporizka	Prymorskyi	46.6807	35.966
72145	Преслав	Zaporizka	Prymorskyi	46.6878	36.2124
72150	Новопавлівка	Zaporizka	Prymorskyi	47.5938	35.7079
72151	Борисівка	Zaporizka	Prymorskyi	46.945	35.623
72152	Новопавлівка	Zaporizka	Prymorskyi	47.5938	35.7079
72156	Азов	Zaporizka	Prymorskyi	46.7729	36.481
72157	Калинівка	Zaporizka	Prymorskyi	47.0243	35.9976
72158	Лозанівка	Zaporizka	Prymorskyi	46.7999	36.4334
72159	Нельгівка (Зеленівська сільська рада)	Zaporizka	Prymorskyi	47.1216	35.9918
72160	Підгірне	Zaporizka	Prymorskyi	46.9203	36.4096
72201	Веселе	Zaporizka	Veselivskyi	47.0148	34.915
72202	Веселе	Zaporizka	Veselivskyi	47.0148	34.915
72205	Новоолександрівка	Zaporizka	Veselivskyi	47.1081	34.9094
72206	Єлизаветівка	Zaporizka	Veselivskyi	46.9521	34.8361
72210	Калинівка	Zaporizka	Veselivskyi	47.1229	34.6261
72211	Добровольчеське	Zaporizka	Veselivskyi	47.1366	34.5719
72212	Чкалове	Zaporizka	Veselivskyi	47.0711	34.7084
72213	Корніївка	Zaporizka	Veselivskyi	47.0778	34.6156
72214	Піскошине	Zaporizka	Veselivskyi	47.137	34.7878
72215	Менчикури	Zaporizka	Veselivskyi	47.0705	34.7988
72220	Новоуспенівка	Zaporizka	Veselivskyi	47.05	35.0324
72221	Новоіванівка	Zaporizka	Veselivskyi	47.0585	35.069
72222	Матвіївка	Zaporizka	Veselivskyi	47.0747	35.1444
72231	Зелений Гай	Zaporizka	Veselivskyi	47.0195	34.7151
72232	Гоголівка	Zaporizka	Veselivskyi	46.9833	34.65
72240	Запоріжжя	Zaporizka	Veselivskyi	46.9599	35.0432
72241	Веселе село	Zaporizka	Veselivskyi	46.9478	35.0614
72242	Таврія	Zaporizka	Veselivskyi	46.9357	35.0796
72250	Широке	Zaporizka	Veselivskyi	46.941	34.9315
72251	Далеке	Zaporizka	Veselivskyi	46.903	34.9665
72252	Мала Михайлівка	Zaporizka	Veselivskyi	46.9599	34.9249
72253	Авангард	Zaporizka	Veselivskyi	46.9131	34.762
72254	Озерне	Zaporizka	Veselivskyi	46.8782	34.8878
72255	Білівське	Zaporizka	Veselivskyi	46.9804	35.0035
72256	Братолюбівка	Zaporizka	Veselivskyi	46.9794	35.0496
72257	Восход	Zaporizka	Veselivskyi	47.0584	35.2034
72258	Зелений Луг	Zaporizka	Veselivskyi	46.9852	34.77
72259	Красавич	Zaporizka	Veselivskyi	47	34.75
72260	Мусіївка	Zaporizka	Veselivskyi	46.9844	34.6826
72261	Новоукраїнка	Zaporizka	Veselivskyi	47.1286	34.697
72262	Ясна Поляна	Zaporizka	Veselivskyi	47.0628	34.8319
72300	Мелітополь	Zaporizka	Melitopolskyi	46.8489	35.3653
72301	Мелітополь	Zaporizka	Melitopolskyi	46.8489	35.3653
72302	Мелітополь	Zaporizka	Melitopolskyi	46.8489	35.3653
72304	Мелітополь	Zaporizka	Melitopolskyi	46.8489	35.3653
72305	Мелітополь	Zaporizka	Melitopolskyi	46.8489	35.3653
72306	Мелітополь	Zaporizka	Melitopolskyi	46.8489	35.3653
72307	Мелітополь	Zaporizka	Melitopolskyi	46.8489	35.3653
72309	Мелітополь	Zaporizka	Melitopolskyi	46.8489	35.3653
72310	Мелітополь	Zaporizka	Melitopolskyi	46.8489	35.3653
72311	Мелітополь	Zaporizka	Melitopolskyi	46.8489	35.3653
72312	Мелітополь	Zaporizka	Melitopolskyi	46.8489	35.3653
72313	Мелітополь	Zaporizka	Melitopolskyi	46.8489	35.3653
72314	Мелітополь	Zaporizka	Melitopolskyi	46.8489	35.3653
72315	Мелітополь	Zaporizka	Melitopolskyi	46.8489	35.3653
72316	Мелітополь	Zaporizka	Melitopolskyi	46.8489	35.3653
72318	Мелітополь	Zaporizka	Melitopolskyi	46.8489	35.3653
72319	Мелітополь	Zaporizka	Melitopolskyi	46.8489	35.3653
72325	Арабка	Zaporizka	Melitopolskyi	46.9717	35.7386
72326	Берегове	Zaporizka	Melitopolskyi	47.0029	35.519
72327	Борисівка	Zaporizka	Melitopolskyi	46.945	35.623
72328	Верховина	Zaporizka	Melitopolskyi	46.7383	34.9666
72329	Відрадне	Zaporizka	Melitopolskyi	47.0377	35.6469
72330	Новобогданівка	Zaporizka	Melitopolskyi	47.0852	35.3294
72331	Відродження	Zaporizka	Melitopolskyi	47.0806	35.2386
72332	Троїцьке	Zaporizka	Melitopolskyi	46.9503	35.2906
72333	Терпіння	Zaporizka	Melitopolskyi	46.9694	35.421
72334	Спаське	Zaporizka	Melitopolskyi	47.0172	35.3845
72335	Федорівка	Zaporizka	Melitopolskyi	46.9931	35.2711
72336	Зарічне	Zaporizka	Melitopolskyi	46.9891	35.4655
72337	Зелене	Zaporizka	Melitopolskyi	46.7711	35.2955
72338	Зеленчук	Zaporizka	Melitopolskyi	46.9021	35.1072
72339	Золота Долина	Zaporizka	Melitopolskyi	46.7449	35.1026
72340	Світлодолинське	Zaporizka	Melitopolskyi	47.1413	35.3425
72341	Орлове	Zaporizka	Melitopolskyi	47.0638	35.5622
72342	Ясне	Zaporizka	Melitopolskyi	47.0305	35.6553
72343	Промінь	Zaporizka	Melitopolskyi	47.0016	35.5574
72344	Астраханка	Zaporizka	Melitopolskyi	46.9479	35.6492
72345	Кам'янське	Zaporizka	Melitopolskyi	48.5113	34.6021
72346	Кирпичне	Zaporizka	Melitopolskyi	46.7454	35.2027
72347	Лугове	Zaporizka	Melitopolskyi	46.9754	35.4703
72348	Малий Утлюг	Zaporizka	Melitopolskyi	46.8545	35.0412
72349	Мар'ївка	Zaporizka	Melitopolskyi	47.1413	35.3425
72350	Мирне	Zaporizka	Melitopolskyi	46.948	35.4435
72351	Новопилипівка	Zaporizka	Melitopolskyi	46.9544	35.4918
72352	Тихонівка	Zaporizka	Melitopolskyi	46.9233	35.5452
72353	Новомиколаївка	Zaporizka	Melitopolskyi	46.8901	35.2073
72354	Трудове	Zaporizka	Melitopolskyi	46.9544	35.1688
72355	Семенівка	Zaporizka	Melitopolskyi	46.8923	35.4147
72356	Обільне	Zaporizka	Melitopolskyi	46.9167	35.3167
72357	Маяк	Zaporizka	Melitopolskyi	46.8774	35.1134
72358	Новоякимівка	Zaporizka	Melitopolskyi	46.8476	34.9307
72359	Оленівка	Zaporizka	Melitopolskyi	46.9455	35.5744
72360	Вознесенка	Zaporizka	Melitopolskyi	46.8717	35.4646
72361	Першостепанівка	Zaporizka	Melitopolskyi	47.1114	35.3781
72362	Мордвинівка	Zaporizka	Melitopolskyi	46.7462	35.3666
72363	Першотравневе	Zaporizka	Melitopolskyi	46.9754	35.1532
72364	Костянтинівка	Zaporizka	Melitopolskyi	46.8167	35.4229
72365	Костянтинівка	Zaporizka	Melitopolskyi	46.8167	35.4229
72368	Південне	Zaporizka	Melitopolskyi	46.9642	35.2108
72369	Північне	Zaporizka	Melitopolskyi	46.9492	35.3857
72370	Новгородківка	Zaporizka	Melitopolskyi	46.8275	35.1189
72371	Високе	Zaporizka	Melitopolskyi	46.8095	34.9851
72372	Полянівка	Zaporizka	Melitopolskyi	46.7428	35.0818
72373	Лазурне	Zaporizka	Melitopolskyi	46.767	34.9964
72376	Піщанське	Zaporizka	Melitopolskyi	46.8379	35.1316
72377	Привільне (Промінівська сільська рада)	Zaporizka	Melitopolskyi	46.8379	35.1316
72378	Привільне (Новобогданівська сільська рада)	Zaporizka	Melitopolskyi	46.8379	35.1316
72379	Прилуківка	Zaporizka	Melitopolskyi	47.0429	35.4755
72380	Нове	Zaporizka	Melitopolskyi	47.3471	35.7939
72381	Долинське	Zaporizka	Melitopolskyi	47.3831	35.3026
72382	Садове	Zaporizka	Melitopolskyi	47.3361	35.3462
72383	Фруктове	Zaporizka	Melitopolskyi	46.7317	35.2012
72384	Данило-Іванівка	Zaporizka	Melitopolskyi	46.7513	35.2804
72386	Рівне	Zaporizka	Melitopolskyi	47.2098	35.4786
72387	Ромашки	Zaporizka	Melitopolskyi	46.7723	35.1607
72388	Свободне	Zaporizka	Melitopolskyi	46.9558	35.7098
72389	Волошкове	Zaporizka	Melitopolskyi	49.9609	34.4502
72390	Широкий Лан	Zaporizka	Melitopolskyi	47.0112	35.6023
72391	Соснівка	Zaporizka	Melitopolskyi	46.9374	35.4869
72392	Степне	Zaporizka	Melitopolskyi	46.8129	35.0582
72393	Східне	Zaporizka	Melitopolskyi	46.9345	35.2339
72394	Тамбовка	Zaporizka	Melitopolskyi	46.9288	35.4548
72395	Тащенак	Zaporizka	Melitopolskyi	46.7317	35.2445
72396	Травневе	Zaporizka	Melitopolskyi	47.0128	35.4702
72397	Удачне	Zaporizka	Melitopolskyi	46.8208	35.2406
72398	Українське	Zaporizka	Melitopolskyi	46.8988	35.3489
72401	Приазовське	Zaporizka	Pryazovskyi	46.6811	35.6467
72406	Гамівка	Zaporizka	Pryazovskyi	46.6811	35.6467
72410	Розівка	Zaporizka	Pryazovskyi	46.9394	35.7721
72411	Ганно-Опанлинка	Zaporizka	Pryazovskyi	46.8888	35.9001
72412	Новоспаське	Zaporizka	Pryazovskyi	46.9266	35.991
72413	Маківка	Zaporizka	Pryazovskyi	47.0158	35.9623
72414	Воскресенка	Zaporizka	Pryazovskyi	46.8149	35.871
72415	Ганнівка	Zaporizka	Pryazovskyi	46.8451	36.0376
72416	Миколаївка	Zaporizka	Pryazovskyi	46.8704	36.0539
72417	Прудентове	Zaporizka	Pryazovskyi	46.8021	35.9813
72420	Нововасилівка	Zaporizka	Pryazovskyi	46.8302	35.7514
72422	Новоолександрівка	Zaporizka	Pryazovskyi	46.8204	35.7741
72423	Федорівка	Zaporizka	Pryazovskyi	46.7871	35.7917
72424	Володимирівка	Zaporizka	Pryazovskyi	46.727	35.8584
72425	Дмитрівка	Zaporizka	Pryazovskyi	46.7636	35.8297
72430	Богданівка	Zaporizka	Pryazovskyi	46.7418	35.9155
72431	Ботієве	Zaporizka	Pryazovskyi	46.6831	35.8382
72432	Строганівка	Zaporizka	Pryazovskyi	46.6778	35.8649
72440	Гірсівка	Zaporizka	Pryazovskyi	46.6421	35.3925
72441	Надеждине	Zaporizka	Pryazovskyi	46.6933	35.436
72442	Дівнинське	Zaporizka	Pryazovskyi	46.6532	35.5648
72443	Добрівка	Zaporizka	Pryazovskyi	46.7087	35.5457
72444	Георгіївка	Zaporizka	Pryazovskyi	46.6351	35.6043
72445	Олександрівка	Zaporizka	Pryazovskyi	46.534	35.4882
72446	Дунаївка	Zaporizka	Pryazovskyi	46.5724	35.4218
72450	Шевченка	Zaporizka	Pryazovskyi	46.6503	35.682
72451	Приморський Посад	Zaporizka	Pryazovskyi	46.6112	35.7342
72452	Новокостянтинівка	Zaporizka	Pryazovskyi	46.5972	35.6857
72453	Чкалове	Zaporizka	Pryazovskyi	46.5508	35.6455
72454	Степанівка Перша	Zaporizka	Pryazovskyi	46.4772	35.5445
72455	Степанівка Друга	Zaporizka	Pryazovskyi	46.7664	35.9438
72462	Бабанівка	Zaporizka	Pryazovskyi	46.7003	35.8507
72463	Бесідівка	Zaporizka	Pryazovskyi	46.9004	35.8913
72464	Білорічанське	Zaporizka	Pryazovskyi	46.6578	35.639
72465	Вишневе	Zaporizka	Pryazovskyi	46.7414	35.7229
72466	Вікторівка	Zaporizka	Pryazovskyi	46.5426	35.4261
72467	Волна	Zaporizka	Pryazovskyi	46.6685	35.4888
72468	Громівка	Zaporizka	Pryazovskyi	46.9208	36.0441
72469	Домузли	Zaporizka	Pryazovskyi	46.7331	35.7233
72470	Іванівка	Zaporizka	Pryazovskyi	46.8414	35.9209
72471	Ігорівка	Zaporizka	Pryazovskyi	46.5652	35.6857
72472	Калинівка	Zaporizka	Pryazovskyi	46.9154	35.7993
72473	Мар'янівка	Zaporizka	Pryazovskyi	46.7418	35.7088
72474	Миронівка	Zaporizka	Pryazovskyi	46.5075	35.6107
72475	Нечкине	Zaporizka	Pryazovskyi	46.5811	35.5414
72476	Новоіванівка	Zaporizka	Pryazovskyi	46.7795	35.5572
72477	Новомиколаївка	Zaporizka	Pryazovskyi	46.8128	35.8336
72478	Новопокровка	Zaporizka	Pryazovskyi	46.7314	35.5482
72479	Оріхівка	Zaporizka	Pryazovskyi	46.9422	35.8825
72480	Петрівка	Zaporizka	Pryazovskyi	46.6629	35.6908
72481	Південне	Zaporizka	Pryazovskyi	46.8196	35.6344
72482	Таврійське	Zaporizka	Pryazovskyi	46.7413	35.6626
72501	Якимівка	Zaporizka	Yakymivskyi	46.6997	35.1592
72502	Якимівка	Zaporizka	Yakymivskyi	46.6997	35.1592
72503	Якимівка	Zaporizka	Yakymivskyi	46.6997	35.1592
72510	Петрівка	Zaporizka	Yakymivskyi	46.8133	34.9131
72511	Чорноземне	Zaporizka	Yakymivskyi	46.7913	34.8278
72512	Шевченка	Zaporizka	Yakymivskyi	46.749	34.8353
72513	Переможне	Zaporizka	Yakymivskyi	46.6777	34.7886
72514	Максима Горького	Zaporizka	Yakymivskyi	46.7519	34.81
72515	Весняне	Zaporizka	Yakymivskyi	46.7281	34.685
72520	Новоданилівка	Zaporizka	Yakymivskyi	46.6437	35.0297
72521	Ганнівка	Zaporizka	Yakymivskyi	46.7201	34.9279
72522	Велика Тернівка	Zaporizka	Yakymivskyi	46.6756	35.004
72530	Володимирівка	Zaporizka	Yakymivskyi	46.6625	35.1576
72532	Радивонівка	Zaporizka	Yakymivskyi	46.6613	35.2481
72533	Мирне	Zaporizka	Yakymivskyi	46.948	35.4435
72534	Богатир	Zaporizka	Yakymivskyi	46.6276	35.2823
72540	Таврійське	Zaporizka	Yakymivskyi	46.5259	34.9342
72541	Розівка	Zaporizka	Yakymivskyi	46.5071	34.96
72542	Зірка	Zaporizka	Yakymivskyi	46.5447	34.9085
72550	Давидівка	Zaporizka	Yakymivskyi	46.5171	35.1383
72551	Вовчанське	Zaporizka	Yakymivskyi	46.5762	35.1017
72552	Атманай	Zaporizka	Yakymivskyi	46.3769	35.1823
72553	Солоне	Zaporizka	Yakymivskyi	46.45	35.1167
72560	Шелюги	Zaporizka	Yakymivskyi	46.5537	35.235
72561	Мала Тернівка	Zaporizka	Yakymivskyi	46.5906	35.2069
72562	Охрімівка	Zaporizka	Yakymivskyi	46.509	35.2885
72563	Кирилівка	Zaporizka	Yakymivskyi	46.3669	35.3366
72564	Кирилівка	Zaporizka	Yakymivskyi	46.3669	35.3366
72565	Андріївка	Zaporizka	Yakymivskyi	46.5348	35.0875
72566	Вовче	Zaporizka	Yakymivskyi	46.4671	35.1702
72567	Гвардійське	Zaporizka	Yakymivskyi	46.6071	34.8405
72568	Дружба	Zaporizka	Yakymivskyi	46.5441	34.9922
72569	Єлизаветівка	Zaporizka	Yakymivskyi	46.7024	34.9273
72570	Зернове	Zaporizka	Yakymivskyi	46.5699	34.8517
72571	Косих	Zaporizka	Yakymivskyi	46.4602	35.2787
72572	В'язівка	Zaporizka	Yakymivskyi	46.6004	35.1004
72573	Лиманське	Zaporizka	Yakymivskyi	46.6004	35.1004
72574	Михайлівське	Zaporizka	Yakymivskyi	46.6004	35.1004
72575	Нове	Zaporizka	Yakymivskyi	46.4337	35.079
72576	Олександрівка	Zaporizka	Yakymivskyi	46.6461	35.1398
72577	Перемога	Zaporizka	Yakymivskyi	46.6681	35.2504
72578	Степове	Zaporizka	Yakymivskyi	46.6989	34.7975
72579	Тимофіївка	Zaporizka	Yakymivskyi	46.7257	35.306
72580	Трудове	Zaporizka	Yakymivskyi	46.6195	34.7781
72581	Червоне	Zaporizka	Yakymivskyi	46.5152	35.0141
72582	Юр'ївка	Zaporizka	Yakymivskyi	46.5674	34.8961
72583	Якимівське	Zaporizka	Yakymivskyi	46.5674	34.8961
10000	Житомир	Zhytomyrska	Zhytomyrska	50.2649	28.6767
10001	Житомир	Zhytomyrska	Zhytomyrska	50.2649	28.6767
10002	Житомир	Zhytomyrska	Zhytomyrska	50.2649	28.6767
10003	Житомир	Zhytomyrska	Zhytomyrska	50.2649	28.6767
10004	Житомир	Zhytomyrska	Zhytomyrska	50.2649	28.6767
10005	Житомир	Zhytomyrska	Zhytomyrska	50.2649	28.6767
10006	Житомир	Zhytomyrska	Zhytomyrska	50.2649	28.6767
10007	Житомир	Zhytomyrska	Zhytomyrska	50.2649	28.6767
10008	Житомир	Zhytomyrska	Zhytomyrska	50.2649	28.6767
10009	Житомир	Zhytomyrska	Zhytomyrska	50.2649	28.6767
10010	Житомир	Zhytomyrska	Zhytomyrska	50.2649	28.6767
10012	Житомир	Zhytomyrska	Zhytomyrska	50.2649	28.6767
10014	Житомир	Zhytomyrska	Zhytomyrska	50.2649	28.6767
10015	Житомир	Zhytomyrska	Zhytomyrska	50.2649	28.6767
10018	Житомир	Zhytomyrska	Zhytomyrska	50.2649	28.6767
10019	Житомир	Zhytomyrska	Zhytomyrska	50.2649	28.6767
10020	Житомир	Zhytomyrska	Zhytomyrska	50.2649	28.6767
10024	Житомир	Zhytomyrska	Zhytomyrska	50.2649	28.6767
10025	Житомир	Zhytomyrska	Zhytomyrska	50.2649	28.6767
10028	Житомир	Zhytomyrska	Zhytomyrska	50.2649	28.6767
10029	Житомир	Zhytomyrska	Zhytomyrska	50.2649	28.6767
10030	Житомир	Zhytomyrska	Zhytomyrska	50.2649	28.6767
10031	Житомир	Zhytomyrska	Zhytomyrska	50.2649	28.6767
10416	Зарубинка	Zhytomyrska	Korostenskyi	50.7571	28.4332
10416	Красносілка	Zhytomyrska	Korostenskyi	50.6089	29.2802
10417	Стасіва	Zhytomyrska	Malynskyi	50.7858	29.1397
10418	Вороб'ївщина	Zhytomyrska	Malynskyi	50.9762	29.404
10418	Ялцівка	Zhytomyrska	Malynskyi	50.7676	29.435
10418	П'ятидуб	Zhytomyrska	Malynskyi	50.8719	29.4195
10419	Лідівка	Zhytomyrska	Malynskyi	50.819	29.1462
10420	Болярка	Zhytomyrska	Korostenskyi	50.8908	28.8317
10421	Великий Ліс	Zhytomyrska	Korostenskyi	51.0039	28.4196
10421	Обиходівка	Zhytomyrska	Korostenskyi	50.9942	28.9682
10421	Горбачі	Zhytomyrska	Korostenskyi	50.9679	28.8243
10421	Булахівка	Zhytomyrska	Korostenskyi	51.0555	28.8858
10421	Батьківщина	Zhytomyrska	Narodytskyi	51.0691	28.9816
10421	Субине	Zhytomyrska	Korostenskyi	50.9936	28.8887
10422	Велень	Zhytomyrska	Korostenskyi	50.9688	28.452
10423	Гладковицька Кам'янка	Zhytomyrska	Ovrutskyi	51.3787	28.979
10423	Думинське	Zhytomyrska	Ovrutskyi	51.5322	28.909
10423	Нивки	Zhytomyrska	Ovrutskyi	51.3444	29.1225
10423	Збраньківці	Zhytomyrska	Ovrutskyi	51.3578	29.0422
10423	Магдин	Zhytomyrska	Ovrutskyi	51.4641	29.0853
10423	Личмани	Zhytomyrska	Ovrutskyi	51.4519	29.0293
10423	Бірківське	Zhytomyrska	Ovrutskyi	51.4924	29.0204
10423	Привар	Zhytomyrska	Ovrutskyi	51.3302	29.1673
10423	Гусарівка	Zhytomyrska	Ovrutskyi	51.35	29.0124
10424	Левковицький Млинок	Zhytomyrska	Ovrutskyi	51.4134	28.4622
10424	Теклівка	Zhytomyrska	Ovrutskyi	51.4451	28.5295
10424	Кораки	Zhytomyrska	Ovrutskyi	51.4897	28.6132
10424	Заболоть	Zhytomyrska	Ovrutskyi	51.5187	28.6116
10424	Верхня Рудня	Zhytomyrska	Ovrutskyi	51.5636	28.5264
10424	Мацьки	Zhytomyrska	Ovrutskyi	51.4894	28.3955
10424	Середня Рудня	Zhytomyrska	Ovrutskyi	51.5552	28.57
10424	Нижня Рудня	Zhytomyrska	Ovrutskyi	51.5573	28.6114
10424	Острови	Zhytomyrska	Ovrutskyi	51.4415	28.4986
10424	Черепинки	Zhytomyrska	Ovrutskyi	51.3209	28.7025
10424	Козулі	Zhytomyrska	Ovrutskyi	51.4656	28.3744
10425	Возлякове	Zhytomyrska	Ovrutskyi	51.21	28.3031
10425	Побичі	Zhytomyrska	Ovrutskyi	51.4236	28.1689
10425	Червоносілка	Zhytomyrska	Ovrutskyi	51.5801	28.2961
10425	Дуби	Zhytomyrska	Ovrutskyi	51.4605	28.2849
10425	Рокитне	Zhytomyrska	Ovrutskyi	51.2111	28.2592
10427	Червонка	Zhytomyrska	Ovrutskyi	51.3715	28.1195
10427	Переброди	Zhytomyrska	Ovrutskyi	51.2833	28.1667
10427	Нова Рудня	Zhytomyrska	Ovrutskyi	51.103	28.3183
10428	Тальківка	Zhytomyrska	Novohrad-Volynskyi	50.4902	27.7649
10428	Теснівка	Zhytomyrska	Novohrad-Volynskyi	51.0235	28.3453
10428	Дубівка	Zhytomyrska	Novohrad-Volynskyi	50.5969	27.9875
10428	Абрамок	Zhytomyrska	Novohrad-Volynskyi	50.6381	27.9048
10428	Катюха	Zhytomyrska	Novohrad-Volynskyi	50.6648	27.8642
10429	Болярка	Zhytomyrska	Novohrad-Volynskyi	50.8908	28.8317
10429	Лагульськ	Zhytomyrska	Novohrad-Volynskyi	50.5344	27.9775
10430	Партизанське	Zhytomyrska	Novohrad-Volynskyi	50.6989	27.3424
10433	Рогівка	Zhytomyrska	Yemilchynskyi	50.8504	27.6077
10434	Зорянка	Zhytomyrska	Yemilchynskyi	50.8724	28.0861
10434	Косяк	Zhytomyrska	Yemilchynskyi	50.9536	28.0236
10436	Карпилівка	Zhytomyrska	Novohrad-Volynskyi	50.7523	27.5839
10436	Перелісянка	Zhytomyrska	Novohrad-Volynskyi	50.9615	27.2913
10436	Дібрівське	Zhytomyrska	Novohrad-Volynskyi	50.6992	27.4631
10437	Бобрицька Болярка	Zhytomyrska	Yemilchynskyi	50.6346	28.021
10437	Синявка	Zhytomyrska	Yemilchynskyi	50.6722	28.2505
10437	Майдан	Zhytomyrska	Yemilchynskyi	51.0801	27.4022
10438	Володимирівка	Zhytomyrska	Yemilchynskyi	50.9625	27.5199
11001	Олевськ	Zhytomyrska	Olevskyi	51.2248	27.6523
11002	Олевськ	Zhytomyrska	Olevskyi	51.2248	27.6523
11006	Рудня -Замисловицька	Zhytomyrska	Olevskyi	51.3087	27.9532
11007	Рудня -Перганська	Zhytomyrska	Olevskyi	51.3757	27.9111
11008	Рудня -Хочинська	Zhytomyrska	Olevskyi	51.4375	27.8964
11009	Рудня-Озерянська	Zhytomyrska	Olevskyi	51.2788	28.0548
11010	Копище	Zhytomyrska	Olevskyi	51.5964	27.8596
11011	Хочине	Zhytomyrska	Olevskyi	51.4651	27.8799
11012	Перга	Zhytomyrska	Olevskyi	51.4012	27.8876
11013	Журжевичі	Zhytomyrska	Olevskyi	51.4125	27.7111
11014	Юрове	Zhytomyrska	Olevskyi	51.3608	27.8325
11015	Покровське	Zhytomyrska	Olevskyi	51.3926	27.8876
11016	Сущани	Zhytomyrska	Olevskyi	51.3017	27.7517
11017	Майдан-Копищенський	Zhytomyrska	Olevskyi	51.5307	27.858
11018	Михайлівка	Zhytomyrska	Olevskyi	51.0754	28.6604
11019	Млинок	Zhytomyrska	Olevskyi	51.3893	27.5471
11020	Замисловичі	Zhytomyrska	Olevskyi	51.2586	27.9376
11021	Новоозерянка	Zhytomyrska	Olevskyi	51.2108	28.0074
11022	Озеряни	Zhytomyrska	Olevskyi	51.2397	28.0282
11023	Діброва	Zhytomyrska	Olevskyi	51.1556	27.979
11024	Дружба	Zhytomyrska	Olevskyi	51.1877	27.974
11025	Радовель	Zhytomyrska	Olevskyi	51.1517	27.8409
11026	Рудня-Радовельська	Zhytomyrska	Olevskyi	51.1758	27.9
11027	Болярка	Zhytomyrska	Olevskyi	51.1596	27.7418
11028	Лісове	Zhytomyrska	Olevskyi	51.1381	27.4276
11029	Артинськ	Zhytomyrska	Olevskyi	51.2552	27.7435
11030	Тепениця	Zhytomyrska	Olevskyi	51.2374	27.7108
11031	Рудня-Бистра	Zhytomyrska	Olevskyi	51.2169	27.5855
11032	Корощино	Zhytomyrska	Olevskyi	51.1437	27.6526
11033	Кам'янка	Zhytomyrska	Olevskyi	51.1437	27.6526
11034	Лопатичі	Zhytomyrska	Olevskyi	51.1467	27.5636
11035	Зольня	Zhytomyrska	Olevskyi	51.0829	27.5199
11036	Майдан	Zhytomyrska	Olevskyi	51.0801	27.4022
11037	Калинівка	Zhytomyrska	Olevskyi	51.0333	28.1833
11038	Бацево	Zhytomyrska	Olevskyi	51.1437	27.6526
11039	Варварівка	Zhytomyrska	Olevskyi	51.2087	27.6031
11040	Кишин	Zhytomyrska	Olevskyi	51.1256	27.6831
11041	Стовпинка	Zhytomyrska	Olevskyi	51.0932	27.7419
11042	Жубровичі	Zhytomyrska	Olevskyi	51.0732	27.883
11043	Зубковичі	Zhytomyrska	Olevskyi	51.0373	27.6867
11044	Держанівка	Zhytomyrska	Olevskyi	51.068	27.7962
11045	Джерело	Zhytomyrska	Olevskyi	51.0635	27.4438
11046	Заборочче	Zhytomyrska	Olevskyi	51.0776	27.6491
11047	Ковалівка	Zhytomyrska	Olevskyi	51.0997	27.5446
11048	Ліски	Zhytomyrska	Olevskyi	51.0549	27.4744
11049	Лугове	Zhytomyrska	Olevskyi	51.0826	27.5883
11050	Нові Білокоровичі	Zhytomyrska	Olevskyi	51.1155	28.0546
11051	Нові Білокоровичі	Zhytomyrska	Olevskyi	51.1155	28.0546
11052	Обище	Zhytomyrska	Olevskyi	51.2694	27.7924
11053	Сарнівка	Zhytomyrska	Olevskyi	51.1104	27.4633
11055	Білокоровичі	Zhytomyrska	Olevskyi	51.0948	28.0264
11056	Бучмани	Zhytomyrska	Olevskyi	51.0688	28.0422
11057	Сновидовичі	Zhytomyrska	Olevskyi	51.291	27.399
11058	Соснівка	Zhytomyrska	Olevskyi	51.3833	29.1
11059	Устинівка	Zhytomyrska	Olevskyi	51.3424	27.9355
11060	Хмелівка	Zhytomyrska	Olevskyi	51.2598	27.6859
11061	Шебедиха	Zhytomyrska	Olevskyi	51.2758	27.8629
11062	Андріївка	Zhytomyrska	Olevskyi	51.3083	27.6959
11063	Вербівка	Zhytomyrska	Luhynskyi	51.1054	28.0653
11064	Будки	Zhytomyrska	Olevskyi	51.2852	27.6213
11065	Пояски	Zhytomyrska	Olevskyi	51.2014	27.7991
11066	Рудня	Zhytomyrska	Olevskyi	51.3926	27.6378
11067	Сердюки	Zhytomyrska	Olevskyi	51.0881	27.5804
11100	Овруч	Zhytomyrska	Ovrutskyi	51.3246	28.8035
11101	Заріччя	Zhytomyrska	Ovrutskyi	51.3	28.7667
11101	Овруч	Zhytomyrska	Ovrutskyi	51.3246	28.8035
11102	Овруч	Zhytomyrska	Ovrutskyi	51.3246	28.8035
11104	Овруч	Zhytomyrska	Ovrutskyi	51.3246	28.8035
11106	Овруч	Zhytomyrska	Ovrutskyi	51.3246	28.8035
11107	Сирниця	Zhytomyrska	Ovrutskyi	51.434	28.159
11108	Антоновичі	Zhytomyrska	Ovrutskyi	51.3628	28.3153
11109	Скребеличі	Zhytomyrska	Ovrutskyi	51.3538	28.5576
11110	Виступовичі	Zhytomyrska	Ovrutskyi	51.5671	29.0777
11111	Рудня (Ігнатпільська сільська Рада)	Zhytomyrska	Ovrutskyi	51.3749	28.8183
11112	Полохачів	Zhytomyrska	Ovrutskyi	51.3692	28.6042
11113	Білокамінка	Zhytomyrska	Ovrutskyi	51.3749	28.8183
11114	Першотравневе	Zhytomyrska	Ovrutskyi	51.3929	28.8684
11115	Гладковичі	Zhytomyrska	Ovrutskyi	51.3383	28.8907
11116	Підруддя	Zhytomyrska	Ovrutskyi	51.3119	28.8309
11117	Мамеч	Zhytomyrska	Ovrutskyi	51.3025	28.9932
11117	Велика Чернігівка	Zhytomyrska	Ovrutskyi	51.2856	28.918
11118	Возничі	Zhytomyrska	Ovrutskyi	51.5126	28.3823
11119	Острів	Zhytomyrska	Ovrutskyi	51.294	28.7995
11120	Лучанки	Zhytomyrska	Ovrutskyi	51.551	28.4636
11121	Слобода	Zhytomyrska	Ovrutskyi	51.5225	28.5886
11122	Словечне	Zhytomyrska	Ovrutskyi	51.3789	28.3497
11122	Задорожок	Zhytomyrska	Ovrutskyi	51.35	28.3
11123	Тхорин	Zhytomyrska	Ovrutskyi	51.3982	28.3239
11124	Бігунь	Zhytomyrska	Ovrutskyi	51.3995	28.2791
11125	Городець	Zhytomyrska	Ovrutskyi	51.4083	28.4214
11126	Усове	Zhytomyrska	Ovrutskyi	51.3277	28.1246
11127	Поліське	Zhytomyrska	Ovrutskyi	51.3554	28.6508
11128	Оленичі	Zhytomyrska	Ovrutskyi	51.3589	28.5226
11129	Дівошин	Zhytomyrska	Ovrutskyi	51.4405	28.6114
11130	Можари	Zhytomyrska	Ovrutskyi	51.3781	28.4161
11131	Хлупляни	Zhytomyrska	Ovrutskyi	51.3669	28.5135
11131	Сирківщина	Zhytomyrska	Ovrutskyi	51.3474	28.5257
11132	Барвінкове	Zhytomyrska	Ovrutskyi	51.3283	28.6335
11132	Покалів	Zhytomyrska	Ovrutskyi	51.359	28.59
11133	Павловичі	Zhytomyrska	Ovrutskyi	51.3397	28.6403
11133	Мишковичі	Zhytomyrska	Ovrutskyi	51.3377	28.6508
11133	Піщаниця	Zhytomyrska	Ovrutskyi	51.3583	28.6902
11134	Левковичі	Zhytomyrska	Ovrutskyi	51.3642	28.4636
11135	Кирдани	Zhytomyrska	Ovrutskyi	51.3425	28.7852
11136	Черепин	Zhytomyrska	Ovrutskyi	51.3333	28.7323
11137	Верпа	Zhytomyrska	Ovrutskyi	51.3772	28.3903
11138	Гаєвичі	Zhytomyrska	Ovrutskyi	51.363	28.6326
11139	Бережесть	Zhytomyrska	Ovrutskyi	51.474	28.9532
11140	Листвин	Zhytomyrska	Ovrutskyi	51.3421	28.3502
11141	Черевки	Zhytomyrska	Ovrutskyi	51.3182	28.4156
11142	Білка	Zhytomyrska	Ovrutskyi	51.3384	28.4169
11144	Нові Велідники	Zhytomyrska	Ovrutskyi	51.3151	28.4643
11145	Прибитки	Zhytomyrska	Ovrutskyi	51.2902	28.4462
11146	Красилівка	Zhytomyrska	Ovrutskyi	51.2758	28.4894
11147	Рудня (Руднянська сільська рада)	Zhytomyrska	Ovrutskyi	51.3222	28.5274
11148	Дубовий гай	Zhytomyrska	Ovrutskyi	51.367	28.8057
11149	Радчиці	Zhytomyrska	Ovrutskyi	51.3312	28.8311
11150	Велика Хайча	Zhytomyrska	Ovrutskyi	51.3013	28.584
11151	Шоломки	Zhytomyrska	Ovrutskyi	51.2929	28.6993
11152	Папірня	Zhytomyrska	Ovrutskyi	51.41	30.7531
11152	Бондарі	Zhytomyrska	Ovrutskyi	51.2762	28.6125
11152	Красносілка	Zhytomyrska	Ovrutskyi	51.2694	28.6368
11153	Бондарівка	Zhytomyrska	Ovrutskyi	51.2482	28.661
11154	Мощаниця	Zhytomyrska	Ovrutskyi	51.25	28.5833
11154	Норинськ	Zhytomyrska	Ovrutskyi	51.2649	28.59
11154	Підвелідники	Zhytomyrska	Ovrutskyi	51.2777	28.5422
11155	Гошів	Zhytomyrska	Ovrutskyi	51.2468	28.7303
11156	Базарівка	Zhytomyrska	Ovrutskyi	51.2533	28.7235
11156	Потаповичі	Zhytomyrska	Ovrutskyi	51.2379	28.7641
11156	Смоляне	Zhytomyrska	Ovrutskyi	51.2537	28.689
11157	Великий Кобилин	Zhytomyrska	Ovrutskyi	51.3116	28.5429
11158	Довгиничі	Zhytomyrska	Ovrutskyi	51.3023	28.6673
11159	Богданівка	Zhytomyrska	Ovrutskyi	51.2875	28.973
11160	Слобода-Новоселицька	Zhytomyrska	Ovrutskyi	51.2201	28.9439
11160	Новосілки	Zhytomyrska	Ovrutskyi	51.2383	28.9375
11160	Малі Мошки	Zhytomyrska	Ovrutskyi	51.2765	28.875
11160	Раківщина	Zhytomyrska	Ovrutskyi	51.2559	28.8869
11161	Велика Фосня	Zhytomyrska	Ovrutskyi	51.2592	28.7969
11162	Невгоди	Zhytomyrska	Ovrutskyi	51.2212	28.8366
11162	Веселівка	Zhytomyrska	Ovrutskyi	51.2354	28.84
11163	Семени	Zhytomyrska	Ovrutskyi	51.1714	28.6893
11163	Ігнатпіль	Zhytomyrska	Ovrutskyi	51.1446	28.7277
11164	Великі Мошки	Zhytomyrska	Ovrutskyi	51.2646	28.8684
11165	Ясенець	Zhytomyrska	Ovrutskyi	51.2482	28.8347
11166	Гуничі	Zhytomyrska	Ovrutskyi	51.2651	28.9154
11167	Яцковичі	Zhytomyrska	Ovrutskyi	51.2913	28.8354
11168	Заріччя	Zhytomyrska	Ovrutskyi	51.3	28.7667
11169	Заськи	Zhytomyrska	Ovrutskyi	51.3318	28.766
11170	Збраньки	Zhytomyrska	Ovrutskyi	51.3014	28.6393
11171	Слобода Шоломківська	Zhytomyrska	Ovrutskyi	51.2882	28.7231
11172	Іллімка	Zhytomyrska	Ovrutskyi	51.3161	28.5105
11173	Камінь	Zhytomyrska	Ovrutskyi	51.2766	28.8894
11174	Кам'янівка	Zhytomyrska	Ovrutskyi	51.408	28.9241
11175	Клинець	Zhytomyrska	Ovrutskyi	51.3303	28.6824
11176	Кованка	Zhytomyrska	Ovrutskyi	51.3885	28.0941
11177	Прилуки	Zhytomyrska	Ovrutskyi	51.4634	28.8657
11178	Сташки	Zhytomyrska	Ovrutskyi	51.35	28.8
11179	Колосівка	Zhytomyrska	Ovrutskyi	51.2881	28.8604
11180	Коптівщина	Zhytomyrska	Ovrutskyi	51.3368	28.5976
11181	Коренівка	Zhytomyrska	Ovrutskyi	51.3119	28.728
11182	Нагоряни	Zhytomyrska	Ovrutskyi	51.3681	28.5367
11183	Корчівка	Zhytomyrska	Ovrutskyi	51.3527	28.7619
11184	Кошечки	Zhytomyrska	Ovrutskyi	51.3222	28.3743
11186	Старі Велідники	Zhytomyrska	Ovrutskyi	51.3051	28.447
11187	Товкачі	Zhytomyrska	Ovrutskyi	51.3463	28.8338
11188	Лукішки	Zhytomyrska	Ovrutskyi	51.3127	28.7767
11189	Чабан	Zhytomyrska	Ovrutskyi	51.2607	28.5205
11190	Мала Фосня	Zhytomyrska	Ovrutskyi	51.2673	28.8399
11191	Мала Хайча	Zhytomyrska	Ovrutskyi	51.2887	28.6051
11192	Мала Чернігівка	Zhytomyrska	Ovrutskyi	51.2837	28.9433
11193	Малий кобилин	Zhytomyrska	Ovrutskyi	51.3231	28.5443
11194	Сорокопень	Zhytomyrska	Ovrutskyi	51.3216	28.4843
11195	Павлюківка	Zhytomyrska	Ovrutskyi	51.1613	28.6524
11196	Селезівка	Zhytomyrska	Ovrutskyi	51.5365	28.1077
11197	Млини	Zhytomyrska	Ovrutskyi	51.1376	28.6668
11198	Мочульня	Zhytomyrska	Ovrutskyi	51.3673	28.7273
11199	Стугівщина	Zhytomyrska	Ovrutskyi	51.3654	28.4924
11201	Ємільчине	Zhytomyrska	Yemilchynskyi	50.8735	27.806
11203	Зосимівка	Zhytomyrska	Yemilchynskyi	50.7375	27.6532
11204	Ілляшівка	Zhytomyrska	Yemilchynskyi	50.7632	27.6171
11205	Королівка	Zhytomyrska	Yemilchynskyi	50.9038	27.9945
11206	Ситне	Zhytomyrska	Yemilchynskyi	50.84	27.4478
11207	Красногірка	Zhytomyrska	Yemilchynskyi	50.8078	27.9539
11208	Яблунівка	Zhytomyrska	Yemilchynskyi	50.7833	27.8167
11209	Лука	Zhytomyrska	Yemilchynskyi	50.9221	27.5292
11210	Омелуша	Zhytomyrska	Yemilchynskyi	51.017	28.1055
11210	Миколаївка	Zhytomyrska	Yemilchynskyi	51.0216	27.9837
11210	Спаське	Zhytomyrska	Yemilchynskyi	51.0427	27.9427
11210	Рудня - Миколаївка	Zhytomyrska	Yemilchynskyi	51.0246	28.0465
11211	Осівка	Zhytomyrska	Yemilchynskyi	50.9814	27.9791
11212	Чміль	Zhytomyrska	Yemilchynskyi	50.9324	27.9143
11213	Кривотин	Zhytomyrska	Yemilchynskyi	50.9457	28.0792
11214	Степанівка	Zhytomyrska	Yemilchynskyi	50.8711	27.9656
11214	Лебідь	Zhytomyrska	Yemilchynskyi	50.9094	28.0415
11214	Ганнівка	Zhytomyrska	Yemilchynskyi	50.8953	28.0453
11215	Сімаківка	Zhytomyrska	Yemilchynskyi	50.85	28.0557
11216	Садки	Zhytomyrska	Yemilchynskyi	50.8473	27.7308
11217	Запруда	Zhytomyrska	Yemilchynskyi	50.8722	27.6188
11218	Заровенка	Zhytomyrska	Yemilchynskyi	50.8657	27.6879
11220	Кочичине	Zhytomyrska	Yemilchynskyi	51.0072	27.5361
11221	Рудня-Іванівська	Zhytomyrska	Yemilchynskyi	50.9857	27.6981
11222	Велика Глумча	Zhytomyrska	Yemilchynskyi	50.9412	27.5569
11223	Мала Глумча	Zhytomyrska	Yemilchynskyi	50.9374	27.6184
11224	Паранине	Zhytomyrska	Yemilchynskyi	50.9495	27.6726
11225	Підлуби	Zhytomyrska	Yemilchynskyi	50.9231	27.7486
11226	Хутір-Мокляки	Zhytomyrska	Yemilchynskyi	50.8225	27.8641
11227	Дібрівка	Zhytomyrska	Yemilchynskyi	50.9546	27.4974
11228	Забаро-Давидівка	Zhytomyrska	Yemilchynskyi	50.9693	27.4586
11229	Адамове	Zhytomyrska	Yemilchynskyi	50.8294	27.4824
11230	Сергіївка	Zhytomyrska	Yemilchynskyi	50.8931	27.5601
11231	Середи	Zhytomyrska	Yemilchynskyi	50.8369	27.7715
11232	Медведеве	Zhytomyrska	Yemilchynskyi	50.8894	27.6778
11233	Березники	Zhytomyrska	Yemilchynskyi	50.8647	27.4868
11234	Болярка	Zhytomyrska	Yemilchynskyi	50.8511	27.6473
11235	Велика Цвіля	Zhytomyrska	Yemilchynskyi	50.8043	27.6085
11236	Старий Хмерин	Zhytomyrska	Yemilchynskyi	50.7776	27.653
11236	Тайки	Zhytomyrska	Yemilchynskyi	50.8028	27.6617
11237	Вільшанка	Zhytomyrska	Yemilchynskyi	50.7155	27.6523
11237	Старі Серби	Zhytomyrska	Yemilchynskyi	50.7879	27.755
11237	Серби	Zhytomyrska	Yemilchynskyi	50.7814	27.7119
11238	Просіка	Zhytomyrska	Yemilchynskyi	50.8316	27.6543
11239	Лісове	Zhytomyrska	Yemilchynskyi	51.1381	27.4276
11240	Мокляки	Zhytomyrska	Yemilchynskyi	50.8388	27.9057
11241	Великий Яблунець	Zhytomyrska	Yemilchynskyi	50.8027	28.0065
11242	Вірівка	Zhytomyrska	Yemilchynskyi	50.7861	27.9425
11243	Куліші	Zhytomyrska	Yemilchynskyi	50.7979	27.8379
11244	Сербо-Слобідка	Zhytomyrska	Yemilchynskyi	50.747	27.8128
11245	Варварівка	Zhytomyrska	Yemilchynskyi	50.7377	27.7691
11246	Стара Гута	Zhytomyrska	Yemilchynskyi	50.686	27.8251
11246	Рихальське	Zhytomyrska	Yemilchynskyi	50.7164	27.8341
11247	Аполлонівка	Zhytomyrska	Yemilchynskyi	50.8339	27.9646
11248	Вересівка	Zhytomyrska	Yemilchynskyi	50.7	27.7667
11249	Вільхівка	Zhytomyrska	Yemilchynskyi	50.7551	28.1171
11250	Яблунець	Zhytomyrska	Yemilchynskyi	50.727	28.0372
11251	Хотиж	Zhytomyrska	Yemilchynskyi	50.7702	28.1555
11251	Рясне	Zhytomyrska	Yemilchynskyi	50.7784	28.1112
11251	Гута Зеленицька	Zhytomyrska	Yemilchynskyi	50.7581	28.2118
11252	Неділище	Zhytomyrska	Yemilchynskyi	50.7564	28.0599
11253	Зелениця	Zhytomyrska	Yemilchynskyi	50.7491	28.1902
11254	Андрієвичі	Zhytomyrska	Yemilchynskyi	50.7336	27.8863
11255	Бараші	Zhytomyrska	Yemilchynskyi	50.7164	28.0271
11256	Киянка	Zhytomyrska	Yemilchynskyi	50.6675	28.0859
11257	Червоний бір	Zhytomyrska	Yemilchynskyi	50.6565	27.8965
11257	Симони	Zhytomyrska	Yemilchynskyi	50.7075	27.9354
11258	Бастова рудня	Zhytomyrska	Yemilchynskyi	50.7468	27.9891
11259	Брідок	Zhytomyrska	Yemilchynskyi	50.6838	27.8978
11260	Бобриця	Zhytomyrska	Yemilchynskyi	50.6922	28.1339
11261	Усолуси	Zhytomyrska	Yemilchynskyi	50.6793	28.2037
11262	Березівка	Zhytomyrska	Yemilchynskyi	50.682	28.0165
11263	Будо-Бобриця	Zhytomyrska	Yemilchynskyi	50.6943	28.0403
11264	Сорочень	Zhytomyrska	Yemilchynskyi	50.627	28.1341
11265	Ганнопіль	Zhytomyrska	Yemilchynskyi	50.6943	28.0403
11266	Горбове	Zhytomyrska	Yemilchynskyi	50.8994	27.9224
11267	Антонівка	Zhytomyrska	Yemilchynskyi	50.6412	28.219
11268	Радичі	Zhytomyrska	Yemilchynskyi	50.6874	27.7323
11269	Верби	Zhytomyrska	Yemilchynskyi	50.6462	27.9607
11270	Вікторівка	Zhytomyrska	Yemilchynskyi	51.2977	31.4118
11271	Гута- Бобрицька	Zhytomyrska	Yemilchynskyi	50.6504	28.1591
11272	Руденька	Zhytomyrska	Yemilchynskyi	50.8971	27.8013
11273	Дуга	Zhytomyrska	Yemilchynskyi	50.7246	28.2385
11274	Яменець	Zhytomyrska	Yemilchynskyi	50.9268	28.1423
11275	Здоровець	Zhytomyrska	Yemilchynskyi	50.9067	27.8805
11276	Старі Непізнаничі	Zhytomyrska	Yemilchynskyi	50.7713	27.9185
11277	Камянка	Zhytomyrska	Yemilchynskyi	50.8601	28.4994
11278	Камяногірка	Zhytomyrska	Yemilchynskyi	50.8601	28.4994
11279	Катеринівка	Zhytomyrska	Yemilchynskyi	50.7064	28.4435
11280	Киселівка	Zhytomyrska	Yemilchynskyi	50.63	28.0876
11281	Крем'янка	Zhytomyrska	Yemilchynskyi	50.8355	27.965
11282	Льонівка	Zhytomyrska	Yemilchynskyi	50.9546	27.9455
11283	Шевченкове	Zhytomyrska	Yemilchynskyi	50.763	27.9871
11284	Малий Кривотин	Zhytomyrska	Yemilchynskyi	50.9618	28.1018
11285	Малий Яблунець	Zhytomyrska	Yemilchynskyi	50.834	28.0203
11286	Малоглумчанка	Zhytomyrska	Yemilchynskyi	50.9333	27.5833
11287	Маринівка	Zhytomyrska	Yemilchynskyi	50.7117	27.8803
11288	Мар'янівка	Zhytomyrska	Yemilchynskyi	50.8355	27.965
11289	Михайлівка	Zhytomyrska	Yemilchynskyi	50.8953	28.1145
11290	Мойсіївка	Zhytomyrska	Yemilchynskyi	50.7428	27.703
11291	Нараївка	Zhytomyrska	Yemilchynskyi	50.8062	27.9048
11292	Непізнаничі	Zhytomyrska	Yemilchynskyi	50.7574	27.9336
11293	Нитине	Zhytomyrska	Yemilchynskyi	50.8862	27.7443
11294	Нові Серби	Zhytomyrska	Yemilchynskyi	50.7749	27.7487
11295	Новоолександрівка	Zhytomyrska	Yemilchynskyi	50.6173	28.0794
11296	Новосілка	Zhytomyrska	Yemilchynskyi	50.6885	27.9943
11297	Полоничеве	Zhytomyrska	Yemilchynskyi	51.0074	27.9261
11298	Осова	Zhytomyrska	Yemilchynskyi	50.8306	27.5652
11299	Покощеве	Zhytomyrska	Yemilchynskyi	50.8294	27.7061
11301	Лугини	Zhytomyrska	Luhynskyi	51.082	28.4006
11306	Нові Новаки	Zhytomyrska	Luhynskyi	51.0793	28.2775
11307	Новосілка	Zhytomyrska	Luhynskyi	51.0835	28.2998
11308	Старі Новаки	Zhytomyrska	Luhynskyi	51.1043	28.231
11309	Рудня-Жеревці	Zhytomyrska	Luhynskyi	51.1607	28.1672
11310	Миролюбів	Zhytomyrska	Luhynskyi	51.1626	28.2523
11311	Топільня	Zhytomyrska	Luhynskyi	51.1963	28.0767
11312	Жеревці	Zhytomyrska	Luhynskyi	51.1592	28.1126
11313	Червона Волока	Zhytomyrska	Luhynskyi	51.1367	28.207
11314	Бобричі	Zhytomyrska	Luhynskyi	51.1481	28.246
11315	Волошине	Zhytomyrska	Luhynskyi	51.1603	28.2332
11316	Зарічка	Zhytomyrska	Luhynskyi	51.1698	28.1366
11317	Красносілка	Zhytomyrska	Luhynskyi	51.1735	28.2823
11318	Рудня - Повчанська	Zhytomyrska	Luhynskyi	51.1432	28.6165
11319	Осни	Zhytomyrska	Luhynskyi	51.1764	28.36
11320	Липники	Zhytomyrska	Luhynskyi	51.1726	28.4565
11321	Повч	Zhytomyrska	Luhynskyi	51.15	28.5513
11322	Степанівка	Zhytomyrska	Luhynskyi	51.1211	28.2693
11323	Бовсуни	Zhytomyrska	Luhynskyi	51.0799	28.4548
11324	Солов'ї	Zhytomyrska	Luhynskyi	51.1124	28.4277
11325	Літки	Zhytomyrska	Luhynskyi	51.0507	28.4209
11326	Буда	Zhytomyrska	Luhynskyi	51.1672	28.5921
11327	Діброва	Zhytomyrska	Luhynskyi	51.0279	28.5138
11328	Малахівка	Zhytomyrska	Luhynskyi	51.2029	28.3651
11329	Леонівка	Zhytomyrska	Luhynskyi	51.039	28.2252
11330	Старосілля	Zhytomyrska	Luhynskyi	51.1018	28.2938
11331	Великий Дивлин	Zhytomyrska	Luhynskyi	51.081	28.1074
11332	Малий Дивлин	Zhytomyrska	Luhynskyi	51.0983	28.1178
11333	Путиловичі	Zhytomyrska	Luhynskyi	51.0866	28.2198
11334	Кремне	Zhytomyrska	Luhynskyi	51.0573	28.2278
11335	Красностав	Zhytomyrska	Luhynskyi	51.0346	28.3168
11336	Іванівка	Zhytomyrska	Luhynskyi	51.0839	28.1527
11337	Кам'яна гірка	Zhytomyrska	Luhynskyi	50.9821	28.1943
11338	Глухова	Zhytomyrska	Luhynskyi	51.055	28.392
11339	Березовий Груд	Zhytomyrska	Luhynskyi	50.9986	28.3636
11340	Калинівка	Zhytomyrska	Luhynskyi	51.0333	28.1833
11341	Остапи	Zhytomyrska	Luhynskyi	50.9916	28.2473
11342	Будо-Літки	Zhytomyrska	Luhynskyi	50.9781	28.3443
11343	Радогоща	Zhytomyrska	Luhynskyi	50.9569	28.3232
11344	Станційне	Zhytomyrska	Luhynskyi	51.0357	28.3841
11345	Підостапи	Zhytomyrska	Luhynskyi	51.0063	28.2032
11346	Теснівка	Zhytomyrska	Luhynskyi	51.0235	28.3453
11347	Миколаївка	Zhytomyrska	Luhynskyi	51.0216	27.9837
11348	Запілля	Zhytomyrska	Luhynskyi	51.1328	28.0901
11349	Крупчатка	Zhytomyrska	Luhynskyi	51.0912	28.3798
11350	Лугинки	Zhytomyrska	Luhynskyi	51.0824	28.3621
11351	Нова Рудня	Zhytomyrska	Luhynskyi	51.103	28.3183
11352	Великий Ліс	Zhytomyrska	Luhynskyi	51.0039	28.4196
11401	Народичі	Zhytomyrska	Narodytskyi	51.2029	29.0823
11404	Ганнівка	Zhytomyrska	Narodytskyi	51.1489	29.0454
11406	Селець	Zhytomyrska	Narodytskyi	51.1779	29.0947
11407	Гута Ксаверівська	Zhytomyrska	Narodytskyi	51.0909	28.9571
11408	Давидки	Zhytomyrska	Narodytskyi	51.3224	29.3043
11409	Лозниця	Zhytomyrska	Narodytskyi	51.1244	29.0843
11411	Радча	Zhytomyrska	Narodytskyi	51.3561	29.2781
11412	Нова Радча	Zhytomyrska	Narodytskyi	51.359	29.3052
11413	Христинівка	Zhytomyrska	Narodytskyi	48.8249	29.9681
11414	Залісся	Zhytomyrska	Narodytskyi	51.2656	29.195
11415	Мотійки	Zhytomyrska	Narodytskyi	51.2582	29.2371
11416	Вільхова	Zhytomyrska	Narodytskyi	51.3589	29.3713
11417	Грезля	Zhytomyrska	Narodytskyi	51.3324	29.2725
11418	Ноздрище	Zhytomyrska	Narodytskyi	51.2418	29.1801
11419	Ровба	Zhytomyrska	Narodytskyi	51.3495	29.3572
11420	Норинці	Zhytomyrska	Narodytskyi	51.272	28.9906
11421	Новий Дорогинь	Zhytomyrska	Narodytskyi	51.2725	29.1314
11422	Старий Дорогинь	Zhytomyrska	Narodytskyi	51.273	29.0921
11423	Латаші	Zhytomyrska	Narodytskyi	51.2726	29.0357
11424	Ласки	Zhytomyrska	Narodytskyi	51.2663	28.9595
11425	Клочки	Zhytomyrska	Narodytskyi	51.2985	29.0345
11426	Одруби	Zhytomyrska	Narodytskyi	51.2612	29.1113
11427	Оржів	Zhytomyrska	Narodytskyi	51.2839	28.9928
11428	Славенщина	Zhytomyrska	Narodytskyi	51.2585	29.1492
11429	Стара Радча	Zhytomyrska	Narodytskyi	51.3815	29.2987
11430	Болотниця	Zhytomyrska	Narodytskyi	51.2122	28.9384
11431	Закусили	Zhytomyrska	Narodytskyi	51.1708	28.9483
11432	Вязівка	Zhytomyrska	Narodytskyi	51.1222	29.0058
11433	Липлянщина	Zhytomyrska	Narodytskyi	51.1933	28.8468
11434	Розсохівське	Zhytomyrska	Narodytskyi	51.1316	29.0068
11435	Бабиничі	Zhytomyrska	Narodytskyi	51.1717	28.9751
11436	Слобода - Вязівка	Zhytomyrska	Narodytskyi	51.1625	28.8926
11437	Сингаї	Zhytomyrska	Narodytskyi	50.9663	28.7208
11438	Рудня Базарська	Zhytomyrska	Narodytskyi	51.073	29.2677
11439	Рубежівка	Zhytomyrska	Narodytskyi	51.0183	29.4554
11442	Любарка	Zhytomyrska	Narodytskyi	51.0808	29.0654
11444	Калинівка	Zhytomyrska	Narodytskyi	51.022	29.0856
11445	Червоне	Zhytomyrska	Narodytskyi	51.2163	28.9725
11446	Яжберень	Zhytomyrska	Narodytskyi	51.2524	29.1341
11447	Карпилівка	Zhytomyrska	Narodytskyi	50.7523	27.5839
11449	Вила	Zhytomyrska	Narodytskyi	51.0594	29.474
11450	Голубієвичі	Zhytomyrska	Narodytskyi	51.0887	29.41
11451	Межиліска	Zhytomyrska	Narodytskyi	51.0562	29.3683
11452	Базар	Zhytomyrska	Narodytskyi	51.0434	29.2959
11453	Гуто-Мар'ятин	Zhytomyrska	Narodytskyi	51.0621	29.3707
11454	Бродник	Zhytomyrska	Narodytskyi	51.0172	29.2715
11455	Великі Міньки	Zhytomyrska	Narodytskyi	51.0884	29.3114
11456	Буда-Голубієвичі	Zhytomyrska	Narodytskyi	51.0714	29.4565
11457	Недашківка	Zhytomyrska	Narodytskyi	51.0515	29.4858
11458	Осика	Zhytomyrska	Narodytskyi	51.0806	29.3661
11460	Славковиці	Zhytomyrska	Narodytskyi	51.0546	29.4247
11461	Тичків	Zhytomyrska	Narodytskyi	51.3602	29.2218
11462	Рудня-Камянка	Zhytomyrska	Narodytskyi	51.0801	28.9619
11463	Старий Кужіль	Zhytomyrska	Narodytskyi	51.0353	29.422
11464	Снитище	Zhytomyrska	Narodytskyi	51.2632	29.074
11465	Сухарівка	Zhytomyrska	Narodytskyi	51.026	29.251
11466	Жерев	Zhytomyrska	Narodytskyi	51.1613	28.9268
11500	Коростень	Zhytomyrska	Korostenskyi	50.9594	28.6385
11501	Коростень	Zhytomyrska	Korostenskyi	50.9594	28.6385
11502	Коростень	Zhytomyrska	Korostenskyi	50.9594	28.6385
11503	Коростень	Zhytomyrska	Korostenskyi	50.9594	28.6385
11504	Коростень	Zhytomyrska	Korostenskyi	50.9594	28.6385
11505	Коростень	Zhytomyrska	Korostenskyi	50.9594	28.6385
11506	Коростень	Zhytomyrska	Korostenskyi	50.9594	28.6385
11507	Коростень	Zhytomyrska	Korostenskyi	50.9594	28.6385
11508	Коростень	Zhytomyrska	Korostenskyi	50.9594	28.6385
11509	Коростень	Zhytomyrska	Korostenskyi	50.9594	28.6385
11510	Коростень	Zhytomyrska	Korostenskyi	50.9594	28.6385
11512	Коростень	Zhytomyrska	Korostenskyi	50.9594	28.6385
11513	Жабче	Zhytomyrska	Korostenskyi	50.9774	28.5586
11514	Полянка	Zhytomyrska	Korostenskyi	50.8226	28.7606
11515	Іскорость	Zhytomyrska	Korostenskyi	50.9118	28.6559
11516	Клочеве	Zhytomyrska	Korostenskyi	51.0094	28.5213
11517	Кам'яна гора	Zhytomyrska	Korostenskyi	50.8947	28.5431
11518	Новина	Zhytomyrska	Korostenskyi	50.772	28.292
11519	Олександрівка	Zhytomyrska	Korostenskyi	50.7455	28.2792
11520	Дідковичі	Zhytomyrska	Korostenskyi	51.1034	28.834
11521	Бехи	Zhytomyrska	Korostenskyi	51.0204	28.6931
11522	Барди	Zhytomyrska	Korostenskyi	51.0379	28.7439
11522	Васьковичі	Zhytomyrska	Korostenskyi	51.0895	28.7073
11523	Михайлівка	Zhytomyrska	Korostenskyi	51.0754	28.6604
11523	Плещівка	Zhytomyrska	Korostenskyi	51.0682	28.6264
11524	Межирічка	Zhytomyrska	Korostenskyi	51.0749	28.7726
11525	Сарновичі	Zhytomyrska	Korostenskyi	51.0841	28.9199
11526	Шатрище	Zhytomyrska	Korostenskyi	50.9636	28.6832
11527	Вороневе	Zhytomyrska	Korostenskyi	50.9947	28.7011
11528	Охотівка	Zhytomyrska	Korostenskyi	50.9435	28.2006
11529	Першотравневе	Zhytomyrska	Korostenskyi	51.3929	28.8684
11530	Калинівка	Zhytomyrska	Korostenskyi	51.022	29.0856
11531	Обиходи	Zhytomyrska	Korostenskyi	51.019	28.9756
11532	Берестовець	Zhytomyrska	Korostenskyi	51.0227	28.8741
11533	Мединівка	Zhytomyrska	Korostenskyi	50.976	28.9552
11534	Каленське	Zhytomyrska	Korostenskyi	50.9627	28.8525
11535	Мала Зубівщина	Zhytomyrska	Korostenskyi	50.9565	28.8244
11536	Розівка	Zhytomyrska	Korostenskyi	50.8289	28.5772
11537	Пугачівка	Zhytomyrska	Korostenskyi	50.8659	28.3924
11538	Зубівщина	Zhytomyrska	Korostenskyi	50.9603	28.8167
11539	Корма	Zhytomyrska	Korostenskyi	50.9506	28.8901
11540	Ходаки	Zhytomyrska	Korostenskyi	50.981	28.8088
11541	Сингаї	Zhytomyrska	Korostenskyi	50.9663	28.7208
11542	Грозине	Zhytomyrska	Korostenskyi	50.9561	28.7325
11543	Новаки	Zhytomyrska	Korostenskyi	50.9337	28.7813
11544	Хотинівка	Zhytomyrska	Korostenskyi	50.916	28.7517
11545	Стремигород	Zhytomyrska	Korostenskyi	50.9114	28.8373
11546	Діброва	Zhytomyrska	Korostenskyi	50.8783	28.8075
11547	Старики	Zhytomyrska	Korostenskyi	50.7675	28.7218
11548	Рудня-Ушомирська	Zhytomyrska	Korostenskyi	50.8653	28.4655
11549	Купеч	Zhytomyrska	Korostenskyi	50.9989	28.7807
11550	Кожухівка	Zhytomyrska	Korostenskyi	50.9915	28.567
11552	Купище	Zhytomyrska	Korostenskyi	50.9757	28.4962
11553	Давидки	Zhytomyrska	Korostenskyi	50.951	28.4422
11554	Вигів	Zhytomyrska	Korostenskyi	50.9314	28.4763
11555	Поліське	Zhytomyrska	Korostenskyi	50.9044	28.5376
11556	Боровиця	Zhytomyrska	Korostenskyi	50.9073	28.4741
11557	Сантарка	Zhytomyrska	Korostenskyi	50.8408	28.3537
11558	Видень	Zhytomyrska	Korostenskyi	50.9593	28.379
11559	Дружбівка	Zhytomyrska	Korostenskyi	50.9421	28.4081
11560	Піски	Zhytomyrska	Korostenskyi	50.9306	28.3354
11560	Горщик	Zhytomyrska	Korostenskyi	50.8989	28.2999
11560	Жупанівка	Zhytomyrska	Korostenskyi	50.9286	28.3573
11561	Березівка	Zhytomyrska	Korostenskyi	50.9088	28.4152
11562	Бондарівка	Zhytomyrska	Korostenskyi	50.8986	28.2303
11563	Гулянка	Zhytomyrska	Korostenskyi	50.8808	28.1797
11564	Білка	Zhytomyrska	Korostenskyi	50.8213	28.1897
11564	Рудня-Більківська	Zhytomyrska	Korostenskyi	50.8213	28.1897
11565	Сушки	Zhytomyrska	Korostenskyi	50.804	28.242
11566	Рудня	Zhytomyrska	Korostenskyi	50.75	28.25
11566	Красногірка	Zhytomyrska	Korostenskyi	50.8071	28.4456
11566	Мошківка	Zhytomyrska	Korostenskyi	50.7928	28.4339
11566	Ришавка	Zhytomyrska	Korostenskyi	50.7778	28.3466
11567	Броди	Zhytomyrska	Korostenskyi	50.8993	28.1549
11568	Ушиця (Сільська Рада)	Zhytomyrska	Korostenskyi	50.8582	28.2923
11569	Іванопіль	Zhytomyrska	Korostenskyi	50.9168	28.212
11570	Білошиці	Zhytomyrska	Korostenskyi	50.8705	28.6224
11571	Струмок	Zhytomyrska	Korostenskyi	50.8625	28.3505
11571	Садибне	Zhytomyrska	Korostenskyi	50.8826	28.4008
11571	Ушомир	Zhytomyrska	Korostenskyi	50.8597	28.4657
11572	Ходачки	Zhytomyrska	Korostenskyi	50.8962	28.6282
11572	Веселівка	Zhytomyrska	Korostenskyi	50.8576	28.5628
11573	Іванівка	Zhytomyrska	Korostenskyi	50.8114	28.6187
11573	Ковалівщина	Zhytomyrska	Korostenskyi	50.8114	28.6187
11574	Холосне	Zhytomyrska	Korostenskyi	50.8604	28.6296
11575	Злобичі	Zhytomyrska	Korostenskyi	50.8573	28.6968
11576	Винарівка	Zhytomyrska	Korostenskyi	50.8607	28.867
11576	Мелені	Zhytomyrska	Korostenskyi	50.8252	28.8489
11577	Березневе	Zhytomyrska	Korostenskyi	50.8705	28.6224
11578	Сокорики	Zhytomyrska	Korostenskyi	51.0226	28.6486
11579	Граби	Zhytomyrska	Korostenskyi	50.8503	28.7506
11580	Лісівщина	Zhytomyrska	Korostenskyi	50.7896	28.5682
11580	Лісобуда	Zhytomyrska	Korostenskyi	50.7581	28.5628
11581	Шершні	Zhytomyrska	Korostenskyi	50.7925	28.7909
11582	Ставище	Zhytomyrska	Korostenskyi	50.7778	28.4846
11583	Ковалі	Zhytomyrska	Korostenskyi	50.7705	28.6532
11584	Десятини	Zhytomyrska	Korostenskyi	50.8049	28.7169
11585	Заріччя	Zhytomyrska	Korostenskyi	50.8735	28.4515
11586	Кропивня	Zhytomyrska	Korostenskyi	50.726	28.5039
11587	Домолоч	Zhytomyrska	Korostenskyi	50.8904	28.6737
11588	Ходачки	Zhytomyrska	Korostenskyi	50.8962	28.6282
11589	Вишневе	Zhytomyrska	Korostenskyi	50.5085	28.5066
11590	Соболівка	Zhytomyrska	Korostenskyi	50.8903	28.7189
11591	Ковбащина	Zhytomyrska	Korostenskyi	50.8435	28.4893
11592	Розтяжин	Zhytomyrska	Korostenskyi	50.9056	28.6987
11593	Краснопіль	Zhytomyrska	Korostenskyi	50.9216	28.4921
11594	Рудня (Поліська сільська рада)	Zhytomyrska	Korostenskyi	50.8803	28.6584
11595	Майданівка	Zhytomyrska	Korostenskyi	50.9041	28.8768
11596	Мойсиївка	Zhytomyrska	Korostenskyi	50.7567	28.6032
11597	Нова Ушиця (селище)	Zhytomyrska	Korostenskyi	50.8803	28.6584
11598	Немирівка	Zhytomyrska	Korostenskyi	50.9907	28.7183
11599	Нивки	Zhytomyrska	Korostenskyi	50.8299	28.6697
11600	Малин	Zhytomyrska	Malynskyi	50.7723	29.2383
11601	Малин	Zhytomyrska	Malynskyi	50.7723	29.2383
11602	Малин	Zhytomyrska	Malynskyi	50.7723	29.2383
11603	Малин	Zhytomyrska	Malynskyi	50.7723	29.2383
11604	Малин	Zhytomyrska	Malynskyi	50.7723	29.2383
11606	Білий Берег	Zhytomyrska	Malynskyi	50.7592	29.4807
11607	Юрівка	Zhytomyrska	Malynskyi	50.7796	29.2874
11608	Бучки	Zhytomyrska	Malynskyi	50.7303	28.8707
11609	Вишнянка	Zhytomyrska	Malynskyi	50.9489	29.2629
11610	Недашки	Zhytomyrska	Malynskyi	50.9796	29.2267
11610	Зелений гай	Zhytomyrska	Malynskyi	50.9863	29.2582
11611	Вишів	Zhytomyrska	Malynskyi	50.9682	29.3449
11612	Ксаверів	Zhytomyrska	Malynskyi	50.9665	29.1497
11612	Рудня Калинівка	Zhytomyrska	Malynskyi	50.9981	29.0717
11613	Скурати	Zhytomyrska	Malynskyi	50.9426	29.0972
11614	Морозівка	Zhytomyrska	Malynskyi	50.9279	29.4149
11615	Діброва	Zhytomyrska	Malynskyi	50.91	29.2229
11616	Владівка	Zhytomyrska	Malynskyi	50.9145	29.0396
11617	Візня	Zhytomyrska	Malynskyi	50.7266	29.3164
11618	Баранівка	Zhytomyrska	Malynskyi	50.8745	29.2201
11619	Будницьке	Zhytomyrska	Malynskyi	50.9207	28.9831
11620	Чоповичі	Zhytomyrska	Malynskyi	50.8333	28.9533
11621	Гуска	Zhytomyrska	Malynskyi	50.9112	29.3065
11622	Пристанційне	Zhytomyrska	Malynskyi	50.8678	28.9392
11623	Шевченкове	Zhytomyrska	Malynskyi	50.873	29.0458
11624	Барвінки	Zhytomyrska	Malynskyi	50.8178	28.9783
11625	Новобратське	Zhytomyrska	Malynskyi	50.8464	28.9648
11626	Гута- Логанівська	Zhytomyrska	Malynskyi	50.8482	29.0425
11627	Гутянське	Zhytomyrska	Malynskyi	50.908	28.9716
11628	Маклаївка	Zhytomyrska	Malynskyi	50.8482	29.0425
11629	Єлівка	Zhytomyrska	Malynskyi	50.7284	29.1803
11630	Нові Вороб'ї	Zhytomyrska	Malynskyi	50.8701	29.3455
11630	Нове життя	Zhytomyrska	Malynskyi	48.3761	28.1736
11631	Будо-Вороб' ї	Zhytomyrska	Malynskyi	50.8548	29.4673
11632	Любовичі	Zhytomyrska	Malynskyi	50.7949	29.4255
11633	Українка	Zhytomyrska	Malynskyi	50.7697	29.3705
11634	Гранітне	Zhytomyrska	Malynskyi	50.7433	29.3516
11635	Забране	Zhytomyrska	Malynskyi	50.744	28.8015
11636	Заліски	Zhytomyrska	Malynskyi	50.9124	29.1585
11637	Загребля	Zhytomyrska	Malynskyi	50.8016	28.9778
11638	Зибен	Zhytomyrska	Malynskyi	50.5255	29.1574
11639	Йосипівка	Zhytomyrska	Malynskyi	50.388	29.5023
11640	Головки	Zhytomyrska	Malynskyi	50.8419	29.1357
11641	Пиріжки	Zhytomyrska	Malynskyi	50.8313	29.2095
11642	Малинівка	Zhytomyrska	Malynskyi	50.7941	29.2703
11643	Слобідка	Zhytomyrska	Malynskyi	50.7915	29.177
11644	Щербатівка	Zhytomyrska	Malynskyi	50.7843	29.141
11645	Гамарня	Zhytomyrska	Malynskyi	50.7758	29.1732
11646	Камянка	Zhytomyrska	Malynskyi	50.7957	29.2065
11647	Квітневе	Zhytomyrska	Malynskyi	50.8289	29.1053
11648	Клітня	Zhytomyrska	Malynskyi	50.8406	29.4291
11649	Королівка	Zhytomyrska	Malynskyi	50.673	29.2174
11650	Березине	Zhytomyrska	Malynskyi	50.7483	29.1122
11651	Горинь	Zhytomyrska	Malynskyi	50.7202	29.0177
11652	Устинівка	Zhytomyrska	Malynskyi	50.7498	28.9958
11653	Буки	Zhytomyrska	Malynskyi	50.719	28.8463
11654	Сичівка	Zhytomyrska	Malynskyi	50.7521	28.874
11654	Луки	Zhytomyrska	Malynskyi	50.7409	28.9125
11655	Ворсівка	Zhytomyrska	Malynskyi	50.6946	29.2493
11656	Іванівка	Zhytomyrska	Malynskyi	50.6953	29.0606
11657	Жабоч	Zhytomyrska	Malynskyi	50.6614	29.0909
11658	Студень	Zhytomyrska	Malynskyi	50.7202	29.0177
11659	Крушники	Zhytomyrska	Malynskyi	50.7202	29.0177
11660	Кутище	Zhytomyrska	Malynskyi	50.8362	29.0765
11661	Липляни	Zhytomyrska	Malynskyi	50.916	28.9111
11662	Яблунівка	Zhytomyrska	Malynskyi	50.741	28.3003
11663	Лісна колона	Zhytomyrska	Malynskyi	50.9256	29.2992
11664	Лісове	Zhytomyrska	Malynskyi	50.8818	29.1356
11665	Лумля	Zhytomyrska	Malynskyi	50.839	29.2586
11666	Омельянівка	Zhytomyrska	Malynskyi	50.8732	29.0861
11667	Марятин	Zhytomyrska	Malynskyi	50.8732	29.0861
11668	Нова Гута	Zhytomyrska	Malynskyi	50.9152	29.453
11669	Нова діброва	Zhytomyrska	Malynskyi	50.9305	29.2546
11670	Нова Рутвянка	Zhytomyrska	Malynskyi	50.9308	29.3941
11671	Косня	Zhytomyrska	Malynskyi	50.8155	29.1998
11672	Новоселиця	Zhytomyrska	Malynskyi	50.7552	29.4349
11673	Нянівка	Zhytomyrska	Malynskyi	50.6845	29.1154
11674	Ободівка	Zhytomyrska	Malynskyi	50.737	29.0836
11675	Червоний лан	Zhytomyrska	Malynskyi	50.8622	29.1314
11676	Писарівка	Zhytomyrska	Malynskyi	50.9451	29.0062
11677	Привітне	Zhytomyrska	Malynskyi	50.8238	29.4058
11678	Соснівка	Zhytomyrska	Malynskyi	50.6996	29.1548
11679	Репище	Zhytomyrska	Malynskyi	50.901	29.0715
11680	Різня	Zhytomyrska	Malynskyi	50.8174	29.3409
11681	Рубанка	Zhytomyrska	Malynskyi	50.7203	29.053
11682	Рудня-Вороб'ївська	Zhytomyrska	Malynskyi	50.8504	29.301
11683	Рудня Городищенська	Zhytomyrska	Malynskyi	50.71	29.2848
11684	Стара гута	Zhytomyrska	Malynskyi	50.8862	29.4912
11685	Рутвянка (Морозівська сільська рада)	Zhytomyrska	Malynskyi	50.8504	29.301
11686	Савлуки	Zhytomyrska	Malynskyi	50.981	29.1142
11687	Свиридівка	Zhytomyrska	Malynskyi	50.9527	29.3865
11688	Дружнє	Zhytomyrska	Malynskyi	50.8504	29.301
11689	Першотравневе	Zhytomyrska	Malynskyi	50.8853	29.4364
11690	Вюнище	Zhytomyrska	Malynskyi	50.712	29.1442
11691	Ярочище	Zhytomyrska	Malynskyi	50.9393	29.192
11692	Старі Воробї	Zhytomyrska	Malynskyi	50.8864	29.3967
11693	Фортунатівка	Zhytomyrska	Malynskyi	50.7206	29.0186
11694	Стримівщина	Zhytomyrska	Malynskyi	50.8612	28.8928
11695	Тарасівка	Zhytomyrska	Malynskyi	50.7327	28.9659
11696	Тишів	Zhytomyrska	Malynskyi	50.8574	29.0753
11697	Тростяниця	Zhytomyrska	Malynskyi	50.7771	28.9434
11698	Трудолюбівка	Zhytomyrska	Malynskyi	51.0002	29.3276
11699	Федорівка	Zhytomyrska	Malynskyi	50.7048	29.3482
11700	Новоград-Волинський	Zhytomyrska	Novohrad-Volynskyi	50.5941	27.6165
11701	Новоград-Волинський	Zhytomyrska	Novohrad-Volynskyi	50.5941	27.6165
11703	Новоград-Волинський	Zhytomyrska	Novohrad-Volynskyi	50.5941	27.6165
11705	Новоград-Волинський	Zhytomyrska	Novohrad-Volynskyi	50.5941	27.6165
11706	Новоград-Волинський	Zhytomyrska	Novohrad-Volynskyi	50.5941	27.6165
11707	Новоград-Волинський	Zhytomyrska	Novohrad-Volynskyi	50.5941	27.6165
11708	Новоград-Волинський	Zhytomyrska	Novohrad-Volynskyi	50.5941	27.6165
11709	Вершниця	Zhytomyrska	Novohrad-Volynskyi	50.6386	27.704
11709	Новоград-Волинський	Zhytomyrska	Novohrad-Volynskyi	50.5941	27.6165
11710	Червона Воля	Zhytomyrska	Novohrad-Volynskyi	50.9833	27.25
11711	Прихід	Zhytomyrska	Novohrad-Volynskyi	50.9698	27.3652
11711	Броницька Гута	Zhytomyrska	Novohrad-Volynskyi	50.9316	27.319
11712	Кленова	Zhytomyrska	Novohrad-Volynskyi	50.9135	27.2976
11713	Дубники	Zhytomyrska	Novohrad-Volynskyi	50.8707	27.3509
11714	Перелісок	Zhytomyrska	Novohrad-Volynskyi	50.7542	27.3532
11714	Анастасівка	Zhytomyrska	Novohrad-Volynskyi	50.7752	27.3606
11714	Городниця	Zhytomyrska	Novohrad-Volynskyi	50.807	27.3168
11715	Лучиця	Zhytomyrska	Novohrad-Volynskyi	50.7976	27.2667
11716	Яблуневе	Zhytomyrska	Novohrad-Volynskyi	50.6049	27.7306
11716	Слобода Романівська	Zhytomyrska	Novohrad-Volynskyi	50.595	27.7361
11717	Анета	Zhytomyrska	Novohrad-Volynskyi	50.6221	27.4955
11718	Перемога	Zhytomyrska	Novohrad-Volynskyi	50.5782	27.6882
11719	Брониця	Zhytomyrska	Novohrad-Volynskyi	50.945	27.3484
11720	Курчиця	Zhytomyrska	Novohrad-Volynskyi	50.7595	27.438
11721	Ходурки	Zhytomyrska	Novohrad-Volynskyi	50.7686	27.4752
11722	Мала Цвіля	Zhytomyrska	Novohrad-Volynskyi	50.7343	27.5476
11723	Красилівка	Zhytomyrska	Novohrad-Volynskyi	50.6728	27.4407
11724	Таращанка	Zhytomyrska	Novohrad-Volynskyi	50.646	27.5106
11725	Чижівка	Zhytomyrska	Novohrad-Volynskyi	52.0167	31.1
11726	Берегове	Zhytomyrska	Novohrad-Volynskyi	50.7249	27.5342
11727	Варварівка	Zhytomyrska	Novohrad-Volynskyi	50.7377	27.7691
11728	Вербівка	Zhytomyrska	Novohrad-Volynskyi	51.1054	28.0653
11729	Марушівка	Zhytomyrska	Novohrad-Volynskyi	50.5457	27.7736
11730	Повчине	Zhytomyrska	Novohrad-Volynskyi	50.6292	27.2269
11731	Суховоля	Zhytomyrska	Novohrad-Volynskyi	50.6795	27.2922
11732	Калинівка	Zhytomyrska	Novohrad-Volynskyi	50.6213	27.2558
11733	Піщів	Zhytomyrska	Novohrad-Volynskyi	50.6065	27.317
11734	Жеребилівка	Zhytomyrska	Novohrad-Volynskyi	50.6221	27.2896
11735	Дублинки	Zhytomyrska	Novohrad-Volynskyi	50.5855	27.3093
11736	Дідовичі	Zhytomyrska	Novohrad-Volynskyi	50.61	27.3604
11737	Борисівка	Zhytomyrska	Novohrad-Volynskyi	50.5667	27.35
11738	Вишківка	Zhytomyrska	Novohrad-Volynskyi	50.6718	27.5972
11739	Вірівка	Zhytomyrska	Novohrad-Volynskyi	50.7087	27.5424
11740	Майстрів	Zhytomyrska	Novohrad-Volynskyi	50.5845	27.5528
11741	Олександрівка	Zhytomyrska	Novohrad-Volynskyi	50.6309	27.6057
11742	Наталівка	Zhytomyrska	Novohrad-Volynskyi	50.6144	27.5853
11743	Майстрова Воля	Zhytomyrska	Novohrad-Volynskyi	50.5523	27.529
11744	Нова Романівка	Zhytomyrska	Novohrad-Volynskyi	50.5762	27.7189
11745	Ужачин	Zhytomyrska	Novohrad-Volynskyi	50.6268	27.7555
11746	Федорівка	Zhytomyrska	Novohrad-Volynskyi	50.6221	27.8033
11747	Тупальці	Zhytomyrska	Novohrad-Volynskyi	50.5905	27.8759
11748	Михіївка	Zhytomyrska	Novohrad-Volynskyi	50.7221	27.4449
11749	Груд	Zhytomyrska	Novohrad-Volynskyi	50.5737	27.4032
11750	Середня Деражня	Zhytomyrska	Novohrad-Volynskyi	50.5885	27.2439
11751	Велика Деражня	Zhytomyrska	Novohrad-Volynskyi	50.6021	27.2626
11752	Крайня Деражня	Zhytomyrska	Novohrad-Volynskyi	50.5611	27.2573
11753	Косенів	Zhytomyrska	Novohrad-Volynskyi	50.5482	27.2321
11754	Токарів	Zhytomyrska	Novohrad-Volynskyi	50.5274	27.3182
11755	Камянка	Zhytomyrska	Novohrad-Volynskyi	50.6142	27.4971
11756	Забаро-Давидівка	Zhytomyrska	Yemilchynskyi	50.9693	27.4586
11756	Маковиці	Zhytomyrska	Novohrad-Volynskyi	50.6126	27.551
11756	Єлизаветпіль	Zhytomyrska	Yemilchynskyi	50.6101	28.026
11757	Морозівка	Zhytomyrska	Novohrad-Volynskyi	50.6722	27.4582
11758	Кануни	Zhytomyrska	Novohrad-Volynskyi	50.5121	27.644
11759	Малинівка	Zhytomyrska	Novohrad-Volynskyi	50.553	28.0167
11760	Пилиповичі	Zhytomyrska	Novohrad-Volynskyi	50.6009	27.4807
11761	Великий Молодьків	Zhytomyrska	Novohrad-Volynskyi	50.5835	27.4202
11761	Багате	Zhytomyrska	Novohrad-Volynskyi	50.5895	27.3938
11762	Ярунь	Zhytomyrska	Novohrad-Volynskyi	50.549	27.4677
11763	Гірки	Zhytomyrska	Novohrad-Volynskyi	50.5162	27.4567
11764	Орепи	Zhytomyrska	Novohrad-Volynskyi	50.4967	27.5383
11765	Жолобне	Zhytomyrska	Novohrad-Volynskyi	50.4857	27.3499
11766	Коритища	Zhytomyrska	Novohrad-Volynskyi	50.464	27.3365
11767	Велика Горбаша	Zhytomyrska	Novohrad-Volynskyi	50.455	27.4224
11768	Мала Горбаша	Zhytomyrska	Novohrad-Volynskyi	50.476	27.4367
11769	Лідівка	Zhytomyrska	Novohrad-Volynskyi	50.5175	27.5581
11769	Мала Анастасівка	Zhytomyrska	Novohrad-Volynskyi	50.7891	27.3267
11770	Поліянівка	Zhytomyrska	Novohrad-Volynskyi	50.5667	27.9863
11770	Вироби	Zhytomyrska	Novohrad-Volynskyi	50.5778	28.0249
11770	Зелений Гай	Zhytomyrska	Baranivskyi	50.3957	27.4133
11771	Несолонь	Zhytomyrska	Novohrad-Volynskyi	50.5656	27.9265
11772	Броники	Zhytomyrska	Novohrad-Volynskyi	50.5537	27.8058
11773	Кропивня	Zhytomyrska	Novohrad-Volynskyi	50.5695	27.8268
11774	Романівка	Zhytomyrska	Novohrad-Volynskyi	50.5781	27.7621
11775	Сусли	Zhytomyrska	Novohrad-Volynskyi	50.557	27.6085
11776	Івашківка	Zhytomyrska	Novohrad-Volynskyi	50.5614	27.7021
11777	Стриєва	Zhytomyrska	Novohrad-Volynskyi	50.5266	27.6257
11778	Будища	Zhytomyrska	Novohrad-Volynskyi	50.4822	27.316
11779	Городище	Zhytomyrska	Novohrad-Volynskyi	50.6197	27.4962
11780	Кам'яний Майдан	Zhytomyrska	Novohrad-Volynskyi	50.5185	27.8847
11781	Миколаївка	Zhytomyrska	Novohrad-Volynskyi	50.5345	27.8846
11782	Гульськ	Zhytomyrska	Novohrad-Volynskyi	50.517	27.7141
11783	Барвинівка	Zhytomyrska	Novohrad-Volynskyi	50.5	27.8333
11784	Лебедівка	Zhytomyrska	Novohrad-Volynskyi	50.4755	27.8823
11785	Тернівка	Zhytomyrska	Novohrad-Volynskyi	50.4762	27.4803
11786	Киянка	Zhytomyrska	Novohrad-Volynskyi	50.4691	27.6141
11787	Кикова	Zhytomyrska	Novohrad-Volynskyi	50.4643	27.7159
11787	Українське	Zhytomyrska	Novohrad-Volynskyi	50.4643	27.7159
11788	Немильня	Zhytomyrska	Novohrad-Volynskyi	50.4494	27.7688
11789	Степове	Zhytomyrska	Novohrad-Volynskyi	50.5776	27.4685
11790	Колодянка	Zhytomyrska	Novohrad-Volynskyi	50.4343	27.4911
11791	Владин	Zhytomyrska	Novohrad-Volynskyi	50.4472	27.9005
11792	Яворівка	Zhytomyrska	Novohrad-Volynskyi	50.4568	27.8611
11793	Кожушки	Zhytomyrska	Novohrad-Volynskyi	50.4551	27.5152
11794	Красилівське	Zhytomyrska	Novohrad-Volynskyi	50.6704	27.3949
11795	Курчицька Гута	Zhytomyrska	Novohrad-Volynskyi	50.7883	27.4715
11796	Кущове	Zhytomyrska	Novohrad-Volynskyi	50.6224	27.6763
11797	Новозелене	Zhytomyrska	Novohrad-Volynskyi	50.6126	27.8851
11798	Липине	Zhytomyrska	Novohrad-Volynskyi	50.9098	27.3961
11799	Тальки	Zhytomyrska	Novohrad-Volynskyi	50.5997	27.6213
12001	Пулини	Zhytomyrska	Pulynskyi	50.373	28.3103
12005	Липівка	Zhytomyrska	Pulynskyi	50.4226	28.2797
12006	Мирне	Zhytomyrska	Pulynskyi	49.8823	28.5442
12007	Молодіжне	Zhytomyrska	Pulynskyi	50.373	28.3103
12008	Нарцизівка	Zhytomyrska	Pulynskyi	50.5833	28.1833
12009	Радецьке Будище	Zhytomyrska	Pulynskyi	50.6036	28.234
12010	Зелена Поляна	Zhytomyrska	Pulynskyi	50.5944	28.1623
12011	Пулино-Гута	Zhytomyrska	Pulynskyi	50.5433	28.1667
12012	Чернявка	Zhytomyrska	Pulynskyi	50.5411	28.2122
12013	Очеретянка	Zhytomyrska	Pulynskyi	50.5091	28.1528
12014	Ясна Поляна	Zhytomyrska	Pulynskyi	50.5091	28.1967
12015	Кошелівка	Zhytomyrska	Pulynskyi	50.5445	28.2827
12016	Сколобів	Zhytomyrska	Pulynskyi	50.512	28.3588
12017	Веснянка	Zhytomyrska	Pulynskyi	50.5667	28.2667
12018	Радецька Болярка	Zhytomyrska	Pulynskyi	50.591	28.2497
12019	Зелена діброва	Zhytomyrska	Pulynskyi	50.5667	28.0667
12020	Теньківка	Zhytomyrska	Pulynskyi	50.5462	28.0997
12021	Соколів	Zhytomyrska	Pulynskyi	50.4934	28.0679
12022	Андріївка	Zhytomyrska	Pulynskyi	50.4921	28.0284
12023	Рудокопи	Zhytomyrska	Pulynskyi	50.5102	28.0394
12024	Улашанівка	Zhytomyrska	Pulynskyi	50.5037	27.9763
12025	Тетірка	Zhytomyrska	Pulynskyi	50.4663	27.9911
12026	Муравня	Zhytomyrska	Pulynskyi	50.4898	27.9458
12027	Стара Рудня	Zhytomyrska	Pulynskyi	50.5442	28.0441
12028	Ужівка	Zhytomyrska	Pulynskyi	50.6105	28.242
12029	Ходорівка	Zhytomyrska	Pulynskyi	50.4566	27.9656
12030	Курне (селище)	Zhytomyrska	Pulynskyi	50.3701	28.5603
12031	Курне (Курненська сільська Рада)	Zhytomyrska	Pulynskyi	50.3701	28.5603
12032	Ясинівка	Zhytomyrska	Pulynskyi	50.3701	28.5603
12034	Березова Гать	Zhytomyrska	Pulynskyi	50.3701	28.5603
12035	Цвітянка	Zhytomyrska	Pulynskyi	50.4663	28.1606
12037	Юльянівка	Zhytomyrska	Pulynskyi	50.3701	28.5603
12038	Видумка	Zhytomyrska	Pulynskyi	50.2291	29.1976
12039	Будище	Zhytomyrska	Pulynskyi	50.4149	28.3228
12040	Івановичі	Zhytomyrska	Pulynskyi	50.4708	28.3605
12041	Мартинівка	Zhytomyrska	Pulynskyi	50.4049	28.2333
12042	Бабичівка	Zhytomyrska	Pulynskyi	50.3896	28.2917
12043	Ялинівка	Zhytomyrska	Pulynskyi	50.3943	28.3602
12044	Стара Олександрівка	Zhytomyrska	Pulynskyi	50.4203	28.3874
12045	Колодіївка	Zhytomyrska	Pulynskyi	50.3805	28.3777
12046	Неборівка	Zhytomyrska	Pulynskyi	50.3744	28.2137
12047	Поплавка	Zhytomyrska	Pulynskyi	50.3935	28.3829
12048	Калиновий гай	Zhytomyrska	Pulynskyi	50.4012	28.1016
12049	Білка	Zhytomyrska	Pulynskyi	50.4166	27.9773
12050	Великий Луг	Zhytomyrska	Pulynskyi	50.4334	28.0324
12051	Старий Майдан	Zhytomyrska	Pulynskyi	50.403	28.0354
12052	Стрибіж	Zhytomyrska	Pulynskyi	50.398	28.1568
12053	Грузливець	Zhytomyrska	Pulynskyi	50.3952	28.0826
12054	Павлівка	Zhytomyrska	Pulynskyi	50.3762	28.0921
12055	Вюнки	Zhytomyrska	Pulynskyi	50.3169	28.1674
12056	Новий Завод	Zhytomyrska	Pulynskyi	50.3123	28.258
12057	Новини	Zhytomyrska	Pulynskyi	50.4626	28.0536
12058	Олізарка	Zhytomyrska	Pulynskyi	50.35	28.1606
12059	Підлісне	Zhytomyrska	Pulynskyi	50.3692	28.1485
12060	Слобідка	Zhytomyrska	Pulynskyi	50.4149	28.1879
12061	Тартачок	Zhytomyrska	Pulynskyi	50.2871	28.2858
12062	Трудове	Zhytomyrska	Pulynskyi	50.297	28.2244
12063	Червоносілка	Zhytomyrska	Pulynskyi	50.4287	27.9926
12064	Чехівці	Zhytomyrska	Pulynskyi	50.3474	28.2471
12065	Шемеретів	Zhytomyrska	Pulynskyi	50.3752	28.2248
12066	Ясногірка	Zhytomyrska	Pulynskyi	50.3623	28.3753
12067	Гута - Юстинівка	Zhytomyrska	Pulynskyi	50.3405	28.3046
12068	Веселе	Zhytomyrska	Pulynskyi	50.45	28.1833
12069	Ягодинка	Zhytomyrska	Pulynskyi	50.449	28.2221
12070	Буряківка	Zhytomyrska	Pulynskyi	50.4466	28.3053
12071	Вязовець	Zhytomyrska	Pulynskyi	50.5065	28.2646
12072	Корчівка	Zhytomyrska	Pulynskyi	50.4328	28.2516
12101	Хорошів	Zhytomyrska	Horoshivskiy	50.6928	28.5486
12105	Кропивенка	Zhytomyrska	Horoshivskiy	50.6695	28.5462
12106	Катеринівка	Zhytomyrska	Horoshivskiy	50.7064	28.4435
12107	Ємилівка	Zhytomyrska	Horoshivskiy	50.6898	28.7322
12108	Закомірня	Zhytomyrska	Horoshivskiy	50.7056	28.4727
12109	Гацьківка	Zhytomyrska	Horoshivskiy	50.6928	28.5486
12110	Іршанськ	Zhytomyrska	Horoshivskiy	50.7509	28.7239
12111	Кропивня	Zhytomyrska	Horoshivskiy	50.726	28.5039
12112	Добринь	Zhytomyrska	Horoshivskiy	50.1503	26.4875
12113	Ягодинка	Zhytomyrska	Horoshivskiy	50.7043	28.5916
12114	Нова Борова	Zhytomyrska	Horoshivskiy	50.693	28.6345
12115	Радичі	Zhytomyrska	Horoshivskiy	50.6809	28.5057
12116	Будо-Рижани	Zhytomyrska	Horoshivskiy	50.676	28.4777
12117	Валки	Zhytomyrska	Horoshivskiy	50.6904	28.5891
12118	Гайки	Zhytomyrska	Horoshivskiy	50.6838	28.427
12119	Грабівка	Zhytomyrska	Horoshivskiy	50.6596	28.4443
12120	Краївщина	Zhytomyrska	Horoshivskiy	50.7399	28.3727
12121	Суховоля	Zhytomyrska	Horoshivskiy	50.6746	28.2999
12122	Рижани	Zhytomyrska	Horoshivskiy	50.6566	28.5006
12123	Жовтнівка	Zhytomyrska	Horoshivskiy	50.645	28.5388
12124	Дашинка	Zhytomyrska	Horoshivskiy	50.6493	28.3959
12125	Зубринка	Zhytomyrska	Horoshivskiy	50.6118	28.3046
12126	Ставки	Zhytomyrska	Horoshivskiy	50.6339	28.2622
12127	Вишняківка	Zhytomyrska	Horoshivskiy	50.6103	28.3626
12128	Волянщина	Zhytomyrska	Horoshivskiy	50.6281	28.4772
12129	Данилівка	Zhytomyrska	Horoshivskiy	50.6428	28.4653
12130	Небіж	Zhytomyrska	Horoshivskiy	50.6343	28.5778
12131	Фасова	Zhytomyrska	Horoshivskiy	50.6217	28.6317
12132	Поромівка	Zhytomyrska	Horoshivskiy	50.5829	28.511
12133	Калинівка	Zhytomyrska	Horoshivskiy	50.5439	28.527
12134	Топорище	Zhytomyrska	Horoshivskiy	50.574	28.6379
12135	Червоногранітне	Zhytomyrska	Horoshivskiy	50.5687	28.5792
12136	Знамянка	Zhytomyrska	Horoshivskiy	50.6033	28.5509
12137	Іванівка	Zhytomyrska	Horoshivskiy	50.7007	28.3367
12138	Ісаківка	Zhytomyrska	Horoshivskiy	50.6582	28.679
12139	Березівка	Zhytomyrska	Horoshivskiy	50.5455	28.4774
12140	Дворище	Zhytomyrska	Horoshivskiy	50.5643	28.4025
12141	Солодирі	Zhytomyrska	Horoshivskiy	50.56	28.3411
12142	Грушки	Zhytomyrska	Horoshivskiy	50.4951	28.4543
12143	Давидівка	Zhytomyrska	Horoshivskiy	50.5275	28.415
12144	Сколобів	Zhytomyrska	Horoshivskiy	50.512	28.3588
12145	Грабняк	Zhytomyrska	Horoshivskiy	50.5125	28.4673
12146	Заздрівка	Zhytomyrska	Horoshivskiy	50.5684	28.3124
12147	Камяний Брід	Zhytomyrska	Horoshivskiy	50.5432	28.4529
12148	Комарівка	Zhytomyrska	Horoshivskiy	50.5478	28.6448
12149	Копанівка	Zhytomyrska	Horoshivskiy	50.6011	28.6798
12150	Копелянка	Zhytomyrska	Horoshivskiy	50.5531	28.5725
12151	Коротище	Zhytomyrska	Horoshivskiy	50.5852	28.5675
12152	Красногірка	Zhytomyrska	Horoshivskiy	50.5783	28.5545
12153	Краснорічка	Zhytomyrska	Horoshivskiy	50.6024	28.5889
12154	Лизник	Zhytomyrska	Horoshivskiy	50.5771	28.5821
12155	Луковець	Zhytomyrska	Horoshivskiy	50.5852	28.5675
12156	Марянівка	Zhytomyrska	Horoshivskiy	50.5852	28.5675
12157	Невирівка	Zhytomyrska	Horoshivskiy	50.6067	28.5012
12159	Олішівка	Zhytomyrska	Horoshivskiy	50.5936	28.6055
12160	Омелівка	Zhytomyrska	Horoshivskiy	50.7323	28.3985
12161	Писарівка	Zhytomyrska	Horoshivskiy	50.6818	28.3725
12162	Полівська Гута	Zhytomyrska	Horoshivskiy	50.5568	28.4611
12163	Зелений Гай	Zhytomyrska	Horoshivskiy	50.9863	29.2582
12164	Рудня Фасова	Zhytomyrska	Horoshivskiy	50.6332	28.6467
12165	Рудня Шляхова	Zhytomyrska	Horoshivskiy	50.632	28.4354
12166	Рудня-Гацьківка	Zhytomyrska	Horoshivskiy	50.7078	28.5559
12167	Старий Бобрик	Zhytomyrska	Horoshivskiy	50.6756	28.601
12168	Стебниця	Zhytomyrska	Horoshivskiy	50.6995	28.5084
12169	Теренці	Zhytomyrska	Horoshivskiy	50.6289	28.3815
12170	Томашівка	Zhytomyrska	Horoshivskiy	50.9349	32.1648
12171	Торчин	Zhytomyrska	Horoshivskiy	50.5112	28.9606
12172	Турчинка	Zhytomyrska	Horoshivskiy	50.7237	28.6648
12173	Хичів	Zhytomyrska	Horoshivskiy	50.652	28.5879
12174	Човнова	Zhytomyrska	Horoshivskiy	50.6291	28.3288
12175	Шадура	Zhytomyrska	Horoshivskiy	50.7025	28.3988
12176	Яблунівка	Zhytomyrska	Horoshivskiy	50.741	28.3003
12177	Ягодинка Друга	Zhytomyrska	Horoshivskiy	50.6854	28.9903
12178	Галинівка	Zhytomyrska	Horoshivskiy	50.5882	28.6623
12179	Губенкове	Zhytomyrska	Horoshivskiy	50.6862	28.8442
12180	Гута-Добринь	Zhytomyrska	Horoshivskiy	50.7088	28.7601
12181	Михайлівка	Zhytomyrska	Horoshivskiy	50.6329	28.2987
12182	Ліски	Zhytomyrska	Horoshivskiy	50.5968	28.3549
12183	Курганці	Zhytomyrska	Horoshivskiy	50.663	28.374
12184	Крук	Zhytomyrska	Horoshivskiy	50.687	28.3275
12201	Радомишль	Zhytomyrska	Radomyshlskyi	50.4961	29.2291
12210	Макалевичі	Zhytomyrska	Radomyshlskyi	50.691	29.5322
12211	Ірша	Zhytomyrska	Radomyshlskyi	50.7232	29.4525
12212	Веприн	Zhytomyrska	Radomyshlskyi	50.6576	29.4404
12213	Біла Криниця	Zhytomyrska	Radomyshlskyi	50.6398	29.4704
12214	Вишевичі	Zhytomyrska	Radomyshlskyi	50.6322	29.4083
12215	Межирічка	Zhytomyrska	Radomyshlskyi	50.5945	29.3678
12216	Кримок	Zhytomyrska	Radomyshlskyi	50.5625	29.406
12217	Нова Юрівка	Zhytomyrska	Radomyshlskyi	50.4333	29.1333
12218	Клен	Zhytomyrska	Radomyshlskyi	50.6726	28.897
12219	Заміри	Zhytomyrska	Radomyshlskyi	50.6981	28.9255
12220	Гута Потіївка	Zhytomyrska	Radomyshlskyi	50.6944	28.8668
12221	Вихля	Zhytomyrska	Radomyshlskyi	50.6609	28.8469
12222	Нова Буда	Zhytomyrska	Radomyshlskyi	50.6662	28.9696
12223	Облітки	Zhytomyrska	Radomyshlskyi	50.6472	29.0501
12224	Дітинець	Zhytomyrska	Radomyshlskyi	50.6311	29.1166
12225	Потіївка	Zhytomyrska	Radomyshlskyi	50.6204	28.9683
12226	Буглаки	Zhytomyrska	Radomyshlskyi	50.6985	29.006
12227	Будилівка	Zhytomyrska	Radomyshlskyi	50.6894	28.98
12228	Вівче	Zhytomyrska	Radomyshlskyi	50.6314	29.0086
12229	Городчин	Zhytomyrska	Radomyshlskyi	50.6246	29.2025
12230	Меньківка	Zhytomyrska	Radomyshlskyi	50.6487	29.1695
12231	Мірча	Zhytomyrska	Radomyshlskyi	50.6463	29.2792
12232	Меделівка	Zhytomyrska	Radomyshlskyi	50.6417	29.326
12233	Котівка	Zhytomyrska	Radomyshlskyi	50.5863	29.1761
12234	Заболоть	Zhytomyrska	Radomyshlskyi	50.5757	29.2254
12235	Краснобірка	Zhytomyrska	Radomyshlskyi	50.5901	29.2915
12236	Красносілка	Zhytomyrska	Radomyshlskyi	50.6089	29.2802
12237	Мирне	Zhytomyrska	Radomyshlskyi	50.643	28.9177
12238	Моделів	Zhytomyrska	Radomyshlskyi	50.5815	28.971
12239	Морогівка	Zhytomyrska	Radomyshlskyi	50.6493	29.1048
12240	Заньки	Zhytomyrska	Radomyshlskyi	50.5311	29.1803
12241	Осички	Zhytomyrska	Radomyshlskyi	50.5713	29.1215
12242	Велика Рача	Zhytomyrska	Radomyshlskyi	50.5578	29.3373
12243	Чудин	Zhytomyrska	Radomyshlskyi	50.5418	29.3524
12244	Мала Рача	Zhytomyrska	Radomyshlskyi	50.5446	29.2841
12245	Лутівка	Zhytomyrska	Radomyshlskyi	50.5184	29.2768
12246	Русанівка	Zhytomyrska	Radomyshlskyi	50.5976	29.1509
12247	Переміжжя	Zhytomyrska	Radomyshlskyi	50.4824	29.0577
12248	Кайтанівка	Zhytomyrska	Radomyshlskyi	50.4891	29.0107
12249	Журавлинка	Zhytomyrska	Radomyshlskyi	50.4774	29.0312
12250	Чайківка	Zhytomyrska	Radomyshlskyi	50.5344	29.0477
12251	Борщів	Zhytomyrska	Radomyshlskyi	50.5147	29.1087
12252	Верлок	Zhytomyrska	Radomyshlskyi	50.4957	29.1683
12253	Пилиповичі	Zhytomyrska	Radomyshlskyi	50.494	29.0319
12254	Кичкирі	Zhytomyrska	Radomyshlskyi	50.4411	29.1841
12255	Ставки	Zhytomyrska	Radomyshlskyi	50.3996	29.2202
12256	Бистриївка	Zhytomyrska	Radomyshlskyi	50.4783	29.1631
12257	Брід	Zhytomyrska	Radomyshlskyi	50.473	29.0967
12258	Глиниця	Zhytomyrska	Radomyshlskyi	50.4428	29.1063
12259	Мар'янівка	Zhytomyrska	Radomyshlskyi	50.4749	29.1252
12260	Раковичі	Zhytomyrska	Radomyshlskyi	50.4423	29.4635
12261	Раївка	Zhytomyrska	Radomyshlskyi	50.4799	29.4458
12262	Забілоччя	Zhytomyrska	Radomyshlskyi	50.4005	29.3764
12263	Гута -Забілоцька	Zhytomyrska	Radomyshlskyi	50.451	29.3485
12264	Кочерів	Zhytomyrska	Radomyshlskyi	50.3588	29.3502
12265	Городок	Zhytomyrska	Radomyshlskyi	49.6014	29.198
12266	Поташня	Zhytomyrska	Radomyshlskyi	50.3837	29.3047
12267	Рудня Городецька	Zhytomyrska	Radomyshlskyi	50.3774	29.2256
12268	Стара Гребля	Zhytomyrska	Radomyshlskyi	50.6425	29.078
12269	Спірне	Zhytomyrska	Radomyshlskyi	50.5004	29.4812
12270	Став-Слобода	Zhytomyrska	Radomyshlskyi	50.4012	29.2708
12271	Таборище	Zhytomyrska	Radomyshlskyi	50.5029	29.4576
12272	Товсте	Zhytomyrska	Radomyshlskyi	50.4777	29.4017
12273	Філонівка	Zhytomyrska	Radomyshlskyi	50.5609	29.1949
12274	Ходори	Zhytomyrska	Radomyshlskyi	50.6327	29.2227
12275	Хомівка	Zhytomyrska	Radomyshlskyi	50.5485	29.4531
12276	Гришківка	Zhytomyrska	Radomyshlskyi	50.5639	29.0624
12277	Дорогунь	Zhytomyrska	Radomyshlskyi	50.6114	29.0934
12278	Дубовик	Zhytomyrska	Radomyshlskyi	50.6089	29.0159
12279	Нeгребівка	Zhytomyrska	Radomyshlskyi	50.4471	29.4008
12280	Нова Марянівка	Zhytomyrska	Radomyshlskyi	50.644	28.8616
12281	Прибуток	Zhytomyrska	Radomyshlskyi	50.6117	29.0692
12282	Стара Буда	Zhytomyrska	Radomyshlskyi	50.6524	28.8957
12283	Теклянівка	Zhytomyrska	Radomyshlskyi	50.5726	29.0362
12284	Березці	Zhytomyrska	Radomyshlskyi	50.5082	29.3103
12285	Білка	Zhytomyrska	Radomyshlskyi	50.5234	29.4613
12286	Глухів Другий	Zhytomyrska	Radomyshlskyi	50.5337	29.2013
12287	Глухів Перший	Zhytomyrska	Radomyshlskyi	50.5372	29.1662
12288	Садки	Zhytomyrska	Radomyshlskyi	50.7092	29.4756
12289	Осів	Zhytomyrska	Radomyshlskyi	50.6242	29.4373
12290	Новосілка	Zhytomyrska	Radomyshlskyi	50.6595	28.9453
12291	Вирва	Zhytomyrska	Radomyshlskyi	50.7095	29.4376
12301	Черняхів	Zhytomyrska	Cherniakhivskyi	50.4565	28.6702
12305	Новосілка	Zhytomyrska	Cherniakhivskyi	50.4657	28.6356
12306	Нераж	Zhytomyrska	Cherniakhivskyi	50.6041	28.8872
12307	Науменка	Zhytomyrska	Cherniakhivskyi	50.5789	28.9068
12308	Малинівка	Zhytomyrska	Cherniakhivskyi	50.5379	28.7546
12310	Сали	Zhytomyrska	Cherniakhivskyi	50.6326	28.754
12311	Жадьки	Zhytomyrska	Cherniakhivskyi	50.6082	28.8041
12312	Селець	Zhytomyrska	Cherniakhivskyi	50.5638	28.821
12313	Браженка	Zhytomyrska	Cherniakhivskyi	50.5741	28.7508
12314	Видибор	Zhytomyrska	Cherniakhivskyi	50.5464	28.8298
12315	Свидя	Zhytomyrska	Cherniakhivskyi	50.5318	28.8538
12316	Горбулів	Zhytomyrska	Cherniakhivskyi	50.5418	28.9315
12317	Ганнопіль	Zhytomyrska	Cherniakhivskyi	50.5638	28.821
12318	Коростелівка	Zhytomyrska	Cherniakhivskyi	50.5631	28.7958
12319	Корчівка	Zhytomyrska	Cherniakhivskyi	50.5122	28.8484
12320	Очеретянка	Zhytomyrska	Cherniakhivskyi	50.5377	28.7061
12321	Андріївка	Zhytomyrska	Cherniakhivskyi	50.5068	28.6803
12322	Стирти	Zhytomyrska	Cherniakhivskyi	50.4998	28.7476
12323	Федорівка	Zhytomyrska	Cherniakhivskyi	50.5274	28.7682
12324	Сліпчиці	Zhytomyrska	Cherniakhivskyi	50.4765	28.8587
12325	Головине	Zhytomyrska	Cherniakhivskyi	50.4712	28.8253
12326	Бежів	Zhytomyrska	Cherniakhivskyi	50.4792	28.7996
12327	Ксаверівка	Zhytomyrska	Cherniakhivskyi	50.4337	28.5083
12328	Крученець	Zhytomyrska	Cherniakhivskyi	50.467	28.5029
12329	Вишневе	Zhytomyrska	Cherniakhivskyi	50.5085	28.5066
12330	Пекарщина	Zhytomyrska	Cherniakhivskyi	50.5195	28.596
12331	Селянщина	Zhytomyrska	Cherniakhivskyi	50.5128	28.5479
12332	Клітище	Zhytomyrska	Cherniakhivskyi	50.442	28.5568
12333	Новопіль	Zhytomyrska	Cherniakhivskyi	50.4431	28.4627
12334	Вільськ	Zhytomyrska	Cherniakhivskyi	50.3808	28.5209
12335	Зороків	Zhytomyrska	Cherniakhivskyi	50.3947	28.6233
12336	Вишпіль	Zhytomyrska	Cherniakhivskyi	50.3706	28.6039
12337	Іванків	Zhytomyrska	Cherniakhivskyi	50.3969	28.5654
12338	Івановичі	Zhytomyrska	Cherniakhivskyi	50.4708	28.3605
12339	Мала Горбаша	Zhytomyrska	Cherniakhivskyi	50.4	28.6651
12340	Дівочки	Zhytomyrska	Cherniakhivskyi	50.4465	28.7526
12341	Високе	Zhytomyrska	Cherniakhivskyi	50.4049	28.8031
12342	Осники	Zhytomyrska	Cherniakhivskyi	50.4446	28.819
12343	Велика Горбаша	Zhytomyrska	Cherniakhivskyi	50.422	28.7007
12344	Забріддя	Zhytomyrska	Cherniakhivskyi	50.3929	28.8516
12345	Троковичі	Zhytomyrska	Cherniakhivskyi	50.3855	28.717
12346	Некраші	Zhytomyrska	Cherniakhivskyi	50.3783	28.7502
12347	Городище	Zhytomyrska	Cherniakhivskyi	50.339	28.8185
12348	Мокренщина	Zhytomyrska	Cherniakhivskyi	50.492	28.5962
12349	Окілок	Zhytomyrska	Cherniakhivskyi	50.4689	28.4305
12350	Перемога	Zhytomyrska	Cherniakhivskyi	50.3911	28.4759
12351	Плехів	Zhytomyrska	Cherniakhivskyi	50.4553	28.5809
12352	Росівка	Zhytomyrska	Cherniakhivskyi	50.6584	28.7959
12353	Рудня	Zhytomyrska	Cherniakhivskyi	50.5534	28.7128
12354	Славів	Zhytomyrska	Cherniakhivskyi	50.4943	28.5355
12355	Щеніїв	Zhytomyrska	Cherniakhivskyi	50.4062	28.8917
12356	Щербини	Zhytomyrska	Cherniakhivskyi	50.3817	28.4466
12357	Ялинівка	Zhytomyrska	Cherniakhivskyi	50.4014	28.4313
12358	Осівка	Zhytomyrska	Cherniakhivskyi	50.6497	28.8
12359	Нові Сали	Zhytomyrska	Cherniakhivskyi	50.6635	28.7689
12360	Нові Жадьки	Zhytomyrska	Cherniakhivskyi	50.4834	28.6888
12401	Вереси	Zhytomyrska	Zhytomyrskyi	50.3373	28.7626
12402	Оліївка	Zhytomyrska	Zhytomyrskyi	50.35	28.6833
12403	Глибочиця	Zhytomyrska	Zhytomyrskyi	50.2799	28.7779
12404	Гадзинка	Zhytomyrska	Zhytomyrskyi	50.3042	28.8258
12405	Левків	Zhytomyrska	Zhytomyrskyi	50.2378	28.8501
12406	Калинівка	Zhytomyrska	Zhytomyrskyi	50.2601	28.7995
12407	Березина	Zhytomyrska	Zhytomyrskyi	50.2833	28.85
12408	Клітчин	Zhytomyrska	Zhytomyrskyi	50.2932	28.7927
12409	Дубовець	Zhytomyrska	Zhytomyrskyi	50.2932	28.7927
12410	Кам'янка	Zhytomyrska	Zhytomyrskyi	50.3071	28.4791
12411	Березівка	Zhytomyrska	Zhytomyrskyi	50.3153	28.4434
12412	Березівка	Zhytomyrska	Zhytomyrskyi	50.3153	28.4434
12413	Василівка	Zhytomyrska	Zhytomyrskyi	50.3127	28.3684
12414	Болярка	Zhytomyrska	Zhytomyrskyi	50.3333	28.3667
12415	Іванівка	Zhytomyrska	Zhytomyrskyi	50.2983	28.5334
12416	Барашівка	Zhytomyrska	Zhytomyrskyi	50.2729	28.5487
12417	Довжик	Zhytomyrska	Zhytomyrskyi	50.3003	28.584
12418	Вигода	Zhytomyrska	Zhytomyrskyi	50.3356	28.5214
12419	Давидівка	Zhytomyrska	Zhytomyrskyi	50.2804	28.5029
12420	Тетерівка	Zhytomyrska	Zhytomyrskyi	50.186	28.374
12421	Корчак	Zhytomyrska	Zhytomyrskyi	50.2119	28.4798
12422	Дениші	Zhytomyrska	Zhytomyrskyi	50.2164	28.4082
12423	Буки	Zhytomyrska	Zhytomyrskyi	50.1959	28.356
12424	Катеринівка	Zhytomyrska	Zhytomyrskyi	50.0006	28.581
12425	Покостівка	Zhytomyrska	Zhytomyrskyi	50.2332	28.2207
12426	Висока Піч	Zhytomyrska	Zhytomyrskyi	50.1969	28.2649
12427	Висока Піч	Zhytomyrska	Zhytomyrskyi	50.1969	28.2649
12428	Михайлівка	Zhytomyrska	Zhytomyrskyi	50.236	28.4163
12429	Ульянівка	Zhytomyrska	Zhytomyrskyi	50.186	28.374
12430	Станишівка	Zhytomyrska	Zhytomyrskyi	50.2198	28.729
12431	Піски	Zhytomyrska	Zhytomyrskyi	50.1872	28.7723
12432	Скоморохи	Zhytomyrska	Zhytomyrskyi	50.1872	28.7344
12433	Лука	Zhytomyrska	Zhytomyrskyi	50.1722	28.8179
12434	Млинище	Zhytomyrska	Zhytomyrskyi	50.1782	28.7986
12435	Туровець	Zhytomyrska	Zhytomyrskyi	50.1784	28.9361
12436	Ліщин	Zhytomyrska	Zhytomyrskyi	50.1526	28.8383
12437	Бистрі	Zhytomyrska	Zhytomyrskyi	50.2189	28.7821
12438	Черемошне	Zhytomyrska	Zhytomyrskyi	50.3558	28.4026
12439	Нова Василівка	Zhytomyrska	Zhytomyrskyi	50.3189	28.3623
12440	Зарічани	Zhytomyrska	Zhytomyrskyi	50.2333	28.65
12441	Новогуйвинське	Zhytomyrska	Zhytomyrskyi	50.2082	28.6928
12442	Гуйва	Zhytomyrska	Zhytomyrskyi	50.2121	28.6578
12443	Озерне	Zhytomyrska	Zhytomyrskyi	50.1782	28.7338
12444	Сінгури	Zhytomyrska	Zhytomyrskyi	50.172	28.6559
12445	Пряжів	Zhytomyrska	Zhytomyrskyi	50.1913	28.6744
12446	Волиця	Zhytomyrska	Zhytomyrskyi	50.0879	29.0878
12447	Двірець	Zhytomyrska	Zhytomyrskyi	50.1985	28.7022
12448	Нова Вигода	Zhytomyrska	Zhytomyrskyi	50.3144	28.8547
12449	Нова Рудня	Zhytomyrska	Zhytomyrskyi	50.1894	28.3127
12450	Вертокиївка	Zhytomyrska	Zhytomyrskyi	50.1188	28.7025
12451	Іванківці	Zhytomyrska	Zhytomyrskyi	50.1299	28.6902
12452	Кодня	Zhytomyrska	Zhytomyrskyi	50.0833	28.7018
12453	Миролюбівка	Zhytomyrska	Zhytomyrskyi	50.0052	29.412
12454	Городище	Zhytomyrska	Zhytomyrskyi	50.339	28.8185
12455	Садки	Zhytomyrska	Zhytomyrskyi	50.7092	29.4756
12456	Павленківка	Zhytomyrska	Zhytomyrskyi	50.38	29.3069
12457	Перлявка	Zhytomyrska	Zhytomyrskyi	50.2162	28.5109
12458	Піщанка	Zhytomyrska	Zhytomyrskyi	50.3625	28.6891
12459	Ріжки	Zhytomyrska	Zhytomyrskyi	51.4558	32.7615
12460	Троянів	Zhytomyrska	Zhytomyrskyi	50.112	28.5341
12461	Глибочок	Zhytomyrska	Zhytomyrskyi	50.2685	29.0197
12462	Рудня-Городище	Zhytomyrska	Zhytomyrskyi	50.0953	28.4654
12463	Озерянка	Zhytomyrska	Zhytomyrskyi	50.0857	28.6018
12464	Головенка	Zhytomyrska	Zhytomyrskyi	50.1563	28.5482
12465	Гай	Zhytomyrska	Zhytomyrskyi	50.1663	28.5339
12466	Залізня	Zhytomyrska	Zhytomyrskyi	50.1483	28.5194
12467	Заможне	Zhytomyrska	Zhytomyrskyi	50.2564	28.2873
12468	Слобода-Селець	Zhytomyrska	Zhytomyrskyi	50.1663	28.5339
12469	Рудня Пошта	Zhytomyrska	Zhytomyrskyi	50.2077	28.2958
12470	Соснівка	Zhytomyrska	Zhytomyrskyi	50.0527	28.4545
12471	Світин	Zhytomyrska	Zhytomyrskyi	50.3085	28.7132
12472	Старошийка	Zhytomyrska	Zhytomyrskyi	50.2162	28.2725
12473	Тарасівка	Zhytomyrska	Zhytomyrskyi	50.1771	28.858
12474	Тригір'я	Zhytomyrska	Zhytomyrskyi	50.1951	28.3792
12475	Вишневе	Zhytomyrska	Zhytomyrskyi	50.142	28.5959
12477	Червоний Степок	Zhytomyrska	Zhytomyrskyi	50.1111	28.7674
12478	Рудківка	Zhytomyrska	Zhytomyrskyi	50.2834	28.3137
12479	Леонівка	Zhytomyrska	Zhytomyrskyi	50.0846	28.8372
12480	Крути	Zhytomyrska	Zhytomyrskyi	50.1374	28.3306
12481	Новоселиця	Zhytomyrska	Zhytomyrskyi	50.3394	28.6282
12482	Кринички	Zhytomyrska	Zhytomyrskyi	50.225	28.9501
12483	Бондарці	Zhytomyrska	Zhytomyrskyi	50.281	28.4765
12484	Сонячне	Zhytomyrska	Zhytomyrskyi	50.3162	28.6426
12485	Ставецьке	Zhytomyrska	Zhytomyrskyi	50.1121	28.6097
12486	Вершина	Zhytomyrska	Zhytomyrskyi	50.1348	28.7936
12487	Мошківка	Zhytomyrska	Zhytomyrskyi	50.1823	28.9761
12488	Лісівщина	Zhytomyrska	Zhytomyrskyi	50.1667	28.9667
12489	Руденька	Zhytomyrska	Zhytomyrskyi	50.3374	28.8495
12490	Мусіївка	Zhytomyrska	Zhytomyrskyi	50.348	28.3777
12491	Роздольне	Zhytomyrska	Zhytomyrskyi	50.0287	28.4635
12492	Грабівка	Zhytomyrska	Zhytomyrskyi	50.1833	29.05
12493	Богданівка	Zhytomyrska	Zhytomyrskyi	50.2808	28.4263
12500	Коростишів	Zhytomyrska	Korostyshivskyi	50.3172	29.0563
12501	Коростишів	Zhytomyrska	Korostyshivskyi	50.3172	29.0563
12502	Коростишів	Zhytomyrska	Korostyshivskyi	50.3172	29.0563
12504	Коростишів	Zhytomyrska	Korostyshivskyi	50.3172	29.0563
12505	Коростишів	Zhytomyrska	Korostyshivskyi	50.3172	29.0563
12510	Торчин	Zhytomyrska	Korostyshivskyi	50.5112	28.9606
12511	Кам'яний Брід	Zhytomyrska	Korostyshivskyi	50.3568	29.0937
12512	Слобідка	Zhytomyrska	Korostyshivskyi	50.4531	28.8978
12513	Садове	Zhytomyrska	Korostyshivskyi	50.44	29.0318
12514	Минійки	Zhytomyrska	Korostyshivskyi	50.4187	29.0271
12515	Старосільці	Zhytomyrska	Korostyshivskyi	50.4075	28.9911
12516	Щигліївка	Zhytomyrska	Korostyshivskyi	50.2194	29.2282
12517	Вишневе	Zhytomyrska	Korostyshivskyi	50.1643	29.2857
12518	Віленька	Zhytomyrska	Korostyshivskyi	50.2307	29.2805
12519	Високий камінь	Zhytomyrska	Korostyshivskyi	50.366	29.1407
12520	Гуменники	Zhytomyrska	Korostyshivskyi	50.3957	28.9369
12521	Більківці	Zhytomyrska	Korostyshivskyi	50.3643	28.9767
12522	Козіївка	Zhytomyrska	Korostyshivskyi	50.3649	29.1161
12523	Городське	Zhytomyrska	Korostyshivskyi	50.3769	29.1678
12524	Студениця	Zhytomyrska	Korostyshivskyi	50.3411	28.8983
12525	Стрижівка	Zhytomyrska	Korostyshivskyi	50.3045	28.9943
12526	Кмитів	Zhytomyrska	Korostyshivskyi	50.3041	28.8844
12527	Великі Кошарища	Zhytomyrska	Korostyshivskyi	50.2816	28.9088
12528	Видумка	Zhytomyrska	Korostyshivskyi	50.2291	29.1976
12529	Антонівка	Zhytomyrska	Korostyshivskyi	50.314	29.3337
12530	Квітневе	Zhytomyrska	Korostyshivskyi	50.3167	29.25
12531	Глибочок	Zhytomyrska	Korostyshivskyi	50.2685	29.0197
12532	Смолівка	Zhytomyrska	Korostyshivskyi	50.2489	28.9983
12533	Кропивня	Zhytomyrska	Korostyshivskyi	50.2465	29.1885
12534	Грубське	Zhytomyrska	Korostyshivskyi	50.1985	29.2578
12535	Шахворостівка	Zhytomyrska	Korostyshivskyi	50.2476	29.1013
12536	Вільня	Zhytomyrska	Korostyshivskyi	50.2672	29.2831
12537	Борок	Zhytomyrska	Korostyshivskyi	50.3078	29.2126
12538	Браженець	Zhytomyrska	Korostyshivskyi	50.3054	29.3047
12539	Вільнянка	Zhytomyrska	Korostyshivskyi	50.2675	29.1796
12540	Голубівка	Zhytomyrska	Korostyshivskyi	50.2639	29.2451
12541	Горіхове	Zhytomyrska	Korostyshivskyi	50.2167	29.15
12542	Городенка	Zhytomyrska	Korostyshivskyi	50.366	28.854
12544	Єлизаветівка	Zhytomyrska	Korostyshivskyi	50.2487	29.1485
12545	Здвижка	Zhytomyrska	Korostyshivskyi	50.2415	29.3321
12546	Красилівка	Zhytomyrska	Korostyshivskyi	50.3363	29.3223
12547	Кулишівка	Zhytomyrska	Korostyshivskyi	50.2454	29.0635
12548	Малі Кошарища	Zhytomyrska	Korostyshivskyi	50.2706	28.8872
12549	Мамрин	Zhytomyrska	Korostyshivskyi	50.3087	29.02
12550	Машина	Zhytomyrska	Korostyshivskyi	50.2341	29.1276
12551	Онишпіль	Zhytomyrska	Korostyshivskyi	50.2135	29.309
12552	Осикове	Zhytomyrska	Korostyshivskyi	50.1896	29.1118
12553	Осиковий копець	Zhytomyrska	Korostyshivskyi	50.2707	29.0995
12554	Продубієвка	Zhytomyrska	Korostyshivskyi	50.2857	29.0876
12555	Радівка	Zhytomyrska	Korostyshivskyi	50.3	29.1937
12556	Розкідайлівка	Zhytomyrska	Korostyshivskyi	50.2423	29.0434
12557	Руденька	Zhytomyrska	Korostyshivskyi	50.3374	28.8495
12558	Рудня	Zhytomyrska	Korostyshivskyi	50.5534	28.7128
12559	Семенівка	Zhytomyrska	Korostyshivskyi	50.2304	29.341
12560	Смиківка	Zhytomyrska	Korostyshivskyi	50.4565	28.9554
12561	Струцівка	Zhytomyrska	Korostyshivskyi	50.384	29.0195
12562	Теснівка	Zhytomyrska	Korostyshivskyi	50.3789	29.0228
12563	Травневе	Zhytomyrska	Korostyshivskyi	50.4333	29.0833
12564	Трикопці	Zhytomyrska	Korostyshivskyi	50.2349	29.0746
12565	Царівка	Zhytomyrska	Korostyshivskyi	50.3609	29.2572
12566	Червоний Гай	Zhytomyrska	Korostyshivskyi	50.4448	28.8558
12567	Червоний Ровець	Zhytomyrska	Korostyshivskyi	50.3791	28.8874
12571	Харитонівка	Zhytomyrska	Korostyshivskyi	50.2841	29.0178
12572	Новогородське	Zhytomyrska	Korostyshivskyi	50.3469	28.9852
12573	Бобрик	Zhytomyrska	Korostyshivskyi	50.3753	29.0737
12574	Колодязьки	Zhytomyrska	Korostyshivskyi	50.3007	28.9073
12575	Козак	Zhytomyrska	Korostyshivskyi	50.3412	28.9684
12576	Кашперівка	Zhytomyrska	Korostyshivskyi	50.4334	28.9586
12601	Брусилів	Zhytomyrska	Brusylivskyi	50.2845	29.5263
12606	Осівці	Zhytomyrska	Brusylivskyi	50.3365	29.4696
12608	Яструбна	Zhytomyrska	Brusylivskyi	50.2962	29.6561
12609	Хомянка	Zhytomyrska	Brusylivskyi	50.3269	29.5813
12610	Ставище	Zhytomyrska	Brusylivskyi	50.4005	29.528
12611	Високе	Zhytomyrska	Brusylivskyi	50.3848	29.5236
12612	Йосипівка	Zhytomyrska	Brusylivskyi	50.388	29.5023
12613	Містечко	Zhytomyrska	Brusylivskyi	50.3411	29.6002
12614	Яструбенька	Zhytomyrska	Brusylivskyi	50.2826	29.641
12615	Лазарівка	Zhytomyrska	Brusylivskyi	50.3133	29.5863
12616	Дібрівка	Zhytomyrska	Brusylivskyi	50.287	29.5917
12617	Ковганівка	Zhytomyrska	Brusylivskyi	50.3564	29.6207
12618	Костівці	Zhytomyrska	Brusylivskyi	50.3285	29.5425
12619	Старицьке	Zhytomyrska	Brusylivskyi	50.3158	29.6198
12620	Нові Озеряни	Zhytomyrska	Brusylivskyi	50.3167	29.4167
12621	Привороття	Zhytomyrska	Brusylivskyi	50.2559	29.3988
12622	Карабачин	Zhytomyrska	Brusylivskyi	50.2767	29.4571
12623	Романівка	Zhytomyrska	Brusylivskyi	50.2447	29.3697
12624	Водотиї	Zhytomyrska	Brusylivskyi	50.2206	29.4306
12625	Покришів	Zhytomyrska	Brusylivskyi	50.2426	29.4075
12626	Болячів	Zhytomyrska	Brusylivskyi	50.2122	29.3681
12627	Пилипонка	Zhytomyrska	Brusylivskyi	50.278	29.3422
12630	Хомутець	Zhytomyrska	Brusylivskyi	50.2471	29.5915
12631	Вільшка	Zhytomyrska	Brusylivskyi	50.2331	29.6513
12632	Краківщина	Zhytomyrska	Brusylivskyi	50.2388	29.5681
12633	Соловіївка	Zhytomyrska	Brusylivskyi	50.195	29.549
12634	Морозівка	Zhytomyrska	Brusylivskyi	50.2345	29.5338
12635	Малинівка	Zhytomyrska	Brusylivskyi	50.5379	28.7546
12639	Долинівка	Zhytomyrska	Brusylivskyi	50.1667	29.45
12640	Соболівка	Zhytomyrska	Brusylivskyi	50.1405	29.4194
12641	Дивин	Zhytomyrska	Brusylivskyi	50.2052	29.609
12642	Озера	Zhytomyrska	Brusylivskyi	50.1565	29.3248
12643	Скочище	Zhytomyrska	Brusylivskyi	50.1083	29.3482
12645	Скочище станція	Zhytomyrska	Brusylivskyi	50.1643	29.3882
12646	Западня	Zhytomyrska	Brusylivskyi	50.1931	29.3272
12647	Мар'янівка	Zhytomyrska	Brusylivskyi	50.1643	29.3882
12648	Биків	Zhytomyrska	Brusylivskyi	50.1824	29.3009
12701	Баранівка	Zhytomyrska	Baranivskyi	50.3	27.6667
12702	Баранівка	Zhytomyrska	Baranivskyi	50.3	27.6667
12710	Мокре	Zhytomyrska	Baranivskyi	50.4318	27.3372
12711	Закриниччя	Zhytomyrska	Baranivskyi	50.4045	27.2829
12712	Хижівка	Zhytomyrska	Baranivskyi	50.4345	27.4232
12713	Стовпи	Zhytomyrska	Baranivskyi	50.4143	27.3898
12714	Смолдирів	Zhytomyrska	Baranivskyi	50.423	27.5992
12715	Смолка	Zhytomyrska	Baranivskyi	50.4089	27.443
12716	Радулин	Zhytomyrska	Baranivskyi	50.4067	27.4668
12717	Суємці	Zhytomyrska	Baranivskyi	50.4079	27.5708
12718	Вересня	Zhytomyrska	Baranivskyi	50.3829	27.3061
12719	Володимирівка	Zhytomyrska	Baranivskyi	50.3748	27.6112
12720	Кам'яний Брід	Zhytomyrska	Baranivskyi	50.3615	27.8477
12721	Дібрівка	Zhytomyrska	Baranivskyi	50.4265	27.88
12722	Рогачів	Zhytomyrska	Baranivskyi	50.4104	27.7224
12723	Острожок	Zhytomyrska	Baranivskyi	50.3977	27.7376
12724	Довбиш	Zhytomyrska	Baranivskyi	50.3733	27.9874
12725	Мар'янівка	Zhytomyrska	Baranivskyi	50.3615	27.8477
12726	Ялишів	Zhytomyrska	Baranivskyi	50.3013	27.8027
12727	Лісове	Zhytomyrska	Baranivskyi	50.2767	27.82
12728	Адамівка	Zhytomyrska	Baranivskyi	50.3783	27.9152
12729	Дорогань	Zhytomyrska	Baranivskyi	50.3275	27.9163
12730	Вірля	Zhytomyrska	Baranivskyi	50.3442	27.7066
12731	Климентіївка	Zhytomyrska	Baranivskyi	50.3629	27.6847
12732	Зеремля	Zhytomyrska	Baranivskyi	50.3623	27.6022
12733	Середня	Zhytomyrska	Baranivskyi	50.3363	27.5583
12734	Берестівка	Zhytomyrska	Baranivskyi	50.3415	27.4785
12735	Мирославль	Zhytomyrska	Baranivskyi	50.3794	27.4771
12736	Дубрівка	Zhytomyrska	Baranivskyi	50.345	27.4153
12737	Йосипівка	Zhytomyrska	Baranivskyi	50.3151	27.5812
12738	Вишнівка	Zhytomyrska	Baranivskyi	50.3617	27.5503
12739	Жовте	Zhytomyrska	Baranivskyi	50.405	27.8227
12740	Жари	Zhytomyrska	Baranivskyi	50.286	27.4617
12741	Кашперівка	Zhytomyrska	Baranivskyi	50.2746	27.5293
12742	Полянка	Zhytomyrska	Baranivskyi	50.2584	27.6881
12743	Марківка	Zhytomyrska	Baranivskyi	50.2366	27.6342
12744	Стара Гута	Zhytomyrska	Baranivskyi	50.2657	27.6454
12745	Глибочок	Zhytomyrska	Baranivskyi	50.214	27.6337
12746	Першотравенськ	Zhytomyrska	Baranivskyi	50.201	27.6362
12747	Будисько	Zhytomyrska	Baranivskyi	50.2357	27.7413
12748	Деревищина	Zhytomyrska	Baranivskyi	50.2873	27.4272
12749	Гриньки	Zhytomyrska	Baranivskyi	49.8573	26.133
12750	Зірка	Zhytomyrska	Baranivskyi	50.3466	27.3471
12751	Зрубок	Zhytomyrska	Baranivskyi	50.3623	27.5164
12752	Зятинець	Zhytomyrska	Baranivskyi	50.3411	27.9176
12753	Красуля	Zhytomyrska	Baranivskyi	50.3677	27.3447
12754	Ожгів	Zhytomyrska	Baranivskyi	50.2998	27.9158
12755	Озерянка	Zhytomyrska	Baranivskyi	50.2948	27.5374
12756	Осичне	Zhytomyrska	Baranivskyi	50.3314	28.0002
12757	Глинянка	Zhytomyrska	Baranivskyi	51.1351	24.1977
12758	Рудня	Zhytomyrska	Baranivskyi	50.75	28.25
12759	Ситисько	Zhytomyrska	Baranivskyi	50.3374	27.5214
12760	Табори	Zhytomyrska	Baranivskyi	50.2766	27.5987
12761	Тартак	Zhytomyrska	Baranivskyi	50.3808	27.832
12762	Турова	Zhytomyrska	Baranivskyi	50.3223	27.9368
12763	Червонодвірка	Zhytomyrska	Baranivskyi	50.421	27.7896
12764	Явне	Zhytomyrska	Baranivskyi	50.3259	27.8199
12765	Млини	Zhytomyrska	Baranivskyi	50.4079	27.7482
12766	Наталія	Zhytomyrska	Baranivskyi	50.3705	28.0194
12767	Любарська гута	Zhytomyrska	Baranivskyi	50.3601	27.9094
12768	Лісова поляна	Zhytomyrska	Baranivskyi	50.3344	28.0313
12769	Іванівка	Zhytomyrska	Baranivskyi	50.4405	27.6265
12771	Забара	Zhytomyrska	Baranivskyi	50.4435	27.295
13001	Романів	Zhytomyrska	Romanivskyi	50.148	27.9312
13006	Корчівка	Zhytomyrska	Romanivskyi	50.1192	27.951
13007	Костянтинівка	Zhytomyrska	Romanivskyi	50.308	28.0983
13008	Межирічка	Zhytomyrska	Romanivskyi	50.2	28.1833
13009	Білки	Zhytomyrska	Romanivskyi	50.3138	28.0133
13010	Прутівка	Zhytomyrska	Romanivskyi	50.3154	28.0407
13011	Новопрутівка	Zhytomyrska	Romanivskyi	50.3122	28.0704
13012	Биківка	Zhytomyrska	Romanivskyi	50.2928	27.9831
13013	Нивна	Zhytomyrska	Romanivskyi	50.2631	27.9057
13014	Червоні Хатки	Zhytomyrska	Romanivskyi	50.2235	28.0161
13015	Старочуднівська Гута	Zhytomyrska	Romanivskyi	50.2101	28.1204
13016	Годиха	Zhytomyrska	Romanivskyi	50.1899	28.2197
13017	Грем'яче	Zhytomyrska	Romanivskyi	50.2362	28.0668
13018	Гвіздярня	Zhytomyrska	Romanivskyi	50.1643	28.0726
13019	Бартуха	Zhytomyrska	Romanivskyi	50.155	28.1728
13020	Ясногород	Zhytomyrska	Romanivskyi	50.166	28.0065
13021	Карвинівка	Zhytomyrska	Romanivskyi	50.1444	28.1948
13022	Станіславівка	Zhytomyrska	Romanivskyi	50.1795	28.1552
13023	Ягодинка	Zhytomyrska	Romanivskyi	50.1167	28.1
13024	Лісна Рудня	Zhytomyrska	Romanivskyi	50.1615	28.1256
13025	Садки	Zhytomyrska	Romanivskyi	50.1426	28.0524
13026	Борятин	Zhytomyrska	Romanivskyi	50.1487	28.1094
13027	Іванівщина	Zhytomyrska	Romanivskyi	50.1603	28.0819
13028	Микільськ	Zhytomyrska	Romanivskyi	50.1546	28.096
13029	Монастирок	Zhytomyrska	Romanivskyi	50.1718	28.0383
13030	Вільха	Zhytomyrska	Romanivskyi	50.2043	27.6871
13031	Олександрівка	Zhytomyrska	Romanivskyi	50.1413	27.804
13031	Мала Козара	Zhytomyrska	Romanivskyi	50.1545	27.7744
13032	Велика Козара	Zhytomyrska	Romanivskyi	50.1377	27.8724
13033	Миропіль	Zhytomyrska	Romanivskyi	50.1503	27.7687
13036	Ольшанка	Zhytomyrska	Romanivskyi	50.2347	27.8254
13037	Дертка	Zhytomyrska	Romanivskyi	50.1028	27.6432
13038	Колодяжне	Zhytomyrska	Romanivskyi	50.0676	27.6978
13039	Омильне	Zhytomyrska	Romanivskyi	50.1591	27.845
13040	Камінь	Zhytomyrska	Romanivskyi	50.1044	27.8437
13041	Булдичів	Zhytomyrska	Romanivskyi	50.1159	27.792
13042	Врублівка	Zhytomyrska	Romanivskyi	50.1037	27.9196
13043	Романівка	Zhytomyrska	Romanivskyi	49.8917	28.532
13044	Разіне	Zhytomyrska	Romanivskyi	50.0941	27.9363
13045	Печанівка	Zhytomyrska	Romanivskyi	50.0727	27.8032
13046	Паволочка	Zhytomyrska	Romanivskyi	50.0643	27.7458
13047	Гордіївка	Zhytomyrska	Romanivskyi	50.0549	27.867
13048	Жовтий брід	Zhytomyrska	Romanivskyi	50.2864	28.1077
13049	Пилипо-Кошара	Zhytomyrska	Romanivskyi	50.1531	27.8161
13050	Мані	Zhytomyrska	Romanivskyi	50.0399	27.9776
13051	Сарнівка	Zhytomyrska	Romanivskyi	50.2741	27.9833
13052	Синява	Zhytomyrska	Romanivskyi	50.1868	28.0195
13053	Соболівка	Zhytomyrska	Romanivskyi	50.2509	28.0933
13054	Сульжинівка	Zhytomyrska	Romanivskyi	50.1943	28.0888
13055	Тевеліївка	Zhytomyrska	Romanivskyi	50.1335	28.0101
13056	Товща	Zhytomyrska	Romanivskyi	50.2561	28.008
13057	Улянівка	Zhytomyrska	Romanivskyi	50.2183	27.7948
13058	Хижинці	Zhytomyrska	Romanivskyi	50.0197	27.9705
13059	Химрич	Zhytomyrska	Romanivskyi	50.0871	27.7994
13060	Цеберка	Zhytomyrska	Romanivskyi	50.213	27.8369
13061	Шевченка	Zhytomyrska	Romanivskyi	50.0986	27.7873
13062	Яблунівка	Zhytomyrska	Romanivskyi	50.2745	27.9273
13063	Новохатки	Zhytomyrska	Romanivskyi	50.2925	28.057
13064	Бубни	Zhytomyrska	Romanivskyi	50.2482	27.778
13065	Вила	Zhytomyrska	Romanivskyi	50.2551	28.1729
13066	Голубин	Zhytomyrska	Romanivskyi	50.2308	27.8927
13067	Залужне	Zhytomyrska	Romanivskyi	50.2388	27.9723
13101	Любар	Zhytomyrska	Lyubarskyi	49.9205	27.7592
13105	Новий Любар	Zhytomyrska	Lyubarskyi	50.0394	28.1279
13106	Юрівка	Zhytomyrska	Lyubarskyi	49.9431	27.7841
13107	Квітневе	Zhytomyrska	Lyubarskyi	50.3167	29.25
13108	Виноградівка	Zhytomyrska	Lyubarskyi	50.0167	27.9333
13109	Великобраталівське	Zhytomyrska	Lyubarskyi	49.9999	27.913
13110	Привітів	Zhytomyrska	Lyubarskyi	50.0431	27.7936
13111	Горопаї	Zhytomyrska	Lyubarskyi	50.0156	27.8341
13112	Меленці	Zhytomyrska	Lyubarskyi	50.0165	27.9023
13113	Великий Браталів	Zhytomyrska	Lyubarskyi	49.9907	27.9522
13114	Липне	Zhytomyrska	Lyubarskyi	49.9798	27.8474
13115	Веселка	Zhytomyrska	Lyubarskyi	49.95	27.9333
13116	Филинці	Zhytomyrska	Lyubarskyi	49.929	27.8948
13117	Кутище	Zhytomyrska	Lyubarskyi	49.9539	27.8463
13118	Перетік	Zhytomyrska	Lyubarskyi	49.9589	27.6797
13119	Дослідне	Zhytomyrska	Lyubarskyi	49.9956	27.6711
13120	Нова Чортория	Zhytomyrska	Lyubarskyi	50.0316	27.701
13121	Коростки	Zhytomyrska	Lyubarskyi	49.9893	27.7573
13122	Стара Чортория	Zhytomyrska	Lyubarskyi	50.0139	27.6961
13123	Борушківці	Zhytomyrska	Lyubarskyi	49.9754	27.6377
13124	Глезне	Zhytomyrska	Lyubarskyi	49.9787	27.7079
13125	Мала Деревичка	Zhytomyrska	Lyubarskyi	49.996	27.7168
13126	Великі Деревичі	Zhytomyrska	Lyubarskyi	49.9664	27.5914
13127	Кириївка	Zhytomyrska	Lyubarskyi	49.8607	27.8772
13128	Михайлівка	Zhytomyrska	Lyubarskyi	49.9617	27.9485
13129	Озерне	Zhytomyrska	Lyubarskyi	49.9354	27.6565
13130	Гізівщина	Zhytomyrska	Lyubarskyi	49.9176	27.6059
13131	Стрижівка	Zhytomyrska	Lyubarskyi	49.922	27.7399
13132	Громада	Zhytomyrska	Lyubarskyi	49.9504	27.7581
13133	Старий Любар	Zhytomyrska	Lyubarskyi	49.9258	27.7167
13134	Іванківці	Zhytomyrska	Lyubarskyi	49.9087	27.7146
13135	Демківці	Zhytomyrska	Lyubarskyi	49.9201	27.6291
13136	Житинці	Zhytomyrska	Lyubarskyi	49.9151	27.5736
13137	Коваленки	Zhytomyrska	Lyubarskyi	49.8976	27.9081
13138	Провалівка	Zhytomyrska	Lyubarskyi	49.8631	27.6644
13139	Северинівка	Zhytomyrska	Lyubarskyi	49.8214	27.8785
13140	Панасівка	Zhytomyrska	Lyubarskyi	49.8984	27.8841
13141	Авратин	Zhytomyrska	Lyubarskyi	49.8799	27.8221
13142	Малий Браталів	Zhytomyrska	Lyubarskyi	49.8608	27.7969
13143	Гринівці	Zhytomyrska	Lyubarskyi	49.8867	27.7453
13144	Пединки	Zhytomyrska	Lyubarskyi	49.8623	27.6952
13145	Вигнанка	Zhytomyrska	Lyubarskyi	49.846	27.6605
13146	Семенівка	Zhytomyrska	Lyubarskyi	49.816	27.7545
13150	Мотовилівка	Zhytomyrska	Lyubarskyi	49.8137	27.8017
13151	Велика Волиця	Zhytomyrska	Lyubarskyi	49.7921	27.8178
13152	Березівка	Zhytomyrska	Lyubarskyi	49.7769	27.8613
13153	Бичева	Zhytomyrska	Lyubarskyi	49.7504	27.7869
13154	Рогізна	Zhytomyrska	Lyubarskyi	49.7783	27.7323
13201	Чуднів	Zhytomyrska	Chudnivskyi	50.052	28.1175
13201	Короченки (0,001464)	Zhytomyrska	Chudnivskyi	50.052	28.1175
13209	Судачівка	Zhytomyrska	Chudnivskyi	50	28.25
13210	Дриглів	Zhytomyrska	Chudnivskyi	50.0636	28.1305
13211	Дубище	Zhytomyrska	Chudnivskyi	50.0761	28.1419
13212	Дідківці	Zhytomyrska	Chudnivskyi	50.0951	28.1321
13213	Будичани	Zhytomyrska	Chudnivskyi	50.0833	28.0667
13214	Стовпів	Zhytomyrska	Chudnivskyi	50.0839	28.0203
13215	Дреники	Zhytomyrska	Chudnivskyi	50.1106	28.015
13216	Кихті	Zhytomyrska	Chudnivskyi	50.0861	28.215
13217	Рижів	Zhytomyrska	Chudnivskyi	50.1	28.2667
13218	Ясопіль	Zhytomyrska	Chudnivskyi	49.8817	28.1098
13219	Городище	Zhytomyrska	Chudnivskyi	50.055	28.2073
13220	Тютюнники	Zhytomyrska	Chudnivskyi	50.0293	28.2337
13221	Малі Коровинці	Zhytomyrska	Chudnivskyi	50.0129	28.263
13222	П'ятка	Zhytomyrska	Chudnivskyi	50.0196	28.3668
13223	Турчинівка	Zhytomyrska	Chudnivskyi	50.0341	28.2648
13224	Вільшанка	Zhytomyrska	Chudnivskyi	50.0179	28.1456
13225	Бабушки	Zhytomyrska	Chudnivskyi	50.0025	28.1792
13226	Дацьки	Zhytomyrska	Chudnivskyi	49.9822	28.2036
13227	Княжин	Zhytomyrska	Chudnivskyi	50.0547	28.2921
13228	Пилипівка	Zhytomyrska	Chudnivskyi	50.0438	28.4071
13229	Довбиші	Zhytomyrska	Chudnivskyi	50.0219	28.2618
13230	Красногірка	Zhytomyrska	Chudnivskyi	50.5783	28.5545
13231	Красноволиця	Zhytomyrska	Chudnivskyi	50.0291	28.0123
13232	Кілки	Zhytomyrska	Chudnivskyi	50.0056	28.0708
13233	Волосівка	Zhytomyrska	Chudnivskyi	49.9945	28.1227
13234	Красносілка	Zhytomyrska	Chudnivskyi	49.9915	28.0029
13235	Карпівці	Zhytomyrska	Chudnivskyi	49.9616	28.1188
13236	Йосипівка	Zhytomyrska	Chudnivskyi	50.0282	28.0392
13237	Шевченка	Zhytomyrska	Chudnivskyi	49.9515	28.0425
13238	Ясногірка	Zhytomyrska	Chudnivskyi	49.9667	28
13240	Великі Коровинці	Zhytomyrska	Chudnivskyi	49.982	28.2953
13241	Мясківка	Zhytomyrska	Chudnivskyi	49.969	28.1974
13242	Подолянці	Zhytomyrska	Chudnivskyi	49.9187	28.1896
13243	Михайленки	Zhytomyrska	Chudnivskyi	49.9864	28.2523
13244	Бейзимівка	Zhytomyrska	Chudnivskyi	49.9654	28.1609
13245	Рачки	Zhytomyrska	Chudnivskyi	49.9644	28.365
13246	Вакуленчук	Zhytomyrska	Chudnivskyi	49.9467	28.2963
13247	Мотрунки	Zhytomyrska	Chudnivskyi	49.8829	27.9454
13248	Радісне	Zhytomyrska	Chudnivskyi	49.7776	28.0901
13249	Поштове	Zhytomyrska	Chudnivskyi	49.7942	28.1035
13250	Мала Волиця	Zhytomyrska	Chudnivskyi	49.8997	28.2012
13251	Галіївка	Zhytomyrska	Chudnivskyi	49.9218	28.1827
13252	Дібрівка	Zhytomyrska	Chudnivskyi	49.8836	28.1577
13253	Іванопіль	Zhytomyrska	Chudnivskyi	49.8625	28.2145
13253	Певна	Zhytomyrska	Chudnivskyi	49.8448	28.1042
13254	Медведиха	Zhytomyrska	Chudnivskyi	49.8899	28.2342
13255	Польова слобідка	Zhytomyrska	Chudnivskyi	49.7966	28.2203
13256	Жеребки	Zhytomyrska	Chudnivskyi	49.8249	28.1649
13257	Степок	Zhytomyrska	Chudnivskyi	49.803	28.1854
13259	Лихосілка	Zhytomyrska	Chudnivskyi	49.8634	28.0272
13260	Троща	Zhytomyrska	Chudnivskyi	49.9084	28.0911
13261	Бурківці	Zhytomyrska	Chudnivskyi	49.8804	28.0458
13262	Молочки	Zhytomyrska	Chudnivskyi	49.8574	27.9878
13263	Стетківці	Zhytomyrska	Chudnivskyi	49.843	27.9274
13264	Краснопіль	Zhytomyrska	Chudnivskyi	49.8357	28.0523
13265	Безпечна	Zhytomyrska	Chudnivskyi	49.0757	30.1259
13266	Носівка	Zhytomyrska	Chudnivskyi	49.8035	27.9598
13267	Суслівка	Zhytomyrska	Chudnivskyi	49.7947	27.9237
13289	Мала Токарівка	Zhytomyrska	Romanivskyi	50.2167	27.6667
13300	Бердичів	Zhytomyrska	Berdychivskyi	49.8993	28.6023
13301	Бердичів	Zhytomyrska	Berdychivskyi	49.8993	28.6023
13302	Бердичів	Zhytomyrska	Berdychivskyi	49.8993	28.6023
13303	Бердичів	Zhytomyrska	Berdychivskyi	49.8993	28.6023
13304	Бердичів	Zhytomyrska	Berdychivskyi	49.8993	28.6023
13306	Бердичів	Zhytomyrska	Berdychivskyi	49.8993	28.6023
13307	Бердичів	Zhytomyrska	Berdychivskyi	49.8993	28.6023
13308	Мирний	Zhytomyrska	Berdychivskyi	49.8993	28.6023
13308	Бердичів	Zhytomyrska	Berdychivskyi	49.8993	28.6023
13312	Бердичів	Zhytomyrska	Berdychivskyi	49.8993	28.6023
13319	Романівка	Zhytomyrska	Berdychivskyi	49.8917	28.532
13320	Старий Солотвин	Zhytomyrska	Berdychivskyi	50.0374	28.6839
13321	Гвіздава	Zhytomyrska	Berdychivskyi	50.0261	28.5738
13321	Рея	Zhytomyrska	Berdychivskyi	50.018	28.6321
13322	Гальчин	Zhytomyrska	Berdychivskyi	49.9808	28.6917
13323	Сьомаки	Zhytomyrska	Berdychivskyi	49.9808	28.6917
13324	Никонівка	Zhytomyrska	Berdychivskyi	49.9989	28.785
13325	Кукільня	Zhytomyrska	Berdychivskyi	49.9745	28.7956
13326	Скаківка	Zhytomyrska	Berdychivskyi	49.9545	28.7206
13327	Хмелище	Zhytomyrska	Berdychivskyi	49.9359	28.7412
13328	Новий Солотвин	Zhytomyrska	Berdychivskyi	50.0322	28.7514
13329	Житинці	Zhytomyrska	Berdychivskyi	49.8494	28.5416
13330	Слободище	Zhytomyrska	Berdychivskyi	50.0208	28.4776
13331	Швайківка	Zhytomyrska	Berdychivskyi	49.996	28.511
13332	Катеринівка	Zhytomyrska	Berdychivskyi	50.0006	28.581
13333	Райки	Zhytomyrska	Berdychivskyi	49.9675	28.4986
13334	Осикове	Zhytomyrska	Berdychivskyi	49.9678	28.6154
13335	Агатівка	Zhytomyrska	Berdychivskyi	49.9859	28.6038
13336	Половецьке	Zhytomyrska	Berdychivskyi	49.964	28.6714
13337	Гришківці	Zhytomyrska	Berdychivskyi	49.9353	28.6038
13338	Хмельове	Zhytomyrska	Berdychivskyi	49.9505	28.657
13339	Берізки	Zhytomyrska	Berdychivskyi	49.9909	28.4502
13340	Малосілка	Zhytomyrska	Berdychivskyi	49.9833	28.4167
13341	Мирославка	Zhytomyrska	Berdychivskyi	49.95	28.45
13342	Демчин	Zhytomyrska	Berdychivskyi	49.9505	28.4011
13343	Скраглівка	Zhytomyrska	Berdychivskyi	49.9406	28.5292
13344	Підгороднє	Zhytomyrska	Berdychivskyi	49.9167	28.5167
13345	Гардишівка	Zhytomyrska	Berdychivskyi	49.9084	28.4342
13346	Кустин	Zhytomyrska	Berdychivskyi	49.9374	28.4748
13347	Журбинці	Zhytomyrska	Berdychivskyi	49.983	28.7165
13348	Сингаївка	Zhytomyrska	Berdychivskyi	49.9411	28.5208
13349	Нова Олександрівка	Zhytomyrska	Berdychivskyi	49.9003	28.7478
13350	Красівка	Zhytomyrska	Berdychivskyi	49.9062	28.835
13351	Дубівка	Zhytomyrska	Berdychivskyi	49.9105	28.7838
13352	Великі Низгірці	Zhytomyrska	Berdychivskyi	49.8913	28.6941
13353	Закутинці	Zhytomyrska	Berdychivskyi	49.8721	28.807
13354	Садки	Zhytomyrska	Berdychivskyi	49.8534	28.7508
13355	Великі Гадомці	Zhytomyrska	Berdychivskyi	49.8176	28.7361
13356	Малі Гадомці	Zhytomyrska	Berdychivskyi	49.8736	28.8338
13358	Костянтинівка	Zhytomyrska	Berdychivskyi	49.8784	28.3185
13359	Богданівка	Zhytomyrska	Berdychivskyi	49.9123	28.3117
13360	Озадівка	Zhytomyrska	Berdychivskyi	49.9	28.3942
13361	Велика П'ятигірка	Zhytomyrska	Berdychivskyi	49.8687	28.4822
13362	Райгородок	Zhytomyrska	Berdychivskyi	49.8266	28.3782
13363	Лемеші	Zhytomyrska	Berdychivskyi	49.8183	28.354
13364	Андріяшівка	Zhytomyrska	Berdychivskyi	49.7991	28.3623
13365	Буряки	Zhytomyrska	Berdychivskyi	49.8178	28.2847
13366	Лісова слобідка	Zhytomyrska	Berdychivskyi	49.8943	28.3267
13367	Любомирка	Zhytomyrska	Berdychivskyi	49.8624	28.4902
13368	Мартинівка	Zhytomyrska	Berdychivskyi	49.8502	28.3675
13369	Лісове	Zhytomyrska	Berdychivskyi	49.8911	29.0971
13370	Бистрик	Zhytomyrska	Berdychivskyi	49.8646	28.5736
13371	Іванківці	Zhytomyrska	Berdychivskyi	49.8467	28.6779
13372	Семенівка	Zhytomyrska	Berdychivskyi	49.8686	28.6573
13373	Маркуші	Zhytomyrska	Berdychivskyi	49.8384	28.511
13374	Хажин	Zhytomyrska	Berdychivskyi	49.8286	28.6274
13375	Терехове	Zhytomyrska	Berdychivskyi	49.8145	28.5828
13376	Кикишівка	Zhytomyrska	Berdychivskyi	49.8239	28.5537
13377	Обухівка	Zhytomyrska	Berdychivskyi	49.8288	28.452
13380	Бенедівка	Zhytomyrska	Berdychivskyi	49.8833	28.4833
13381	Дубова	Zhytomyrska	Berdychivskyi	49.9584	28.6511
13401	Андрушівка	Zhytomyrska	Andrushivskyi	50.0229	29.0202
13402	Андрушівка	Zhytomyrska	Andrushivskyi	50.0229	29.0202
13403	Лісівка	Zhytomyrska	Andrushivskyi	50.0225	29.0582
13404	Тарасівка	Zhytomyrska	Andrushivskyi	50.0525	29.0771
13410	Іванків	Zhytomyrska	Andrushivskyi	50.1396	28.8774
13411	Волосів	Zhytomyrska	Andrushivskyi	50.1199	28.9176
13412	Нова Котельня	Zhytomyrska	Andrushivskyi	50.101	28.9327
13413	Стара Котельня	Zhytomyrska	Andrushivskyi	50.1127	28.9679
13414	Антопіль	Zhytomyrska	Andrushivskyi	50.0716	28.8761
13415	Глинівці	Zhytomyrska	Andrushivskyi	50.048	28.8152
13416	Великі Мошківці	Zhytomyrska	Andrushivskyi	50.0333	28.8333
13417	Старосілля	Zhytomyrska	Andrushivskyi	50.0968	28.954
13418	Града	Zhytomyrska	Andrushivskyi	50.1823	28.9761
13419	Новоївницьке	Zhytomyrska	Andrushivskyi	50.1427	29.0815
13420	Івниця	Zhytomyrska	Andrushivskyi	50.1488	29.0493
13421	Степок	Zhytomyrska	Andrushivskyi	50.1153	29.1129
13422	Борок	Zhytomyrska	Andrushivskyi	50.1576	28.9935
13423	Яроповичі	Zhytomyrska	Andrushivskyi	50.1007	29.2054
13424	Волиця	Zhytomyrska	Andrushivskyi	50.0879	29.0878
13425	Зарубинці	Zhytomyrska	Andrushivskyi	50.0385	29.13
13426	Любимівка	Zhytomyrska	Andrushivskyi	50.0333	29.2333
13427	Корчмище	Zhytomyrska	Andrushivskyi	50.1117	29.1496
13428	Котівка	Zhytomyrska	Andrushivskyi	49.9667	28.9155
13429	Городище	Zhytomyrska	Andrushivskyi	49.978	29.1867
13430	Забара	Zhytomyrska	Andrushivskyi	49.9995	28.9231
13431	Малі Мошківці	Zhytomyrska	Andrushivskyi	49.9762	28.8611
13432	Гальчин	Zhytomyrska	Andrushivskyi	49.9571	28.9207
13433	Нехворощ	Zhytomyrska	Andrushivskyi	49.9663	28.969
13434	Червоне	Zhytomyrska	Andrushivskyi	49.9497	28.8687
13435	Крилівка	Zhytomyrska	Andrushivskyi	49.9484	28.9287
13436	Жерделі	Zhytomyrska	Andrushivskyi	49.9025	28.9734
13440	Міньківці	Zhytomyrska	Andrushivskyi	49.9453	29.16
13441	Мостове	Zhytomyrska	Andrushivskyi	49.9833	29.25
13442	Павелки	Zhytomyrska	Andrushivskyi	49.9505	29.087
13443	Гарапівка	Zhytomyrska	Andrushivskyi	49.9613	29.1105
13444	Бровки-Перші	Zhytomyrska	Andrushivskyi	49.9323	29.1982
13445	Ярешки	Zhytomyrska	Andrushivskyi	49.915	29.1973
13446	Лебединці	Zhytomyrska	Andrushivskyi	49.9292	29.1168
13450	Городківка	Zhytomyrska	Andrushivskyi	49.9094	28.993
13451	Камені	Zhytomyrska	Andrushivskyi	49.8853	28.9429
13452	Бровки Другі	Zhytomyrska	Andrushivskyi	49.9	28.9
13453	Мала П'ятигірка	Zhytomyrska	Andrushivskyi	49.8672	28.9283
13501	Попільня	Zhytomyrska	Popilnianskyi	50.0059	29.4345
13501	Попільня (Попільнянська сільська  Рада)	Zhytomyrska	Popilnianskyi	50.0059	29.4345
13504	Кам'янка	Zhytomyrska	Popilnianskyi	50.0059	29.4345
13505	Пустельники	Zhytomyrska	Popilnianskyi	50.1141	29.2201
13506	Корнинське	Zhytomyrska	Popilnianskyi	50.0059	29.4345
13507	Рудка	Zhytomyrska	Popilnianskyi	50.0901	29.4678
13508	Соколів брід	Zhytomyrska	Popilnianskyi	49.8298	29.4383
13509	Яблунівка	Zhytomyrska	Popilnianskyi	49.9896	29.6116
13510	Турбівка	Zhytomyrska	Popilnianskyi	50.1627	29.5895
13511	Лисівка	Zhytomyrska	Popilnianskyi	50.1505	29.5293
13512	Лучин	Zhytomyrska	Popilnianskyi	50.1376	29.6392
13513	Сущанка	Zhytomyrska	Popilnianskyi	50.1005	29.6336
13514	Корнин	Zhytomyrska	Popilnianskyi	50.0953	29.5358
13515	Корнин	Zhytomyrska	Popilnianskyi	50.0953	29.5358
13516	Піски	Zhytomyrska	Popilnianskyi	49.933	29.561
13517	Білки	Zhytomyrska	Popilnianskyi	50.3138	28.0133
13518	Мохначка	Zhytomyrska	Popilnianskyi	50.062	29.63
13519	Бухалівщина	Zhytomyrska	Popilnianskyi	50.0856	29.3827
13520	Ходорків	Zhytomyrska	Popilnianskyi	50.0954	29.3058
13521	Липки	Zhytomyrska	Popilnianskyi	50.0688	29.4162
13522	Криве	Zhytomyrska	Popilnianskyi	50.0682	29.4654
13523	Котлярка	Zhytomyrska	Popilnianskyi	50.0272	29.3364
13524	Миролюбівка	Zhytomyrska	Popilnianskyi	50.0052	29.412
13525	Сокільча	Zhytomyrska	Popilnianskyi	49.9885	29.3245
13526	Великі Лісівці	Zhytomyrska	Popilnianskyi	50.0307	29.4329
13527	Відродження	Zhytomyrska	Popilnianskyi	50.0614	29.3552
13528	Дехтярка	Zhytomyrska	Popilnianskyi	49.9788	29.6974
13529	Велика Чернявка	Zhytomyrska	Popilnianskyi	49.9833	29.5833
13530	Єрчики	Zhytomyrska	Popilnianskyi	49.9951	29.5841
13531	Романівка	Zhytomyrska	Popilnianskyi	49.9916	29.6318
13532	Квітневе	Zhytomyrska	Popilnianskyi	50.3167	29.25
13533	Ставище	Zhytomyrska	Popilnianskyi	49.9572	29.6799
13534	Почуйки	Zhytomyrska	Popilnianskyi	49.9457	29.6401
13535	Саверці	Zhytomyrska	Popilnianskyi	49.9235	29.5864
13536	Парипси	Zhytomyrska	Popilnianskyi	50.0038	29.5842
13537	Новоселиця	Zhytomyrska	Popilnianskyi	49.8972	29.6235
13538	Кошляки	Zhytomyrska	Popilnianskyi	50.0036	29.6778
13539	Новополоцьке	Zhytomyrska	Popilnianskyi	50.0038	29.5842
13540	Харліївка	Zhytomyrska	Popilnianskyi	49.9384	29.3078
13541	Василівка	Zhytomyrska	Popilnianskyi	49.9223	29.2689
13542	Красногірка	Zhytomyrska	Popilnianskyi	49.9232	29.3757
13543	Андрушки	Zhytomyrska	Popilnianskyi	49.882	29.3435
13544	Макарівка	Zhytomyrska	Popilnianskyi	49.8817	29.2904
13545	Паволоч	Zhytomyrska	Popilnianskyi	49.8655	29.454
13546	Строків	Zhytomyrska	Popilnianskyi	49.8572	29.5876
13547	Голуб'ятин	Zhytomyrska	Popilnianskyi	49.8654	29.532
13548	Маркова Волиця	Zhytomyrska	Popilnianskyi	49.9939	29.3559
13549	Мишерине	Zhytomyrska	Popilnianskyi	50.1531	29.4921
13550	Королівка	Zhytomyrska	Popilnianskyi	50.1268	29.4913
13601	Ружин	Zhytomyrska	Ruzhynskyi	49.7228	29.2045
13605	Заріччя	Zhytomyrska	Ruzhynskyi	50.8735	28.4515
13606	Зоряне	Zhytomyrska	Ruzhynskyi	50.0739	28.9372
13607	Лісове	Zhytomyrska	Ruzhynskyi	49.8911	29.0971
13608	Першотравневе	Zhytomyrska	Ruzhynskyi	49.8082	28.9958
13610	Вчорайше	Zhytomyrska	Ruzhynskyi	49.865	29.1437
13611	Шпичинці	Zhytomyrska	Ruzhynskyi	49.8535	29.2034
13612	Бистріївка	Zhytomyrska	Ruzhynskyi	49.8394	29.2677
13613	Верхівня	Zhytomyrska	Ruzhynskyi	49.8084	29.3058
13614	Мусіївка	Zhytomyrska	Ruzhynskyi	49.8339	29.351
13615	Вербівка	Zhytomyrska	Ruzhynskyi	49.778	29.437
13616	Трубіївка	Zhytomyrska	Ruzhynskyi	49.7967	29.3839
13618	Звиняче	Zhytomyrska	Ruzhynskyi	49.8414	28.9836
13620	Чорнорудка	Zhytomyrska	Ruzhynskyi	49.8464	29.0606
13621	Нова Чорнорудка	Zhytomyrska	Ruzhynskyi	49.7598	29.1168
13622	Мала Чернявка	Zhytomyrska	Ruzhynskyi	49.8025	29.0375
13623	Крилівка	Zhytomyrska	Ruzhynskyi	49.7935	29.2075
13624	Ярославка	Zhytomyrska	Ruzhynskyi	49.7978	29.1624
13625	Роставиця	Zhytomyrska	Ruzhynskyi	49.7641	29.1252
13626	Малі Низгірці	Zhytomyrska	Ruzhynskyi	49.7936	29.1069
13628	Сахни	Zhytomyrska	Ruzhynskyi	49.6065	29.1265
13629	Черемуха	Zhytomyrska	Ruzhynskyi	49.6736	29.1078
13630	Карабчиїв	Zhytomyrska	Ruzhynskyi	49.7748	29.3394
13631	Ягнятин	Zhytomyrska	Ruzhynskyi	49.7604	29.3015
13632	Плоска	Zhytomyrska	Ruzhynskyi	49.7372	29.2918
13633	Вишневе	Zhytomyrska	Ruzhynskyi	49.7606	28.9897
13634	Вільнопілля	Zhytomyrska	Ruzhynskyi	49.75	29.0436
13635	Бистрик	Zhytomyrska	Ruzhynskyi	49.731	29.1548
13636	Прибережне	Zhytomyrska	Ruzhynskyi	49.7023	29.1714
13637	Кордонівка	Zhytomyrska	Ruzhynskyi	49.6621	29.097
13638	Йосипівка	Zhytomyrska	Ruzhynskyi	49.7186	29.0072
13639	Зелене	Zhytomyrska	Ruzhynskyi	49.733	29.1551
13640	Дерганівка	Zhytomyrska	Ruzhynskyi	49.6905	29.0619
13641	Мар'янівка	Zhytomyrska	Ruzhynskyi	49.5347	29.0736
13642	Білилівка	Zhytomyrska	Ruzhynskyi	49.6863	29.0306
13643	Немиринці	Zhytomyrska	Ruzhynskyi	49.6223	29.0589
13644	Княжики	Zhytomyrska	Ruzhynskyi	49.5347	29.0736
13645	Голубівка	Zhytomyrska	Ruzhynskyi	49.681	29.1606
13646	Зарудинці	Zhytomyrska	Ruzhynskyi	48.9267	28.9313
13647	Огіївка	Zhytomyrska	Ruzhynskyi	49.5347	29.0736
13648	Городок	Zhytomyrska	Ruzhynskyi	49.6014	29.198
13649	Городоцьке	Zhytomyrska	Ruzhynskyi	49.5347	29.0736
13650	Мовчанівка	Zhytomyrska	Ruzhynskyi	49.7132	29.353
13651	Березянка	Zhytomyrska	Ruzhynskyi	49.6906	29.4523
13652	Топори	Zhytomyrska	Ruzhynskyi	49.6519	29.3174
13653	Рогачі	Zhytomyrska	Ruzhynskyi	49.6441	29.3608
13654	Мовчанівське	Zhytomyrska	Ruzhynskyi	49.6877	29.3716
13655	Причепівка	Zhytomyrska	Ruzhynskyi	49.674	29.4591
13656	Чехова	Zhytomyrska	Ruzhynskyi	49.6686	29.3993
13657	Котелянка	Zhytomyrska	Ruzhynskyi	49.6651	29.0552
